  0.1052966E+01  0.3572303E-01  0.5000000E+01  0.5000000E+01  0.1000000E+01  0.3000000E-01
  0.1052994E+01  0.3574584E-01  0.4995000E+01  0.5000000E+01  0.1000000E+01  0.3000000E-01
  0.1053022E+01  0.3576866E-01  0.4990000E+01  0.5000000E+01  0.1000000E+01  0.3000000E-01
  0.1053050E+01  0.3579150E-01  0.4985000E+01  0.5000000E+01  0.1000000E+01  0.3000000E-01
  0.1053078E+01  0.3581435E-01  0.4980000E+01  0.5000000E+01  0.1000000E+01  0.3000000E-01
  0.1053106E+01  0.3583722E-01  0.4975000E+01  0.5000000E+01  0.1000000E+01  0.3000000E-01
  0.1053134E+01  0.3586011E-01  0.4970000E+01  0.5000000E+01  0.1000000E+01  0.3000000E-01
  0.1053162E+01  0.3588302E-01  0.4965000E+01  0.5000000E+01  0.1000000E+01  0.3000000E-01
  0.1053190E+01  0.3590594E-01  0.4960000E+01  0.5000000E+01  0.1000000E+01  0.3000000E-01
  0.1053219E+01  0.3592887E-01  0.4955000E+01  0.5000000E+01  0.1000000E+01  0.3000000E-01
  0.1053247E+01  0.3595182E-01  0.4950000E+01  0.5000000E+01  0.1000000E+01  0.3000000E-01
  0.1053276E+01  0.3597479E-01  0.4945000E+01  0.5000000E+01  0.1000000E+01  0.3000000E-01
  0.1053304E+01  0.3599777E-01  0.4940000E+01  0.5000000E+01  0.1000000E+01  0.3000000E-01
  0.1053333E+01  0.3602077E-01  0.4935000E+01  0.5000000E+01  0.1000000E+01  0.3000000E-01
  0.1053361E+01  0.3604379E-01  0.4930000E+01  0.5000000E+01  0.1000000E+01  0.3000000E-01
  0.1053390E+01  0.3606682E-01  0.4925000E+01  0.5000000E+01  0.1000000E+01  0.3000000E-01
  0.1053419E+01  0.3608987E-01  0.4920000E+01  0.5000000E+01  0.1000000E+01  0.3000000E-01
  0.1053448E+01  0.3611293E-01  0.4915000E+01  0.5000000E+01  0.1000000E+01  0.3000000E-01
  0.1053477E+01  0.3613601E-01  0.4910000E+01  0.5000000E+01  0.1000000E+01  0.3000000E-01
  0.1053506E+01  0.3615910E-01  0.4905000E+01  0.5000000E+01  0.1000000E+01  0.3000000E-01
  0.1053535E+01  0.3618221E-01  0.4900000E+01  0.5000000E+01  0.1000000E+01  0.3000000E-01
  0.1053564E+01  0.3620534E-01  0.4895000E+01  0.5000000E+01  0.1000000E+01  0.3000000E-01
  0.1053593E+01  0.3622848E-01  0.4890000E+01  0.5000000E+01  0.1000000E+01  0.3000000E-01
  0.1053623E+01  0.3625164E-01  0.4885000E+01  0.5000000E+01  0.1000000E+01  0.3000000E-01
  0.1053652E+01  0.3627481E-01  0.4880000E+01  0.5000000E+01  0.1000000E+01  0.3000000E-01
  0.1053681E+01  0.3629800E-01  0.4875000E+01  0.5000000E+01  0.1000000E+01  0.3000000E-01
  0.1053711E+01  0.3632120E-01  0.4870000E+01  0.5000000E+01  0.1000000E+01  0.3000000E-01
  0.1053740E+01  0.3634442E-01  0.4865000E+01  0.5000000E+01  0.1000000E+01  0.3000000E-01
  0.1053770E+01  0.3636765E-01  0.4860000E+01  0.5000000E+01  0.1000000E+01  0.3000000E-01
  0.1053800E+01  0.3639090E-01  0.4855000E+01  0.5000000E+01  0.1000000E+01  0.3000000E-01
  0.1053829E+01  0.3641416E-01  0.4850000E+01  0.5000000E+01  0.1000000E+01  0.3000000E-01
  0.1053859E+01  0.3643744E-01  0.4845000E+01  0.5000000E+01  0.1000000E+01  0.3000000E-01
  0.1053889E+01  0.3646074E-01  0.4840000E+01  0.5000000E+01  0.1000000E+01  0.3000000E-01
  0.1053919E+01  0.3648405E-01  0.4835000E+01  0.5000000E+01  0.1000000E+01  0.3000000E-01
  0.1053949E+01  0.3650737E-01  0.4830000E+01  0.5000000E+01  0.1000000E+01  0.3000000E-01
  0.1053979E+01  0.3653071E-01  0.4825000E+01  0.5000000E+01  0.1000000E+01  0.3000000E-01
  0.1054009E+01  0.3655406E-01  0.4820000E+01  0.5000000E+01  0.1000000E+01  0.3000000E-01
  0.1054040E+01  0.3657743E-01  0.4815000E+01  0.5000000E+01  0.1000000E+01  0.3000000E-01
  0.1054070E+01  0.3660082E-01  0.4810000E+01  0.5000000E+01  0.1000000E+01  0.3000000E-01
  0.1054100E+01  0.3662421E-01  0.4805000E+01  0.5000000E+01  0.1000000E+01  0.3000000E-01
  0.1054131E+01  0.3664763E-01  0.4800000E+01  0.5000000E+01  0.1000000E+01  0.3000000E-01
  0.1054161E+01  0.3667106E-01  0.4795000E+01  0.5000000E+01  0.1000000E+01  0.3000000E-01
  0.1054192E+01  0.3669450E-01  0.4790000E+01  0.5000000E+01  0.1000000E+01  0.3000000E-01
  0.1054223E+01  0.3671796E-01  0.4785000E+01  0.5000000E+01  0.1000000E+01  0.3000000E-01
  0.1054253E+01  0.3674143E-01  0.4780000E+01  0.5000000E+01  0.1000000E+01  0.3000000E-01
  0.1054284E+01  0.3676491E-01  0.4775000E+01  0.5000000E+01  0.1000000E+01  0.3000000E-01
  0.1054315E+01  0.3678841E-01  0.4770000E+01  0.5000000E+01  0.1000000E+01  0.3000000E-01
  0.1054346E+01  0.3681193E-01  0.4765000E+01  0.5000000E+01  0.1000000E+01  0.3000000E-01
  0.1054377E+01  0.3683546E-01  0.4760000E+01  0.5000000E+01  0.1000000E+01  0.3000000E-01
  0.1054408E+01  0.3685900E-01  0.4755000E+01  0.5000000E+01  0.1000000E+01  0.3000000E-01
  0.1054439E+01  0.3688256E-01  0.4750000E+01  0.5000000E+01  0.1000000E+01  0.3000000E-01
  0.1054470E+01  0.3690613E-01  0.4745000E+01  0.5000000E+01  0.1000000E+01  0.3000000E-01
  0.1054502E+01  0.3692972E-01  0.4740000E+01  0.5000000E+01  0.1000000E+01  0.3000000E-01
  0.1054533E+01  0.3695332E-01  0.4735000E+01  0.5000000E+01  0.1000000E+01  0.3000000E-01
  0.1054565E+01  0.3697693E-01  0.4730000E+01  0.5000000E+01  0.1000000E+01  0.3000000E-01
  0.1054596E+01  0.3700056E-01  0.4725000E+01  0.5000000E+01  0.1000000E+01  0.3000000E-01
  0.1054628E+01  0.3702420E-01  0.4720000E+01  0.5000000E+01  0.1000000E+01  0.3000000E-01
  0.1054659E+01  0.3704786E-01  0.4715000E+01  0.5000000E+01  0.1000000E+01  0.3000000E-01
  0.1054691E+01  0.3707153E-01  0.4710000E+01  0.5000000E+01  0.1000000E+01  0.3000000E-01
  0.1054723E+01  0.3709521E-01  0.4705000E+01  0.5000000E+01  0.1000000E+01  0.3000000E-01
  0.1054755E+01  0.3711891E-01  0.4700000E+01  0.5000000E+01  0.1000000E+01  0.3000000E-01
  0.1054787E+01  0.3714262E-01  0.4695000E+01  0.5000000E+01  0.1000000E+01  0.3000000E-01
  0.1054819E+01  0.3716634E-01  0.4690000E+01  0.5000000E+01  0.1000000E+01  0.3000000E-01
  0.1054851E+01  0.3719008E-01  0.4685000E+01  0.5000000E+01  0.1000000E+01  0.3000000E-01
  0.1054883E+01  0.3721383E-01  0.4680000E+01  0.5000000E+01  0.1000000E+01  0.3000000E-01
  0.1054916E+01  0.3723759E-01  0.4675000E+01  0.5000000E+01  0.1000000E+01  0.3000000E-01
  0.1054948E+01  0.3726137E-01  0.4670000E+01  0.5000000E+01  0.1000000E+01  0.3000000E-01
  0.1054980E+01  0.3728516E-01  0.4665000E+01  0.5000000E+01  0.1000000E+01  0.3000000E-01
  0.1055013E+01  0.3730896E-01  0.4660000E+01  0.5000000E+01  0.1000000E+01  0.3000000E-01
  0.1055045E+01  0.3733278E-01  0.4655000E+01  0.5000000E+01  0.1000000E+01  0.3000000E-01
  0.1055078E+01  0.3735661E-01  0.4650000E+01  0.5000000E+01  0.1000000E+01  0.3000000E-01
  0.1055111E+01  0.3738045E-01  0.4645000E+01  0.5000000E+01  0.1000000E+01  0.3000000E-01
  0.1055144E+01  0.3740431E-01  0.4640000E+01  0.5000000E+01  0.1000000E+01  0.3000000E-01
  0.1055177E+01  0.3742818E-01  0.4635000E+01  0.5000000E+01  0.1000000E+01  0.3000000E-01
  0.1055209E+01  0.3745206E-01  0.4630000E+01  0.5000000E+01  0.1000000E+01  0.3000000E-01
  0.1055243E+01  0.3747595E-01  0.4625000E+01  0.5000000E+01  0.1000000E+01  0.3000000E-01
  0.1055276E+01  0.3749986E-01  0.4620000E+01  0.5000000E+01  0.1000000E+01  0.3000000E-01
  0.1055309E+01  0.3752378E-01  0.4615000E+01  0.5000000E+01  0.1000000E+01  0.3000000E-01
  0.1055342E+01  0.3754771E-01  0.4610000E+01  0.5000000E+01  0.1000000E+01  0.3000000E-01
  0.1055376E+01  0.3757165E-01  0.4605000E+01  0.5000000E+01  0.1000000E+01  0.3000000E-01
  0.1055409E+01  0.3759561E-01  0.4600000E+01  0.5000000E+01  0.1000000E+01  0.3000000E-01
  0.1055442E+01  0.3761958E-01  0.4595000E+01  0.5000000E+01  0.1000000E+01  0.3000000E-01
  0.1055476E+01  0.3764356E-01  0.4590000E+01  0.5000000E+01  0.1000000E+01  0.3000000E-01
  0.1055510E+01  0.3766755E-01  0.4585000E+01  0.5000000E+01  0.1000000E+01  0.3000000E-01
  0.1055543E+01  0.3769155E-01  0.4580000E+01  0.5000000E+01  0.1000000E+01  0.3000000E-01
  0.1055577E+01  0.3771557E-01  0.4575000E+01  0.5000000E+01  0.1000000E+01  0.3000000E-01
  0.1055611E+01  0.3773960E-01  0.4570000E+01  0.5000000E+01  0.1000000E+01  0.3000000E-01
  0.1055645E+01  0.3776364E-01  0.4565000E+01  0.5000000E+01  0.1000000E+01  0.3000000E-01
  0.1055679E+01  0.3778769E-01  0.4560000E+01  0.5000000E+01  0.1000000E+01  0.3000000E-01
  0.1055713E+01  0.3781175E-01  0.4555000E+01  0.5000000E+01  0.1000000E+01  0.3000000E-01
  0.1055748E+01  0.3783583E-01  0.4550000E+01  0.5000000E+01  0.1000000E+01  0.3000000E-01
  0.1055782E+01  0.3785991E-01  0.4545000E+01  0.5000000E+01  0.1000000E+01  0.3000000E-01
  0.1055816E+01  0.3788401E-01  0.4540000E+01  0.5000000E+01  0.1000000E+01  0.3000000E-01
  0.1055851E+01  0.3790812E-01  0.4535000E+01  0.5000000E+01  0.1000000E+01  0.3000000E-01
  0.1055886E+01  0.3793224E-01  0.4530000E+01  0.5000000E+01  0.1000000E+01  0.3000000E-01
  0.1055920E+01  0.3795637E-01  0.4525000E+01  0.5000000E+01  0.1000000E+01  0.3000000E-01
  0.1055955E+01  0.3798051E-01  0.4520000E+01  0.5000000E+01  0.1000000E+01  0.3000000E-01
  0.1055990E+01  0.3800467E-01  0.4515000E+01  0.5000000E+01  0.1000000E+01  0.3000000E-01
  0.1056025E+01  0.3802883E-01  0.4510000E+01  0.5000000E+01  0.1000000E+01  0.3000000E-01
  0.1056060E+01  0.3805301E-01  0.4505000E+01  0.5000000E+01  0.1000000E+01  0.3000000E-01
  0.1056095E+01  0.3807719E-01  0.4500000E+01  0.5000000E+01  0.1000000E+01  0.3000000E-01
  0.1056130E+01  0.3810139E-01  0.4495000E+01  0.5000000E+01  0.1000000E+01  0.3000000E-01
  0.1056165E+01  0.3812560E-01  0.4490000E+01  0.5000000E+01  0.1000000E+01  0.3000000E-01
  0.1056200E+01  0.3814981E-01  0.4485000E+01  0.5000000E+01  0.1000000E+01  0.3000000E-01
  0.1056236E+01  0.3817404E-01  0.4480000E+01  0.5000000E+01  0.1000000E+01  0.3000000E-01
  0.1056271E+01  0.3819828E-01  0.4475000E+01  0.5000000E+01  0.1000000E+01  0.3000000E-01
  0.1056307E+01  0.3822253E-01  0.4470000E+01  0.5000000E+01  0.1000000E+01  0.3000000E-01
  0.1056342E+01  0.3824678E-01  0.4465000E+01  0.5000000E+01  0.1000000E+01  0.3000000E-01
  0.1056378E+01  0.3827105E-01  0.4460000E+01  0.5000000E+01  0.1000000E+01  0.3000000E-01
  0.1056414E+01  0.3829533E-01  0.4455000E+01  0.5000000E+01  0.1000000E+01  0.3000000E-01
  0.1056450E+01  0.3831962E-01  0.4450000E+01  0.5000000E+01  0.1000000E+01  0.3000000E-01
  0.1056486E+01  0.3834392E-01  0.4445000E+01  0.5000000E+01  0.1000000E+01  0.3000000E-01
  0.1056522E+01  0.3836822E-01  0.4440000E+01  0.5000000E+01  0.1000000E+01  0.3000000E-01
  0.1056558E+01  0.3839254E-01  0.4435000E+01  0.5000000E+01  0.1000000E+01  0.3000000E-01
  0.1056594E+01  0.3841687E-01  0.4430000E+01  0.5000000E+01  0.1000000E+01  0.3000000E-01
  0.1056631E+01  0.3844120E-01  0.4425000E+01  0.5000000E+01  0.1000000E+01  0.3000000E-01
  0.1056667E+01  0.3846555E-01  0.4420000E+01  0.5000000E+01  0.1000000E+01  0.3000000E-01
  0.1056704E+01  0.3848990E-01  0.4415000E+01  0.5000000E+01  0.1000000E+01  0.3000000E-01
  0.1056740E+01  0.3851427E-01  0.4410000E+01  0.5000000E+01  0.1000000E+01  0.3000000E-01
  0.1056777E+01  0.3853864E-01  0.4405000E+01  0.5000000E+01  0.1000000E+01  0.3000000E-01
  0.1056814E+01  0.3856302E-01  0.4400000E+01  0.5000000E+01  0.1000000E+01  0.3000000E-01
  0.1056851E+01  0.3858741E-01  0.4395000E+01  0.5000000E+01  0.1000000E+01  0.3000000E-01
  0.1056888E+01  0.3861181E-01  0.4390000E+01  0.5000000E+01  0.1000000E+01  0.3000000E-01
  0.1056925E+01  0.3863621E-01  0.4385000E+01  0.5000000E+01  0.1000000E+01  0.3000000E-01
  0.1056962E+01  0.3866063E-01  0.4380000E+01  0.5000000E+01  0.1000000E+01  0.3000000E-01
  0.1056999E+01  0.3868505E-01  0.4375000E+01  0.5000000E+01  0.1000000E+01  0.3000000E-01
  0.1057036E+01  0.3870948E-01  0.4370000E+01  0.5000000E+01  0.1000000E+01  0.3000000E-01
  0.1057074E+01  0.3873392E-01  0.4365000E+01  0.5000000E+01  0.1000000E+01  0.3000000E-01
  0.1057111E+01  0.3875837E-01  0.4360000E+01  0.5000000E+01  0.1000000E+01  0.3000000E-01
  0.1057149E+01  0.3878283E-01  0.4355000E+01  0.5000000E+01  0.1000000E+01  0.3000000E-01
  0.1057187E+01  0.3880729E-01  0.4350000E+01  0.5000000E+01  0.1000000E+01  0.3000000E-01
  0.1057224E+01  0.3883176E-01  0.4345000E+01  0.5000000E+01  0.1000000E+01  0.3000000E-01
  0.1057262E+01  0.3885624E-01  0.4340000E+01  0.5000000E+01  0.1000000E+01  0.3000000E-01
  0.1057300E+01  0.3888073E-01  0.4335000E+01  0.5000000E+01  0.1000000E+01  0.3000000E-01
  0.1057338E+01  0.3890522E-01  0.4330000E+01  0.5000000E+01  0.1000000E+01  0.3000000E-01
  0.1057376E+01  0.3892972E-01  0.4325000E+01  0.5000000E+01  0.1000000E+01  0.3000000E-01
  0.1057415E+01  0.3895423E-01  0.4320000E+01  0.5000000E+01  0.1000000E+01  0.3000000E-01
  0.1057453E+01  0.3897874E-01  0.4315000E+01  0.5000000E+01  0.1000000E+01  0.3000000E-01
  0.1057491E+01  0.3900327E-01  0.4310000E+01  0.5000000E+01  0.1000000E+01  0.3000000E-01
  0.1057530E+01  0.3902779E-01  0.4305000E+01  0.5000000E+01  0.1000000E+01  0.3000000E-01
  0.1057568E+01  0.3905233E-01  0.4300000E+01  0.5000000E+01  0.1000000E+01  0.3000000E-01
  0.1057607E+01  0.3907687E-01  0.4295000E+01  0.5000000E+01  0.1000000E+01  0.3000000E-01
  0.1057646E+01  0.3910142E-01  0.4290000E+01  0.5000000E+01  0.1000000E+01  0.3000000E-01
  0.1057685E+01  0.3912597E-01  0.4285000E+01  0.5000000E+01  0.1000000E+01  0.3000000E-01
  0.1057724E+01  0.3915053E-01  0.4280000E+01  0.5000000E+01  0.1000000E+01  0.3000000E-01
  0.1057763E+01  0.3917510E-01  0.4275000E+01  0.5000000E+01  0.1000000E+01  0.3000000E-01
  0.1057802E+01  0.3919967E-01  0.4270000E+01  0.5000000E+01  0.1000000E+01  0.3000000E-01
  0.1057841E+01  0.3922425E-01  0.4265000E+01  0.5000000E+01  0.1000000E+01  0.3000000E-01
  0.1057881E+01  0.3924883E-01  0.4260000E+01  0.5000000E+01  0.1000000E+01  0.3000000E-01
  0.1057920E+01  0.3927342E-01  0.4255000E+01  0.5000000E+01  0.1000000E+01  0.3000000E-01
  0.1057960E+01  0.3929801E-01  0.4250000E+01  0.5000000E+01  0.1000000E+01  0.3000000E-01
  0.1057999E+01  0.3932261E-01  0.4245000E+01  0.5000000E+01  0.1000000E+01  0.3000000E-01
  0.1058039E+01  0.3934722E-01  0.4240000E+01  0.5000000E+01  0.1000000E+01  0.3000000E-01
  0.1058079E+01  0.3937183E-01  0.4235000E+01  0.5000000E+01  0.1000000E+01  0.3000000E-01
  0.1058119E+01  0.3939644E-01  0.4230000E+01  0.5000000E+01  0.1000000E+01  0.3000000E-01
  0.1058159E+01  0.3942106E-01  0.4225000E+01  0.5000000E+01  0.1000000E+01  0.3000000E-01
  0.1058199E+01  0.3944569E-01  0.4220000E+01  0.5000000E+01  0.1000000E+01  0.3000000E-01
  0.1058239E+01  0.3947031E-01  0.4215000E+01  0.5000000E+01  0.1000000E+01  0.3000000E-01
  0.1058280E+01  0.3949495E-01  0.4210000E+01  0.5000000E+01  0.1000000E+01  0.3000000E-01
  0.1058320E+01  0.3951958E-01  0.4205000E+01  0.5000000E+01  0.1000000E+01  0.3000000E-01
  0.1058361E+01  0.3954422E-01  0.4200000E+01  0.5000000E+01  0.1000000E+01  0.3000000E-01
  0.1058401E+01  0.3956887E-01  0.4195000E+01  0.5000000E+01  0.1000000E+01  0.3000000E-01
  0.1058442E+01  0.3959352E-01  0.4190000E+01  0.5000000E+01  0.1000000E+01  0.3000000E-01
  0.1058483E+01  0.3961817E-01  0.4185000E+01  0.5000000E+01  0.1000000E+01  0.3000000E-01
  0.1058524E+01  0.3964282E-01  0.4180000E+01  0.5000000E+01  0.1000000E+01  0.3000000E-01
  0.1058565E+01  0.3966748E-01  0.4175000E+01  0.5000000E+01  0.1000000E+01  0.3000000E-01
  0.1058606E+01  0.3969214E-01  0.4170000E+01  0.5000000E+01  0.1000000E+01  0.3000000E-01
  0.1058647E+01  0.3971681E-01  0.4165000E+01  0.5000000E+01  0.1000000E+01  0.3000000E-01
  0.1058688E+01  0.3974148E-01  0.4160000E+01  0.5000000E+01  0.1000000E+01  0.3000000E-01
  0.1058730E+01  0.3976615E-01  0.4155000E+01  0.5000000E+01  0.1000000E+01  0.3000000E-01
  0.1058771E+01  0.3979082E-01  0.4150000E+01  0.5000000E+01  0.1000000E+01  0.3000000E-01
  0.1058813E+01  0.3981549E-01  0.4145000E+01  0.5000000E+01  0.1000000E+01  0.3000000E-01
  0.1058855E+01  0.3984017E-01  0.4140000E+01  0.5000000E+01  0.1000000E+01  0.3000000E-01
  0.1058896E+01  0.3986485E-01  0.4135000E+01  0.5000000E+01  0.1000000E+01  0.3000000E-01
  0.1058938E+01  0.3988953E-01  0.4130000E+01  0.5000000E+01  0.1000000E+01  0.3000000E-01
  0.1058980E+01  0.3991422E-01  0.4125000E+01  0.5000000E+01  0.1000000E+01  0.3000000E-01
  0.1059023E+01  0.3993890E-01  0.4120000E+01  0.5000000E+01  0.1000000E+01  0.3000000E-01
  0.1059065E+01  0.3996359E-01  0.4115000E+01  0.5000000E+01  0.1000000E+01  0.3000000E-01
  0.1059107E+01  0.3998828E-01  0.4110000E+01  0.5000000E+01  0.1000000E+01  0.3000000E-01
  0.1059150E+01  0.4001296E-01  0.4105000E+01  0.5000000E+01  0.1000000E+01  0.3000000E-01
  0.1059192E+01  0.4003765E-01  0.4100000E+01  0.5000000E+01  0.1000000E+01  0.3000000E-01
  0.1059235E+01  0.4006234E-01  0.4095000E+01  0.5000000E+01  0.1000000E+01  0.3000000E-01
  0.1059278E+01  0.4008704E-01  0.4090000E+01  0.5000000E+01  0.1000000E+01  0.3000000E-01
  0.1059321E+01  0.4011173E-01  0.4085000E+01  0.5000000E+01  0.1000000E+01  0.3000000E-01
  0.1059364E+01  0.4013642E-01  0.4080000E+01  0.5000000E+01  0.1000000E+01  0.3000000E-01
  0.1059407E+01  0.4016111E-01  0.4075000E+01  0.5000000E+01  0.1000000E+01  0.3000000E-01
  0.1059450E+01  0.4018580E-01  0.4070000E+01  0.5000000E+01  0.1000000E+01  0.3000000E-01
  0.1059493E+01  0.4021050E-01  0.4065000E+01  0.5000000E+01  0.1000000E+01  0.3000000E-01
  0.1059537E+01  0.4023519E-01  0.4060000E+01  0.5000000E+01  0.1000000E+01  0.3000000E-01
  0.1059580E+01  0.4025988E-01  0.4055000E+01  0.5000000E+01  0.1000000E+01  0.3000000E-01
  0.1059624E+01  0.4028457E-01  0.4050000E+01  0.5000000E+01  0.1000000E+01  0.3000000E-01
  0.1059667E+01  0.4030926E-01  0.4045000E+01  0.5000000E+01  0.1000000E+01  0.3000000E-01
  0.1059711E+01  0.4033395E-01  0.4040000E+01  0.5000000E+01  0.1000000E+01  0.3000000E-01
  0.1059755E+01  0.4035863E-01  0.4035000E+01  0.5000000E+01  0.1000000E+01  0.3000000E-01
  0.1059799E+01  0.4038332E-01  0.4030000E+01  0.5000000E+01  0.1000000E+01  0.3000000E-01
  0.1059843E+01  0.4040800E-01  0.4025000E+01  0.5000000E+01  0.1000000E+01  0.3000000E-01
  0.1059888E+01  0.4043268E-01  0.4020000E+01  0.5000000E+01  0.1000000E+01  0.3000000E-01
  0.1059932E+01  0.4045736E-01  0.4015000E+01  0.5000000E+01  0.1000000E+01  0.3000000E-01
  0.1059977E+01  0.4048204E-01  0.4010000E+01  0.5000000E+01  0.1000000E+01  0.3000000E-01
  0.1060021E+01  0.4050672E-01  0.4005000E+01  0.5000000E+01  0.1000000E+01  0.3000000E-01
  0.1060066E+01  0.4053139E-01  0.4000000E+01  0.5000000E+01  0.1000000E+01  0.3000000E-01
  0.1060111E+01  0.4055606E-01  0.3995000E+01  0.5000000E+01  0.1000000E+01  0.3000000E-01
  0.1060156E+01  0.4058073E-01  0.3990000E+01  0.5000000E+01  0.1000000E+01  0.3000000E-01
  0.1060201E+01  0.4060539E-01  0.3985000E+01  0.5000000E+01  0.1000000E+01  0.3000000E-01
  0.1060246E+01  0.4063005E-01  0.3980000E+01  0.5000000E+01  0.1000000E+01  0.3000000E-01
  0.1060291E+01  0.4065471E-01  0.3975000E+01  0.5000000E+01  0.1000000E+01  0.3000000E-01
  0.1060336E+01  0.4067937E-01  0.3970000E+01  0.5000000E+01  0.1000000E+01  0.3000000E-01
  0.1060382E+01  0.4070402E-01  0.3965000E+01  0.5000000E+01  0.1000000E+01  0.3000000E-01
  0.1060428E+01  0.4072866E-01  0.3960000E+01  0.5000000E+01  0.1000000E+01  0.3000000E-01
  0.1060473E+01  0.4075330E-01  0.3955000E+01  0.5000000E+01  0.1000000E+01  0.3000000E-01
  0.1060519E+01  0.4077794E-01  0.3950000E+01  0.5000000E+01  0.1000000E+01  0.3000000E-01
  0.1060565E+01  0.4080257E-01  0.3945000E+01  0.5000000E+01  0.1000000E+01  0.3000000E-01
  0.1060611E+01  0.4082720E-01  0.3940000E+01  0.5000000E+01  0.1000000E+01  0.3000000E-01
  0.1060657E+01  0.4085182E-01  0.3935000E+01  0.5000000E+01  0.1000000E+01  0.3000000E-01
  0.1060704E+01  0.4087644E-01  0.3930000E+01  0.5000000E+01  0.1000000E+01  0.3000000E-01
  0.1060750E+01  0.4090105E-01  0.3925000E+01  0.5000000E+01  0.1000000E+01  0.3000000E-01
  0.1060797E+01  0.4092565E-01  0.3920000E+01  0.5000000E+01  0.1000000E+01  0.3000000E-01
  0.1060843E+01  0.4095025E-01  0.3915000E+01  0.5000000E+01  0.1000000E+01  0.3000000E-01
  0.1060890E+01  0.4097484E-01  0.3910000E+01  0.5000000E+01  0.1000000E+01  0.3000000E-01
  0.1060937E+01  0.4099943E-01  0.3905000E+01  0.5000000E+01  0.1000000E+01  0.3000000E-01
  0.1060984E+01  0.4102401E-01  0.3900000E+01  0.5000000E+01  0.1000000E+01  0.3000000E-01
  0.1061031E+01  0.4104858E-01  0.3895000E+01  0.5000000E+01  0.1000000E+01  0.3000000E-01
  0.1061078E+01  0.4107315E-01  0.3890000E+01  0.5000000E+01  0.1000000E+01  0.3000000E-01
  0.1061125E+01  0.4109771E-01  0.3885000E+01  0.5000000E+01  0.1000000E+01  0.3000000E-01
  0.1061173E+01  0.4112226E-01  0.3880000E+01  0.5000000E+01  0.1000000E+01  0.3000000E-01
  0.1061220E+01  0.4114680E-01  0.3875000E+01  0.5000000E+01  0.1000000E+01  0.3000000E-01
  0.1061268E+01  0.4117134E-01  0.3870000E+01  0.5000000E+01  0.1000000E+01  0.3000000E-01
  0.1061316E+01  0.4119587E-01  0.3865000E+01  0.5000000E+01  0.1000000E+01  0.3000000E-01
  0.1061364E+01  0.4122038E-01  0.3860000E+01  0.5000000E+01  0.1000000E+01  0.3000000E-01
  0.1061412E+01  0.4124489E-01  0.3855000E+01  0.5000000E+01  0.1000000E+01  0.3000000E-01
  0.1061460E+01  0.4126940E-01  0.3850000E+01  0.5000000E+01  0.1000000E+01  0.3000000E-01
  0.1061508E+01  0.4129389E-01  0.3845000E+01  0.5000000E+01  0.1000000E+01  0.3000000E-01
  0.1061557E+01  0.4131837E-01  0.3840000E+01  0.5000000E+01  0.1000000E+01  0.3000000E-01
  0.1061605E+01  0.4134284E-01  0.3835000E+01  0.5000000E+01  0.1000000E+01  0.3000000E-01
  0.1061654E+01  0.4136731E-01  0.3830000E+01  0.5000000E+01  0.1000000E+01  0.3000000E-01
  0.1061703E+01  0.4139176E-01  0.3825000E+01  0.5000000E+01  0.1000000E+01  0.3000000E-01
  0.1061752E+01  0.4141620E-01  0.3820000E+01  0.5000000E+01  0.1000000E+01  0.3000000E-01
  0.1061801E+01  0.4144063E-01  0.3815000E+01  0.5000000E+01  0.1000000E+01  0.3000000E-01
  0.1061850E+01  0.4146505E-01  0.3810000E+01  0.5000000E+01  0.1000000E+01  0.3000000E-01
  0.1061899E+01  0.4148946E-01  0.3805000E+01  0.5000000E+01  0.1000000E+01  0.3000000E-01
  0.1061949E+01  0.4151386E-01  0.3800000E+01  0.5000000E+01  0.1000000E+01  0.3000000E-01
  0.1061998E+01  0.4153825E-01  0.3795000E+01  0.5000000E+01  0.1000000E+01  0.3000000E-01
  0.1062048E+01  0.4156262E-01  0.3790000E+01  0.5000000E+01  0.1000000E+01  0.3000000E-01
  0.1062097E+01  0.4158699E-01  0.3785000E+01  0.5000000E+01  0.1000000E+01  0.3000000E-01
  0.1062147E+01  0.4161134E-01  0.3780000E+01  0.5000000E+01  0.1000000E+01  0.3000000E-01
  0.1062197E+01  0.4163567E-01  0.3775000E+01  0.5000000E+01  0.1000000E+01  0.3000000E-01
  0.1062247E+01  0.4166000E-01  0.3770000E+01  0.5000000E+01  0.1000000E+01  0.3000000E-01
  0.1062298E+01  0.4168431E-01  0.3765000E+01  0.5000000E+01  0.1000000E+01  0.3000000E-01
  0.1062348E+01  0.4170861E-01  0.3760000E+01  0.5000000E+01  0.1000000E+01  0.3000000E-01
  0.1062399E+01  0.4173289E-01  0.3755000E+01  0.5000000E+01  0.1000000E+01  0.3000000E-01
  0.1062449E+01  0.4175716E-01  0.3750000E+01  0.5000000E+01  0.1000000E+01  0.3000000E-01
  0.1062500E+01  0.4178142E-01  0.3745000E+01  0.5000000E+01  0.1000000E+01  0.3000000E-01
  0.1062551E+01  0.4180566E-01  0.3740000E+01  0.5000000E+01  0.1000000E+01  0.3000000E-01
  0.1062602E+01  0.4182989E-01  0.3735000E+01  0.5000000E+01  0.1000000E+01  0.3000000E-01
  0.1062653E+01  0.4185410E-01  0.3730000E+01  0.5000000E+01  0.1000000E+01  0.3000000E-01
  0.1062704E+01  0.4187830E-01  0.3725000E+01  0.5000000E+01  0.1000000E+01  0.3000000E-01
  0.1062756E+01  0.4190248E-01  0.3720000E+01  0.5000000E+01  0.1000000E+01  0.3000000E-01
  0.1062807E+01  0.4192664E-01  0.3715000E+01  0.5000000E+01  0.1000000E+01  0.3000000E-01
  0.1062859E+01  0.4195079E-01  0.3710000E+01  0.5000000E+01  0.1000000E+01  0.3000000E-01
  0.1062911E+01  0.4197492E-01  0.3705000E+01  0.5000000E+01  0.1000000E+01  0.3000000E-01
  0.1062963E+01  0.4199904E-01  0.3700000E+01  0.5000000E+01  0.1000000E+01  0.3000000E-01
  0.1063015E+01  0.4202314E-01  0.3695000E+01  0.5000000E+01  0.1000000E+01  0.3000000E-01
  0.1063067E+01  0.4204722E-01  0.3690000E+01  0.5000000E+01  0.1000000E+01  0.3000000E-01
  0.1063119E+01  0.4207128E-01  0.3685000E+01  0.5000000E+01  0.1000000E+01  0.3000000E-01
  0.1063172E+01  0.4209532E-01  0.3680000E+01  0.5000000E+01  0.1000000E+01  0.3000000E-01
  0.1063224E+01  0.4211935E-01  0.3675000E+01  0.5000000E+01  0.1000000E+01  0.3000000E-01
  0.1063277E+01  0.4214336E-01  0.3670000E+01  0.5000000E+01  0.1000000E+01  0.3000000E-01
  0.1063330E+01  0.4216735E-01  0.3665000E+01  0.5000000E+01  0.1000000E+01  0.3000000E-01
  0.1063383E+01  0.4219132E-01  0.3660000E+01  0.5000000E+01  0.1000000E+01  0.3000000E-01
  0.1063436E+01  0.4221527E-01  0.3655000E+01  0.5000000E+01  0.1000000E+01  0.3000000E-01
  0.1063489E+01  0.4223920E-01  0.3650000E+01  0.5000000E+01  0.1000000E+01  0.3000000E-01
  0.1063543E+01  0.4226311E-01  0.3645000E+01  0.5000000E+01  0.1000000E+01  0.3000000E-01
  0.1063596E+01  0.4228700E-01  0.3640000E+01  0.5000000E+01  0.1000000E+01  0.3000000E-01
  0.1063650E+01  0.4231087E-01  0.3635000E+01  0.5000000E+01  0.1000000E+01  0.3000000E-01
  0.1063704E+01  0.4233472E-01  0.3630000E+01  0.5000000E+01  0.1000000E+01  0.3000000E-01
  0.1063757E+01  0.4235854E-01  0.3625000E+01  0.5000000E+01  0.1000000E+01  0.3000000E-01
  0.1063811E+01  0.4238235E-01  0.3620000E+01  0.5000000E+01  0.1000000E+01  0.3000000E-01
  0.1063866E+01  0.4240613E-01  0.3615000E+01  0.5000000E+01  0.1000000E+01  0.3000000E-01
  0.1063920E+01  0.4242989E-01  0.3610000E+01  0.5000000E+01  0.1000000E+01  0.3000000E-01
  0.1063974E+01  0.4245363E-01  0.3605000E+01  0.5000000E+01  0.1000000E+01  0.3000000E-01
  0.1064029E+01  0.4247735E-01  0.3600000E+01  0.5000000E+01  0.1000000E+01  0.3000000E-01
  0.1064084E+01  0.4250104E-01  0.3595000E+01  0.5000000E+01  0.1000000E+01  0.3000000E-01
  0.1064139E+01  0.4252471E-01  0.3590000E+01  0.5000000E+01  0.1000000E+01  0.3000000E-01
  0.1064194E+01  0.4254835E-01  0.3585000E+01  0.5000000E+01  0.1000000E+01  0.3000000E-01
  0.1064249E+01  0.4257197E-01  0.3580000E+01  0.5000000E+01  0.1000000E+01  0.3000000E-01
  0.1064304E+01  0.4259556E-01  0.3575000E+01  0.5000000E+01  0.1000000E+01  0.3000000E-01
  0.1064360E+01  0.4261913E-01  0.3570000E+01  0.5000000E+01  0.1000000E+01  0.3000000E-01
  0.1064415E+01  0.4264268E-01  0.3565000E+01  0.5000000E+01  0.1000000E+01  0.3000000E-01
  0.1064471E+01  0.4266619E-01  0.3560000E+01  0.5000000E+01  0.1000000E+01  0.3000000E-01
  0.1064527E+01  0.4268969E-01  0.3555000E+01  0.5000000E+01  0.1000000E+01  0.3000000E-01
  0.1064583E+01  0.4271315E-01  0.3550000E+01  0.5000000E+01  0.1000000E+01  0.3000000E-01
  0.1064639E+01  0.4273659E-01  0.3545000E+01  0.5000000E+01  0.1000000E+01  0.3000000E-01
  0.1064695E+01  0.4276000E-01  0.3540000E+01  0.5000000E+01  0.1000000E+01  0.3000000E-01
  0.1064752E+01  0.4278339E-01  0.3535000E+01  0.5000000E+01  0.1000000E+01  0.3000000E-01
  0.1064808E+01  0.4280674E-01  0.3530000E+01  0.5000000E+01  0.1000000E+01  0.3000000E-01
  0.1064865E+01  0.4283007E-01  0.3525000E+01  0.5000000E+01  0.1000000E+01  0.3000000E-01
  0.1064922E+01  0.4285337E-01  0.3520000E+01  0.5000000E+01  0.1000000E+01  0.3000000E-01
  0.1064979E+01  0.4287664E-01  0.3515000E+01  0.5000000E+01  0.1000000E+01  0.3000000E-01
  0.1065036E+01  0.4289988E-01  0.3510000E+01  0.5000000E+01  0.1000000E+01  0.3000000E-01
  0.1065093E+01  0.4292309E-01  0.3505000E+01  0.5000000E+01  0.1000000E+01  0.3000000E-01
  0.1065150E+01  0.4294627E-01  0.3500000E+01  0.5000000E+01  0.1000000E+01  0.3000000E-01
  0.1065208E+01  0.4296942E-01  0.3495000E+01  0.5000000E+01  0.1000000E+01  0.3000000E-01
  0.1065266E+01  0.4299254E-01  0.3490000E+01  0.5000000E+01  0.1000000E+01  0.3000000E-01
  0.1065324E+01  0.4301563E-01  0.3485000E+01  0.5000000E+01  0.1000000E+01  0.3000000E-01
  0.1065382E+01  0.4303868E-01  0.3480000E+01  0.5000000E+01  0.1000000E+01  0.3000000E-01
  0.1065440E+01  0.4306171E-01  0.3475000E+01  0.5000000E+01  0.1000000E+01  0.3000000E-01
  0.1065498E+01  0.4308470E-01  0.3470000E+01  0.5000000E+01  0.1000000E+01  0.3000000E-01
  0.1065556E+01  0.4310766E-01  0.3465000E+01  0.5000000E+01  0.1000000E+01  0.3000000E-01
  0.1065615E+01  0.4313058E-01  0.3460000E+01  0.5000000E+01  0.1000000E+01  0.3000000E-01
  0.1065674E+01  0.4315347E-01  0.3455000E+01  0.5000000E+01  0.1000000E+01  0.3000000E-01
  0.1065733E+01  0.4317633E-01  0.3450000E+01  0.5000000E+01  0.1000000E+01  0.3000000E-01
  0.1065792E+01  0.4319915E-01  0.3445000E+01  0.5000000E+01  0.1000000E+01  0.3000000E-01
  0.1065851E+01  0.4322194E-01  0.3440000E+01  0.5000000E+01  0.1000000E+01  0.3000000E-01
  0.1065910E+01  0.4324469E-01  0.3435000E+01  0.5000000E+01  0.1000000E+01  0.3000000E-01
  0.1065970E+01  0.4326741E-01  0.3430000E+01  0.5000000E+01  0.1000000E+01  0.3000000E-01
  0.1066029E+01  0.4329009E-01  0.3425000E+01  0.5000000E+01  0.1000000E+01  0.3000000E-01
  0.1066089E+01  0.4331273E-01  0.3420000E+01  0.5000000E+01  0.1000000E+01  0.3000000E-01
  0.1066149E+01  0.4333534E-01  0.3415000E+01  0.5000000E+01  0.1000000E+01  0.3000000E-01
  0.1066209E+01  0.4335791E-01  0.3410000E+01  0.5000000E+01  0.1000000E+01  0.3000000E-01
  0.1066269E+01  0.4338044E-01  0.3405000E+01  0.5000000E+01  0.1000000E+01  0.3000000E-01
  0.1066330E+01  0.4340293E-01  0.3400000E+01  0.5000000E+01  0.1000000E+01  0.3000000E-01
  0.1066390E+01  0.4342539E-01  0.3395000E+01  0.5000000E+01  0.1000000E+01  0.3000000E-01
  0.1066451E+01  0.4344780E-01  0.3390000E+01  0.5000000E+01  0.1000000E+01  0.3000000E-01
  0.1066512E+01  0.4347018E-01  0.3385000E+01  0.5000000E+01  0.1000000E+01  0.3000000E-01
  0.1066573E+01  0.4349251E-01  0.3380000E+01  0.5000000E+01  0.1000000E+01  0.3000000E-01
  0.1066634E+01  0.4351481E-01  0.3375000E+01  0.5000000E+01  0.1000000E+01  0.3000000E-01
  0.1066695E+01  0.4353706E-01  0.3370000E+01  0.5000000E+01  0.1000000E+01  0.3000000E-01
  0.1066757E+01  0.4355927E-01  0.3365000E+01  0.5000000E+01  0.1000000E+01  0.3000000E-01
  0.1066818E+01  0.4358145E-01  0.3360000E+01  0.5000000E+01  0.1000000E+01  0.3000000E-01
  0.1066880E+01  0.4360357E-01  0.3355000E+01  0.5000000E+01  0.1000000E+01  0.3000000E-01
  0.1066942E+01  0.4362566E-01  0.3350000E+01  0.5000000E+01  0.1000000E+01  0.3000000E-01
  0.1067004E+01  0.4364770E-01  0.3345000E+01  0.5000000E+01  0.1000000E+01  0.3000000E-01
  0.1067066E+01  0.4366970E-01  0.3340000E+01  0.5000000E+01  0.1000000E+01  0.3000000E-01
  0.1067129E+01  0.4369165E-01  0.3335000E+01  0.5000000E+01  0.1000000E+01  0.3000000E-01
  0.1067191E+01  0.4371356E-01  0.3330000E+01  0.5000000E+01  0.1000000E+01  0.3000000E-01
  0.1067254E+01  0.4373543E-01  0.3325000E+01  0.5000000E+01  0.1000000E+01  0.3000000E-01
  0.1067317E+01  0.4375724E-01  0.3320000E+01  0.5000000E+01  0.1000000E+01  0.3000000E-01
  0.1067380E+01  0.4377902E-01  0.3315000E+01  0.5000000E+01  0.1000000E+01  0.3000000E-01
  0.1067443E+01  0.4380074E-01  0.3310000E+01  0.5000000E+01  0.1000000E+01  0.3000000E-01
  0.1067506E+01  0.4382242E-01  0.3305000E+01  0.5000000E+01  0.1000000E+01  0.3000000E-01
  0.1067570E+01  0.4384405E-01  0.3300000E+01  0.5000000E+01  0.1000000E+01  0.3000000E-01
  0.1067634E+01  0.4386564E-01  0.3295000E+01  0.5000000E+01  0.1000000E+01  0.3000000E-01
  0.1067697E+01  0.4388717E-01  0.3290000E+01  0.5000000E+01  0.1000000E+01  0.3000000E-01
  0.1067761E+01  0.4390866E-01  0.3285000E+01  0.5000000E+01  0.1000000E+01  0.3000000E-01
  0.1067825E+01  0.4393009E-01  0.3280000E+01  0.5000000E+01  0.1000000E+01  0.3000000E-01
  0.1067890E+01  0.4395148E-01  0.3275000E+01  0.5000000E+01  0.1000000E+01  0.3000000E-01
  0.1067954E+01  0.4397281E-01  0.3270000E+01  0.5000000E+01  0.1000000E+01  0.3000000E-01
  0.1068019E+01  0.4399410E-01  0.3265000E+01  0.5000000E+01  0.1000000E+01  0.3000000E-01
  0.1068084E+01  0.4401533E-01  0.3260000E+01  0.5000000E+01  0.1000000E+01  0.3000000E-01
  0.1068149E+01  0.4403651E-01  0.3255000E+01  0.5000000E+01  0.1000000E+01  0.3000000E-01
  0.1068214E+01  0.4405763E-01  0.3250000E+01  0.5000000E+01  0.1000000E+01  0.3000000E-01
  0.1068279E+01  0.4407871E-01  0.3245000E+01  0.5000000E+01  0.1000000E+01  0.3000000E-01
  0.1068344E+01  0.4409973E-01  0.3240000E+01  0.5000000E+01  0.1000000E+01  0.3000000E-01
  0.1068410E+01  0.4412069E-01  0.3235000E+01  0.5000000E+01  0.1000000E+01  0.3000000E-01
  0.1068476E+01  0.4414161E-01  0.3230000E+01  0.5000000E+01  0.1000000E+01  0.3000000E-01
  0.1068542E+01  0.4416246E-01  0.3225000E+01  0.5000000E+01  0.1000000E+01  0.3000000E-01
  0.1068608E+01  0.4418326E-01  0.3220000E+01  0.5000000E+01  0.1000000E+01  0.3000000E-01
  0.1068674E+01  0.4420401E-01  0.3215000E+01  0.5000000E+01  0.1000000E+01  0.3000000E-01
  0.1068741E+01  0.4422469E-01  0.3210000E+01  0.5000000E+01  0.1000000E+01  0.3000000E-01
  0.1068807E+01  0.4424532E-01  0.3205000E+01  0.5000000E+01  0.1000000E+01  0.3000000E-01
  0.1068874E+01  0.4426589E-01  0.3200000E+01  0.5000000E+01  0.1000000E+01  0.3000000E-01
  0.1068941E+01  0.4428640E-01  0.3195000E+01  0.5000000E+01  0.1000000E+01  0.3000000E-01
  0.1069008E+01  0.4430686E-01  0.3190000E+01  0.5000000E+01  0.1000000E+01  0.3000000E-01
  0.1069075E+01  0.4432725E-01  0.3185000E+01  0.5000000E+01  0.1000000E+01  0.3000000E-01
  0.1069143E+01  0.4434758E-01  0.3180000E+01  0.5000000E+01  0.1000000E+01  0.3000000E-01
  0.1069210E+01  0.4436785E-01  0.3175000E+01  0.5000000E+01  0.1000000E+01  0.3000000E-01
  0.1069278E+01  0.4438806E-01  0.3170000E+01  0.5000000E+01  0.1000000E+01  0.3000000E-01
  0.1069346E+01  0.4440821E-01  0.3165000E+01  0.5000000E+01  0.1000000E+01  0.3000000E-01
  0.1069414E+01  0.4442830E-01  0.3160000E+01  0.5000000E+01  0.1000000E+01  0.3000000E-01
  0.1069482E+01  0.4444832E-01  0.3155000E+01  0.5000000E+01  0.1000000E+01  0.3000000E-01
  0.1069551E+01  0.4446828E-01  0.3150000E+01  0.5000000E+01  0.1000000E+01  0.3000000E-01
  0.1069619E+01  0.4448817E-01  0.3145000E+01  0.5000000E+01  0.1000000E+01  0.3000000E-01
  0.1069688E+01  0.4450800E-01  0.3140000E+01  0.5000000E+01  0.1000000E+01  0.3000000E-01
  0.1069757E+01  0.4452776E-01  0.3135000E+01  0.5000000E+01  0.1000000E+01  0.3000000E-01
  0.1069826E+01  0.4454746E-01  0.3130000E+01  0.5000000E+01  0.1000000E+01  0.3000000E-01
  0.1069896E+01  0.4456709E-01  0.3125000E+01  0.5000000E+01  0.1000000E+01  0.3000000E-01
  0.1069965E+01  0.4458665E-01  0.3120000E+01  0.5000000E+01  0.1000000E+01  0.3000000E-01
  0.1070035E+01  0.4460615E-01  0.3115000E+01  0.5000000E+01  0.1000000E+01  0.3000000E-01
  0.1070105E+01  0.4462557E-01  0.3110000E+01  0.5000000E+01  0.1000000E+01  0.3000000E-01
  0.1070175E+01  0.4464493E-01  0.3105000E+01  0.5000000E+01  0.1000000E+01  0.3000000E-01
  0.1070245E+01  0.4466421E-01  0.3100000E+01  0.5000000E+01  0.1000000E+01  0.3000000E-01
  0.1070315E+01  0.4468343E-01  0.3095000E+01  0.5000000E+01  0.1000000E+01  0.3000000E-01
  0.1070386E+01  0.4470257E-01  0.3090000E+01  0.5000000E+01  0.1000000E+01  0.3000000E-01
  0.1070457E+01  0.4472165E-01  0.3085000E+01  0.5000000E+01  0.1000000E+01  0.3000000E-01
  0.1070527E+01  0.4474065E-01  0.3080000E+01  0.5000000E+01  0.1000000E+01  0.3000000E-01
  0.1070598E+01  0.4475957E-01  0.3075000E+01  0.5000000E+01  0.1000000E+01  0.3000000E-01
  0.1070670E+01  0.4477842E-01  0.3070000E+01  0.5000000E+01  0.1000000E+01  0.3000000E-01
  0.1070741E+01  0.4479720E-01  0.3065000E+01  0.5000000E+01  0.1000000E+01  0.3000000E-01
  0.1070813E+01  0.4481591E-01  0.3060000E+01  0.5000000E+01  0.1000000E+01  0.3000000E-01
  0.1070884E+01  0.4483453E-01  0.3055000E+01  0.5000000E+01  0.1000000E+01  0.3000000E-01
  0.1070956E+01  0.4485308E-01  0.3050000E+01  0.5000000E+01  0.1000000E+01  0.3000000E-01
  0.1071029E+01  0.4487156E-01  0.3045000E+01  0.5000000E+01  0.1000000E+01  0.3000000E-01
  0.1071101E+01  0.4488995E-01  0.3040000E+01  0.5000000E+01  0.1000000E+01  0.3000000E-01
  0.1071173E+01  0.4490827E-01  0.3035000E+01  0.5000000E+01  0.1000000E+01  0.3000000E-01
  0.1071246E+01  0.4492651E-01  0.3030000E+01  0.5000000E+01  0.1000000E+01  0.3000000E-01
  0.1071319E+01  0.4494466E-01  0.3025000E+01  0.5000000E+01  0.1000000E+01  0.3000000E-01
  0.1071392E+01  0.4496274E-01  0.3020000E+01  0.5000000E+01  0.1000000E+01  0.3000000E-01
  0.1071465E+01  0.4498074E-01  0.3015000E+01  0.5000000E+01  0.1000000E+01  0.3000000E-01
  0.1071538E+01  0.4499865E-01  0.3010000E+01  0.5000000E+01  0.1000000E+01  0.3000000E-01
  0.1071612E+01  0.4501648E-01  0.3005000E+01  0.5000000E+01  0.1000000E+01  0.3000000E-01
  0.1071686E+01  0.4503423E-01  0.3000000E+01  0.5000000E+01  0.1000000E+01  0.3000000E-01
  0.1071760E+01  0.4505189E-01  0.2995000E+01  0.5000000E+01  0.1000000E+01  0.3000000E-01
  0.1071834E+01  0.4506947E-01  0.2990000E+01  0.5000000E+01  0.1000000E+01  0.3000000E-01
  0.1071908E+01  0.4508697E-01  0.2985000E+01  0.5000000E+01  0.1000000E+01  0.3000000E-01
  0.1071983E+01  0.4510437E-01  0.2980000E+01  0.5000000E+01  0.1000000E+01  0.3000000E-01
  0.1072057E+01  0.4512169E-01  0.2975000E+01  0.5000000E+01  0.1000000E+01  0.3000000E-01
  0.1072132E+01  0.4513893E-01  0.2970000E+01  0.5000000E+01  0.1000000E+01  0.3000000E-01
  0.1072207E+01  0.4515607E-01  0.2965000E+01  0.5000000E+01  0.1000000E+01  0.3000000E-01
  0.1072282E+01  0.4517312E-01  0.2960000E+01  0.5000000E+01  0.1000000E+01  0.3000000E-01
  0.1072358E+01  0.4519009E-01  0.2955000E+01  0.5000000E+01  0.1000000E+01  0.3000000E-01
  0.1072433E+01  0.4520696E-01  0.2950000E+01  0.5000000E+01  0.1000000E+01  0.3000000E-01
  0.1072509E+01  0.4522374E-01  0.2945000E+01  0.5000000E+01  0.1000000E+01  0.3000000E-01
  0.1072585E+01  0.4524043E-01  0.2940000E+01  0.5000000E+01  0.1000000E+01  0.3000000E-01
  0.1072661E+01  0.4525703E-01  0.2935000E+01  0.5000000E+01  0.1000000E+01  0.3000000E-01
  0.1072738E+01  0.4527354E-01  0.2930000E+01  0.5000000E+01  0.1000000E+01  0.3000000E-01
  0.1072814E+01  0.4528994E-01  0.2925000E+01  0.5000000E+01  0.1000000E+01  0.3000000E-01
  0.1072891E+01  0.4530626E-01  0.2920000E+01  0.5000000E+01  0.1000000E+01  0.3000000E-01
  0.1072968E+01  0.4532247E-01  0.2915000E+01  0.5000000E+01  0.1000000E+01  0.3000000E-01
  0.1073045E+01  0.4533860E-01  0.2910000E+01  0.5000000E+01  0.1000000E+01  0.3000000E-01
  0.1073122E+01  0.4535462E-01  0.2905000E+01  0.5000000E+01  0.1000000E+01  0.3000000E-01
  0.1073200E+01  0.4537054E-01  0.2900000E+01  0.5000000E+01  0.1000000E+01  0.3000000E-01
  0.1073277E+01  0.4538637E-01  0.2895000E+01  0.5000000E+01  0.1000000E+01  0.3000000E-01
  0.1073355E+01  0.4540209E-01  0.2890000E+01  0.5000000E+01  0.1000000E+01  0.3000000E-01
  0.1073433E+01  0.4541772E-01  0.2885000E+01  0.5000000E+01  0.1000000E+01  0.3000000E-01
  0.1073511E+01  0.4543324E-01  0.2880000E+01  0.5000000E+01  0.1000000E+01  0.3000000E-01
  0.1073590E+01  0.4544866E-01  0.2875000E+01  0.5000000E+01  0.1000000E+01  0.3000000E-01
  0.1073668E+01  0.4546398E-01  0.2870000E+01  0.5000000E+01  0.1000000E+01  0.3000000E-01
  0.1073747E+01  0.4547919E-01  0.2865000E+01  0.5000000E+01  0.1000000E+01  0.3000000E-01
  0.1073826E+01  0.4549429E-01  0.2860000E+01  0.5000000E+01  0.1000000E+01  0.3000000E-01
  0.1073905E+01  0.4550930E-01  0.2855000E+01  0.5000000E+01  0.1000000E+01  0.3000000E-01
  0.1073985E+01  0.4552419E-01  0.2850000E+01  0.5000000E+01  0.1000000E+01  0.3000000E-01
  0.1074064E+01  0.4553898E-01  0.2845000E+01  0.5000000E+01  0.1000000E+01  0.3000000E-01
  0.1074144E+01  0.4555366E-01  0.2840000E+01  0.5000000E+01  0.1000000E+01  0.3000000E-01
  0.1074224E+01  0.4556823E-01  0.2835000E+01  0.5000000E+01  0.1000000E+01  0.3000000E-01
  0.1074304E+01  0.4558269E-01  0.2830000E+01  0.5000000E+01  0.1000000E+01  0.3000000E-01
  0.1074384E+01  0.4559704E-01  0.2825000E+01  0.5000000E+01  0.1000000E+01  0.3000000E-01
  0.1074465E+01  0.4561127E-01  0.2820000E+01  0.5000000E+01  0.1000000E+01  0.3000000E-01
  0.1074545E+01  0.4562540E-01  0.2815000E+01  0.5000000E+01  0.1000000E+01  0.3000000E-01
  0.1074626E+01  0.4563941E-01  0.2810000E+01  0.5000000E+01  0.1000000E+01  0.3000000E-01
  0.1074707E+01  0.4565331E-01  0.2805000E+01  0.5000000E+01  0.1000000E+01  0.3000000E-01
  0.1074789E+01  0.4566709E-01  0.2800000E+01  0.5000000E+01  0.1000000E+01  0.3000000E-01
  0.1074870E+01  0.4568075E-01  0.2795000E+01  0.5000000E+01  0.1000000E+01  0.3000000E-01
  0.1074952E+01  0.4569430E-01  0.2790000E+01  0.5000000E+01  0.1000000E+01  0.3000000E-01
  0.1075034E+01  0.4570773E-01  0.2785000E+01  0.5000000E+01  0.1000000E+01  0.3000000E-01
  0.1075116E+01  0.4572104E-01  0.2780000E+01  0.5000000E+01  0.1000000E+01  0.3000000E-01
  0.1075198E+01  0.4573423E-01  0.2775000E+01  0.5000000E+01  0.1000000E+01  0.3000000E-01
  0.1075281E+01  0.4574730E-01  0.2770000E+01  0.5000000E+01  0.1000000E+01  0.3000000E-01
  0.1075363E+01  0.4576025E-01  0.2765000E+01  0.5000000E+01  0.1000000E+01  0.3000000E-01
  0.1075446E+01  0.4577308E-01  0.2760000E+01  0.5000000E+01  0.1000000E+01  0.3000000E-01
  0.1075529E+01  0.4578578E-01  0.2755000E+01  0.5000000E+01  0.1000000E+01  0.3000000E-01
  0.1075613E+01  0.4579836E-01  0.2750000E+01  0.5000000E+01  0.1000000E+01  0.3000000E-01
  0.1075696E+01  0.4581081E-01  0.2745000E+01  0.5000000E+01  0.1000000E+01  0.3000000E-01
  0.1075780E+01  0.4582314E-01  0.2740000E+01  0.5000000E+01  0.1000000E+01  0.3000000E-01
  0.1075864E+01  0.4583533E-01  0.2735000E+01  0.5000000E+01  0.1000000E+01  0.3000000E-01
  0.1075948E+01  0.4584741E-01  0.2730000E+01  0.5000000E+01  0.1000000E+01  0.3000000E-01
  0.1076032E+01  0.4585935E-01  0.2725000E+01  0.5000000E+01  0.1000000E+01  0.3000000E-01
  0.1076116E+01  0.4587116E-01  0.2720000E+01  0.5000000E+01  0.1000000E+01  0.3000000E-01
  0.1076201E+01  0.4588284E-01  0.2715000E+01  0.5000000E+01  0.1000000E+01  0.3000000E-01
  0.1076286E+01  0.4589439E-01  0.2710000E+01  0.5000000E+01  0.1000000E+01  0.3000000E-01
  0.1076371E+01  0.4590580E-01  0.2705000E+01  0.5000000E+01  0.1000000E+01  0.3000000E-01
  0.1076456E+01  0.4591708E-01  0.2700000E+01  0.5000000E+01  0.1000000E+01  0.3000000E-01
  0.1076542E+01  0.4592823E-01  0.2695000E+01  0.5000000E+01  0.1000000E+01  0.3000000E-01
  0.1076627E+01  0.4593924E-01  0.2690000E+01  0.5000000E+01  0.1000000E+01  0.3000000E-01
  0.1076713E+01  0.4595011E-01  0.2685000E+01  0.5000000E+01  0.1000000E+01  0.3000000E-01
  0.1076799E+01  0.4596085E-01  0.2680000E+01  0.5000000E+01  0.1000000E+01  0.3000000E-01
  0.1076885E+01  0.4597144E-01  0.2675000E+01  0.5000000E+01  0.1000000E+01  0.3000000E-01
  0.1076972E+01  0.4598190E-01  0.2670000E+01  0.5000000E+01  0.1000000E+01  0.3000000E-01
  0.1077059E+01  0.4599221E-01  0.2665000E+01  0.5000000E+01  0.1000000E+01  0.3000000E-01
  0.1077145E+01  0.4600238E-01  0.2660000E+01  0.5000000E+01  0.1000000E+01  0.3000000E-01
  0.1077232E+01  0.4601241E-01  0.2655000E+01  0.5000000E+01  0.1000000E+01  0.3000000E-01
  0.1077320E+01  0.4602230E-01  0.2650000E+01  0.5000000E+01  0.1000000E+01  0.3000000E-01
  0.1077407E+01  0.4603204E-01  0.2645000E+01  0.5000000E+01  0.1000000E+01  0.3000000E-01
  0.1077495E+01  0.4604163E-01  0.2640000E+01  0.5000000E+01  0.1000000E+01  0.3000000E-01
  0.1077583E+01  0.4605108E-01  0.2635000E+01  0.5000000E+01  0.1000000E+01  0.3000000E-01
  0.1077671E+01  0.4606037E-01  0.2630000E+01  0.5000000E+01  0.1000000E+01  0.3000000E-01
  0.1077759E+01  0.4606952E-01  0.2625000E+01  0.5000000E+01  0.1000000E+01  0.3000000E-01
  0.1077848E+01  0.4607852E-01  0.2620000E+01  0.5000000E+01  0.1000000E+01  0.3000000E-01
  0.1077936E+01  0.4608737E-01  0.2615000E+01  0.5000000E+01  0.1000000E+01  0.3000000E-01
  0.1078025E+01  0.4609606E-01  0.2610000E+01  0.5000000E+01  0.1000000E+01  0.3000000E-01
  0.1078114E+01  0.4610460E-01  0.2605000E+01  0.5000000E+01  0.1000000E+01  0.3000000E-01
  0.1078204E+01  0.4611298E-01  0.2600000E+01  0.5000000E+01  0.1000000E+01  0.3000000E-01
  0.1078293E+01  0.4612121E-01  0.2595000E+01  0.5000000E+01  0.1000000E+01  0.3000000E-01
  0.1078383E+01  0.4612928E-01  0.2590000E+01  0.5000000E+01  0.1000000E+01  0.3000000E-01
  0.1078473E+01  0.4613719E-01  0.2585000E+01  0.5000000E+01  0.1000000E+01  0.3000000E-01
  0.1078563E+01  0.4614495E-01  0.2580000E+01  0.5000000E+01  0.1000000E+01  0.3000000E-01
  0.1078653E+01  0.4615254E-01  0.2575000E+01  0.5000000E+01  0.1000000E+01  0.3000000E-01
  0.1078744E+01  0.4615997E-01  0.2570000E+01  0.5000000E+01  0.1000000E+01  0.3000000E-01
  0.1078835E+01  0.4616724E-01  0.2565000E+01  0.5000000E+01  0.1000000E+01  0.3000000E-01
  0.1078926E+01  0.4617435E-01  0.2560000E+01  0.5000000E+01  0.1000000E+01  0.3000000E-01
  0.1079017E+01  0.4618129E-01  0.2555000E+01  0.5000000E+01  0.1000000E+01  0.3000000E-01
  0.1079108E+01  0.4618806E-01  0.2550000E+01  0.5000000E+01  0.1000000E+01  0.3000000E-01
  0.1079200E+01  0.4619467E-01  0.2545000E+01  0.5000000E+01  0.1000000E+01  0.3000000E-01
  0.1079292E+01  0.4620111E-01  0.2540000E+01  0.5000000E+01  0.1000000E+01  0.3000000E-01
  0.1079384E+01  0.4620738E-01  0.2535000E+01  0.5000000E+01  0.1000000E+01  0.3000000E-01
  0.1079476E+01  0.4621348E-01  0.2530000E+01  0.5000000E+01  0.1000000E+01  0.3000000E-01
  0.1079568E+01  0.4621941E-01  0.2525000E+01  0.5000000E+01  0.1000000E+01  0.3000000E-01
  0.1079661E+01  0.4622516E-01  0.2520000E+01  0.5000000E+01  0.1000000E+01  0.3000000E-01
  0.1079754E+01  0.4623074E-01  0.2515000E+01  0.5000000E+01  0.1000000E+01  0.3000000E-01
  0.1079847E+01  0.4623614E-01  0.2510000E+01  0.5000000E+01  0.1000000E+01  0.3000000E-01
  0.1079940E+01  0.4624137E-01  0.2505000E+01  0.5000000E+01  0.1000000E+01  0.3000000E-01
  0.1080033E+01  0.4624642E-01  0.2500000E+01  0.5000000E+01  0.1000000E+01  0.3000000E-01
  0.1080127E+01  0.4625129E-01  0.2495000E+01  0.5000000E+01  0.1000000E+01  0.3000000E-01
  0.1080221E+01  0.4625598E-01  0.2490000E+01  0.5000000E+01  0.1000000E+01  0.3000000E-01
  0.1080315E+01  0.4626049E-01  0.2485000E+01  0.5000000E+01  0.1000000E+01  0.3000000E-01
  0.1080409E+01  0.4626482E-01  0.2480000E+01  0.5000000E+01  0.1000000E+01  0.3000000E-01
  0.1080504E+01  0.4626896E-01  0.2475000E+01  0.5000000E+01  0.1000000E+01  0.3000000E-01
  0.1080598E+01  0.4627292E-01  0.2470000E+01  0.5000000E+01  0.1000000E+01  0.3000000E-01
  0.1080693E+01  0.4627669E-01  0.2465000E+01  0.5000000E+01  0.1000000E+01  0.3000000E-01
  0.1080788E+01  0.4628027E-01  0.2460000E+01  0.5000000E+01  0.1000000E+01  0.3000000E-01
  0.1080884E+01  0.4628367E-01  0.2455000E+01  0.5000000E+01  0.1000000E+01  0.3000000E-01
  0.1080979E+01  0.4628687E-01  0.2450000E+01  0.5000000E+01  0.1000000E+01  0.3000000E-01
  0.1081075E+01  0.4628988E-01  0.2445000E+01  0.5000000E+01  0.1000000E+01  0.3000000E-01
  0.1081171E+01  0.4629270E-01  0.2440000E+01  0.5000000E+01  0.1000000E+01  0.3000000E-01
  0.1081267E+01  0.4629533E-01  0.2435000E+01  0.5000000E+01  0.1000000E+01  0.3000000E-01
  0.1081363E+01  0.4629776E-01  0.2430000E+01  0.5000000E+01  0.1000000E+01  0.3000000E-01
  0.1081460E+01  0.4630000E-01  0.2425000E+01  0.5000000E+01  0.1000000E+01  0.3000000E-01
  0.1081557E+01  0.4630204E-01  0.2420000E+01  0.5000000E+01  0.1000000E+01  0.3000000E-01
  0.1081654E+01  0.4630387E-01  0.2415000E+01  0.5000000E+01  0.1000000E+01  0.3000000E-01
  0.1081751E+01  0.4630551E-01  0.2410000E+01  0.5000000E+01  0.1000000E+01  0.3000000E-01
  0.1081848E+01  0.4630695E-01  0.2405000E+01  0.5000000E+01  0.1000000E+01  0.3000000E-01
  0.1081946E+01  0.4630818E-01  0.2400000E+01  0.5000000E+01  0.1000000E+01  0.3000000E-01
  0.1082044E+01  0.4630921E-01  0.2395000E+01  0.5000000E+01  0.1000000E+01  0.3000000E-01
  0.1082142E+01  0.4631004E-01  0.2390000E+01  0.5000000E+01  0.1000000E+01  0.3000000E-01
  0.1082240E+01  0.4631065E-01  0.2385000E+01  0.5000000E+01  0.1000000E+01  0.3000000E-01
  0.1082339E+01  0.4631106E-01  0.2380000E+01  0.5000000E+01  0.1000000E+01  0.3000000E-01
  0.1082437E+01  0.4631126E-01  0.2375000E+01  0.5000000E+01  0.1000000E+01  0.3000000E-01
  0.1082536E+01  0.4631125E-01  0.2370000E+01  0.5000000E+01  0.1000000E+01  0.3000000E-01
  0.1082635E+01  0.4631103E-01  0.2365000E+01  0.5000000E+01  0.1000000E+01  0.3000000E-01
  0.1082734E+01  0.4631059E-01  0.2360000E+01  0.5000000E+01  0.1000000E+01  0.3000000E-01
  0.1082834E+01  0.4630994E-01  0.2355000E+01  0.5000000E+01  0.1000000E+01  0.3000000E-01
  0.1082934E+01  0.4630907E-01  0.2350000E+01  0.5000000E+01  0.1000000E+01  0.3000000E-01
  0.1083034E+01  0.4630798E-01  0.2345000E+01  0.5000000E+01  0.1000000E+01  0.3000000E-01
  0.1083134E+01  0.4630668E-01  0.2340000E+01  0.5000000E+01  0.1000000E+01  0.3000000E-01
  0.1083234E+01  0.4630515E-01  0.2335000E+01  0.5000000E+01  0.1000000E+01  0.3000000E-01
  0.1083335E+01  0.4630341E-01  0.2330000E+01  0.5000000E+01  0.1000000E+01  0.3000000E-01
  0.1083435E+01  0.4630143E-01  0.2325000E+01  0.5000000E+01  0.1000000E+01  0.3000000E-01
  0.1083536E+01  0.4629924E-01  0.2320000E+01  0.5000000E+01  0.1000000E+01  0.3000000E-01
  0.1083637E+01  0.4629682E-01  0.2315000E+01  0.5000000E+01  0.1000000E+01  0.3000000E-01
  0.1083739E+01  0.4629417E-01  0.2310000E+01  0.5000000E+01  0.1000000E+01  0.3000000E-01
  0.1083840E+01  0.4629129E-01  0.2305000E+01  0.5000000E+01  0.1000000E+01  0.3000000E-01
  0.1083942E+01  0.4628819E-01  0.2300000E+01  0.5000000E+01  0.1000000E+01  0.3000000E-01
  0.1084044E+01  0.4628485E-01  0.2295000E+01  0.5000000E+01  0.1000000E+01  0.3000000E-01
  0.1084146E+01  0.4628128E-01  0.2290000E+01  0.5000000E+01  0.1000000E+01  0.3000000E-01
  0.1084249E+01  0.4627747E-01  0.2285000E+01  0.5000000E+01  0.1000000E+01  0.3000000E-01
  0.1084351E+01  0.4627343E-01  0.2280000E+01  0.5000000E+01  0.1000000E+01  0.3000000E-01
  0.1084454E+01  0.4626915E-01  0.2275000E+01  0.5000000E+01  0.1000000E+01  0.3000000E-01
  0.1084557E+01  0.4626463E-01  0.2270000E+01  0.5000000E+01  0.1000000E+01  0.3000000E-01
  0.1084661E+01  0.4625987E-01  0.2265000E+01  0.5000000E+01  0.1000000E+01  0.3000000E-01
  0.1084764E+01  0.4625487E-01  0.2260000E+01  0.5000000E+01  0.1000000E+01  0.3000000E-01
  0.1084868E+01  0.4624963E-01  0.2255000E+01  0.5000000E+01  0.1000000E+01  0.3000000E-01
  0.1084972E+01  0.4624414E-01  0.2250000E+01  0.5000000E+01  0.1000000E+01  0.3000000E-01
  0.1085076E+01  0.4623841E-01  0.2245000E+01  0.5000000E+01  0.1000000E+01  0.3000000E-01
  0.1085180E+01  0.4623242E-01  0.2240000E+01  0.5000000E+01  0.1000000E+01  0.3000000E-01
  0.1085284E+01  0.4622619E-01  0.2235000E+01  0.5000000E+01  0.1000000E+01  0.3000000E-01
  0.1085389E+01  0.4621971E-01  0.2230000E+01  0.5000000E+01  0.1000000E+01  0.3000000E-01
  0.1085494E+01  0.4621298E-01  0.2225000E+01  0.5000000E+01  0.1000000E+01  0.3000000E-01
  0.1085599E+01  0.4620599E-01  0.2220000E+01  0.5000000E+01  0.1000000E+01  0.3000000E-01
  0.1085704E+01  0.4619875E-01  0.2215000E+01  0.5000000E+01  0.1000000E+01  0.3000000E-01
  0.1085810E+01  0.4619125E-01  0.2210000E+01  0.5000000E+01  0.1000000E+01  0.3000000E-01
  0.1085916E+01  0.4618350E-01  0.2205000E+01  0.5000000E+01  0.1000000E+01  0.3000000E-01
  0.1086021E+01  0.4617548E-01  0.2200000E+01  0.5000000E+01  0.1000000E+01  0.3000000E-01
  0.1086128E+01  0.4616720E-01  0.2195000E+01  0.5000000E+01  0.1000000E+01  0.3000000E-01
  0.1086234E+01  0.4615866E-01  0.2190000E+01  0.5000000E+01  0.1000000E+01  0.3000000E-01
  0.1086340E+01  0.4614986E-01  0.2185000E+01  0.5000000E+01  0.1000000E+01  0.3000000E-01
  0.1086447E+01  0.4614079E-01  0.2180000E+01  0.5000000E+01  0.1000000E+01  0.3000000E-01
  0.1086554E+01  0.4613145E-01  0.2175000E+01  0.5000000E+01  0.1000000E+01  0.3000000E-01
  0.1086661E+01  0.4612185E-01  0.2170000E+01  0.5000000E+01  0.1000000E+01  0.3000000E-01
  0.1086769E+01  0.4611197E-01  0.2165000E+01  0.5000000E+01  0.1000000E+01  0.3000000E-01
  0.1086876E+01  0.4610182E-01  0.2160000E+01  0.5000000E+01  0.1000000E+01  0.3000000E-01
  0.1086984E+01  0.4609140E-01  0.2155000E+01  0.5000000E+01  0.1000000E+01  0.3000000E-01
  0.1087092E+01  0.4608070E-01  0.2150000E+01  0.5000000E+01  0.1000000E+01  0.3000000E-01
  0.1087200E+01  0.4606973E-01  0.2145000E+01  0.5000000E+01  0.1000000E+01  0.3000000E-01
  0.1087308E+01  0.4605848E-01  0.2140000E+01  0.5000000E+01  0.1000000E+01  0.3000000E-01
  0.1087417E+01  0.4604695E-01  0.2135000E+01  0.5000000E+01  0.1000000E+01  0.3000000E-01
  0.1087526E+01  0.4603514E-01  0.2130000E+01  0.5000000E+01  0.1000000E+01  0.3000000E-01
  0.1087634E+01  0.4602304E-01  0.2125000E+01  0.5000000E+01  0.1000000E+01  0.3000000E-01
  0.1087744E+01  0.4601066E-01  0.2120000E+01  0.5000000E+01  0.1000000E+01  0.3000000E-01
  0.1087853E+01  0.4599800E-01  0.2115000E+01  0.5000000E+01  0.1000000E+01  0.3000000E-01
  0.1087962E+01  0.4598504E-01  0.2110000E+01  0.5000000E+01  0.1000000E+01  0.3000000E-01
  0.1088072E+01  0.4597180E-01  0.2105000E+01  0.5000000E+01  0.1000000E+01  0.3000000E-01
  0.1088182E+01  0.4595827E-01  0.2100000E+01  0.5000000E+01  0.1000000E+01  0.3000000E-01
  0.1088292E+01  0.4594444E-01  0.2095000E+01  0.5000000E+01  0.1000000E+01  0.3000000E-01
  0.1088403E+01  0.4593032E-01  0.2090000E+01  0.5000000E+01  0.1000000E+01  0.3000000E-01
  0.1088513E+01  0.4591590E-01  0.2085000E+01  0.5000000E+01  0.1000000E+01  0.3000000E-01
  0.1088624E+01  0.4590119E-01  0.2080000E+01  0.5000000E+01  0.1000000E+01  0.3000000E-01
  0.1088735E+01  0.4588618E-01  0.2075000E+01  0.5000000E+01  0.1000000E+01  0.3000000E-01
  0.1088846E+01  0.4587086E-01  0.2070000E+01  0.5000000E+01  0.1000000E+01  0.3000000E-01
  0.1088957E+01  0.4585525E-01  0.2065000E+01  0.5000000E+01  0.1000000E+01  0.3000000E-01
  0.1089069E+01  0.4583933E-01  0.2060000E+01  0.5000000E+01  0.1000000E+01  0.3000000E-01
  0.1089180E+01  0.4582310E-01  0.2055000E+01  0.5000000E+01  0.1000000E+01  0.3000000E-01
  0.1089292E+01  0.4580657E-01  0.2050000E+01  0.5000000E+01  0.1000000E+01  0.3000000E-01
  0.1089404E+01  0.4578973E-01  0.2045000E+01  0.5000000E+01  0.1000000E+01  0.3000000E-01
  0.1089516E+01  0.4577258E-01  0.2040000E+01  0.5000000E+01  0.1000000E+01  0.3000000E-01
  0.1089629E+01  0.4575511E-01  0.2035000E+01  0.5000000E+01  0.1000000E+01  0.3000000E-01
  0.1089741E+01  0.4573733E-01  0.2030000E+01  0.5000000E+01  0.1000000E+01  0.3000000E-01
  0.1089854E+01  0.4571924E-01  0.2025000E+01  0.5000000E+01  0.1000000E+01  0.3000000E-01
  0.1089967E+01  0.4570083E-01  0.2020000E+01  0.5000000E+01  0.1000000E+01  0.3000000E-01
  0.1090081E+01  0.4568210E-01  0.2015000E+01  0.5000000E+01  0.1000000E+01  0.3000000E-01
  0.1090194E+01  0.4566305E-01  0.2010000E+01  0.5000000E+01  0.1000000E+01  0.3000000E-01
  0.1090307E+01  0.4564367E-01  0.2005000E+01  0.5000000E+01  0.1000000E+01  0.3000000E-01
  0.1090421E+01  0.4562398E-01  0.2000000E+01  0.5000000E+01  0.1000000E+01  0.3000000E-01
  0.1090535E+01  0.4560396E-01  0.1995000E+01  0.5000000E+01  0.1000000E+01  0.3000000E-01
  0.1090649E+01  0.4558361E-01  0.1990000E+01  0.5000000E+01  0.1000000E+01  0.3000000E-01
  0.1090764E+01  0.4556293E-01  0.1985000E+01  0.5000000E+01  0.1000000E+01  0.3000000E-01
  0.1090878E+01  0.4554192E-01  0.1980000E+01  0.5000000E+01  0.1000000E+01  0.3000000E-01
  0.1090993E+01  0.4552057E-01  0.1975000E+01  0.5000000E+01  0.1000000E+01  0.3000000E-01
  0.1091108E+01  0.4549890E-01  0.1970000E+01  0.5000000E+01  0.1000000E+01  0.3000000E-01
  0.1091223E+01  0.4547689E-01  0.1965000E+01  0.5000000E+01  0.1000000E+01  0.3000000E-01
  0.1091338E+01  0.4545454E-01  0.1960000E+01  0.5000000E+01  0.1000000E+01  0.3000000E-01
  0.1091453E+01  0.4543185E-01  0.1955000E+01  0.5000000E+01  0.1000000E+01  0.3000000E-01
  0.1091569E+01  0.4540882E-01  0.1950000E+01  0.5000000E+01  0.1000000E+01  0.3000000E-01
  0.1091685E+01  0.4538544E-01  0.1945000E+01  0.5000000E+01  0.1000000E+01  0.3000000E-01
  0.1091800E+01  0.4536172E-01  0.1940000E+01  0.5000000E+01  0.1000000E+01  0.3000000E-01
  0.1091917E+01  0.4533766E-01  0.1935000E+01  0.5000000E+01  0.1000000E+01  0.3000000E-01
  0.1092033E+01  0.4531325E-01  0.1930000E+01  0.5000000E+01  0.1000000E+01  0.3000000E-01
  0.1092149E+01  0.4528849E-01  0.1925000E+01  0.5000000E+01  0.1000000E+01  0.3000000E-01
  0.1092266E+01  0.4526337E-01  0.1920000E+01  0.5000000E+01  0.1000000E+01  0.3000000E-01
  0.1092383E+01  0.4523791E-01  0.1915000E+01  0.5000000E+01  0.1000000E+01  0.3000000E-01
  0.1092500E+01  0.4521209E-01  0.1910000E+01  0.5000000E+01  0.1000000E+01  0.3000000E-01
  0.1092617E+01  0.4518591E-01  0.1905000E+01  0.5000000E+01  0.1000000E+01  0.3000000E-01
  0.1092734E+01  0.4515937E-01  0.1900000E+01  0.5000000E+01  0.1000000E+01  0.3000000E-01
  0.1092852E+01  0.4513248E-01  0.1895000E+01  0.5000000E+01  0.1000000E+01  0.3000000E-01
  0.1092969E+01  0.4510522E-01  0.1890000E+01  0.5000000E+01  0.1000000E+01  0.3000000E-01
  0.1093087E+01  0.4507760E-01  0.1885000E+01  0.5000000E+01  0.1000000E+01  0.3000000E-01
  0.1093205E+01  0.4504961E-01  0.1880000E+01  0.5000000E+01  0.1000000E+01  0.3000000E-01
  0.1093323E+01  0.4502126E-01  0.1875000E+01  0.5000000E+01  0.1000000E+01  0.3000000E-01
  0.1093441E+01  0.4499254E-01  0.1870000E+01  0.5000000E+01  0.1000000E+01  0.3000000E-01
  0.1093560E+01  0.4496344E-01  0.1865000E+01  0.5000000E+01  0.1000000E+01  0.3000000E-01
  0.1093679E+01  0.4493398E-01  0.1860000E+01  0.5000000E+01  0.1000000E+01  0.3000000E-01
  0.1093797E+01  0.4490414E-01  0.1855000E+01  0.5000000E+01  0.1000000E+01  0.3000000E-01
  0.1093916E+01  0.4487392E-01  0.1850000E+01  0.5000000E+01  0.1000000E+01  0.3000000E-01
  0.1094035E+01  0.4484333E-01  0.1845000E+01  0.5000000E+01  0.1000000E+01  0.3000000E-01
  0.1094155E+01  0.4481236E-01  0.1840000E+01  0.5000000E+01  0.1000000E+01  0.3000000E-01
  0.1094274E+01  0.4478100E-01  0.1835000E+01  0.5000000E+01  0.1000000E+01  0.3000000E-01
  0.1094394E+01  0.4474927E-01  0.1830000E+01  0.5000000E+01  0.1000000E+01  0.3000000E-01
  0.1094513E+01  0.4471715E-01  0.1825000E+01  0.5000000E+01  0.1000000E+01  0.3000000E-01
  0.1094633E+01  0.4468464E-01  0.1820000E+01  0.5000000E+01  0.1000000E+01  0.3000000E-01
  0.1094753E+01  0.4465174E-01  0.1815000E+01  0.5000000E+01  0.1000000E+01  0.3000000E-01
  0.1094874E+01  0.4461846E-01  0.1810000E+01  0.5000000E+01  0.1000000E+01  0.3000000E-01
  0.1094994E+01  0.4458478E-01  0.1805000E+01  0.5000000E+01  0.1000000E+01  0.3000000E-01
  0.1095114E+01  0.4455071E-01  0.1800000E+01  0.5000000E+01  0.1000000E+01  0.3000000E-01
  0.1095235E+01  0.4451624E-01  0.1795000E+01  0.5000000E+01  0.1000000E+01  0.3000000E-01
  0.1095356E+01  0.4448138E-01  0.1790000E+01  0.5000000E+01  0.1000000E+01  0.3000000E-01
  0.1095477E+01  0.4444612E-01  0.1785000E+01  0.5000000E+01  0.1000000E+01  0.3000000E-01
  0.1095598E+01  0.4441046E-01  0.1780000E+01  0.5000000E+01  0.1000000E+01  0.3000000E-01
  0.1095719E+01  0.4437439E-01  0.1775000E+01  0.5000000E+01  0.1000000E+01  0.3000000E-01
  0.1095840E+01  0.4433792E-01  0.1770000E+01  0.5000000E+01  0.1000000E+01  0.3000000E-01
  0.1095962E+01  0.4430105E-01  0.1765000E+01  0.5000000E+01  0.1000000E+01  0.3000000E-01
  0.1096084E+01  0.4426377E-01  0.1760000E+01  0.5000000E+01  0.1000000E+01  0.3000000E-01
  0.1096205E+01  0.4422608E-01  0.1755000E+01  0.5000000E+01  0.1000000E+01  0.3000000E-01
  0.1096327E+01  0.4418797E-01  0.1750000E+01  0.5000000E+01  0.1000000E+01  0.3000000E-01
  0.1096449E+01  0.4414946E-01  0.1745000E+01  0.5000000E+01  0.1000000E+01  0.3000000E-01
  0.1096572E+01  0.4411053E-01  0.1740000E+01  0.5000000E+01  0.1000000E+01  0.3000000E-01
  0.1096694E+01  0.4407118E-01  0.1735000E+01  0.5000000E+01  0.1000000E+01  0.3000000E-01
  0.1096816E+01  0.4403142E-01  0.1730000E+01  0.5000000E+01  0.1000000E+01  0.3000000E-01
  0.1096939E+01  0.4399123E-01  0.1725000E+01  0.5000000E+01  0.1000000E+01  0.3000000E-01
  0.1097062E+01  0.4395063E-01  0.1720000E+01  0.5000000E+01  0.1000000E+01  0.3000000E-01
  0.1097184E+01  0.4390960E-01  0.1715000E+01  0.5000000E+01  0.1000000E+01  0.3000000E-01
  0.1097307E+01  0.4386814E-01  0.1710000E+01  0.5000000E+01  0.1000000E+01  0.3000000E-01
  0.1097430E+01  0.4382626E-01  0.1705000E+01  0.5000000E+01  0.1000000E+01  0.3000000E-01
  0.1097554E+01  0.4378395E-01  0.1700000E+01  0.5000000E+01  0.1000000E+01  0.3000000E-01
  0.1097677E+01  0.4374121E-01  0.1695000E+01  0.5000000E+01  0.1000000E+01  0.3000000E-01
  0.1097800E+01  0.4369804E-01  0.1690000E+01  0.5000000E+01  0.1000000E+01  0.3000000E-01
  0.1097924E+01  0.4365443E-01  0.1685000E+01  0.5000000E+01  0.1000000E+01  0.3000000E-01
  0.1098048E+01  0.4361039E-01  0.1680000E+01  0.5000000E+01  0.1000000E+01  0.3000000E-01
  0.1098172E+01  0.4356591E-01  0.1675000E+01  0.5000000E+01  0.1000000E+01  0.3000000E-01
  0.1098295E+01  0.4352099E-01  0.1670000E+01  0.5000000E+01  0.1000000E+01  0.3000000E-01
  0.1098419E+01  0.4347563E-01  0.1665000E+01  0.5000000E+01  0.1000000E+01  0.3000000E-01
  0.1098544E+01  0.4342983E-01  0.1660000E+01  0.5000000E+01  0.1000000E+01  0.3000000E-01
  0.1098668E+01  0.4338358E-01  0.1655000E+01  0.5000000E+01  0.1000000E+01  0.3000000E-01
  0.1098792E+01  0.4333689E-01  0.1650000E+01  0.5000000E+01  0.1000000E+01  0.3000000E-01
  0.1098917E+01  0.4328975E-01  0.1645000E+01  0.5000000E+01  0.1000000E+01  0.3000000E-01
  0.1099041E+01  0.4324216E-01  0.1640000E+01  0.5000000E+01  0.1000000E+01  0.3000000E-01
  0.1099166E+01  0.4319412E-01  0.1635000E+01  0.5000000E+01  0.1000000E+01  0.3000000E-01
  0.1099291E+01  0.4314563E-01  0.1630000E+01  0.5000000E+01  0.1000000E+01  0.3000000E-01
  0.1099415E+01  0.4309668E-01  0.1625000E+01  0.5000000E+01  0.1000000E+01  0.3000000E-01
  0.1099540E+01  0.4304728E-01  0.1620000E+01  0.5000000E+01  0.1000000E+01  0.3000000E-01
  0.1099665E+01  0.4299742E-01  0.1615000E+01  0.5000000E+01  0.1000000E+01  0.3000000E-01
  0.1099791E+01  0.4294710E-01  0.1610000E+01  0.5000000E+01  0.1000000E+01  0.3000000E-01
  0.1099916E+01  0.4289631E-01  0.1605000E+01  0.5000000E+01  0.1000000E+01  0.3000000E-01
  0.1100041E+01  0.4284507E-01  0.1600000E+01  0.5000000E+01  0.1000000E+01  0.3000000E-01
  0.1100167E+01  0.4279336E-01  0.1595000E+01  0.5000000E+01  0.1000000E+01  0.3000000E-01
  0.1100292E+01  0.4274118E-01  0.1590000E+01  0.5000000E+01  0.1000000E+01  0.3000000E-01
  0.1100418E+01  0.4268854E-01  0.1585000E+01  0.5000000E+01  0.1000000E+01  0.3000000E-01
  0.1100543E+01  0.4263542E-01  0.1580000E+01  0.5000000E+01  0.1000000E+01  0.3000000E-01
  0.1100669E+01  0.4258184E-01  0.1575000E+01  0.5000000E+01  0.1000000E+01  0.3000000E-01
  0.1100795E+01  0.4252778E-01  0.1570000E+01  0.5000000E+01  0.1000000E+01  0.3000000E-01
  0.1100921E+01  0.4247325E-01  0.1565000E+01  0.5000000E+01  0.1000000E+01  0.3000000E-01
  0.1101047E+01  0.4241824E-01  0.1560000E+01  0.5000000E+01  0.1000000E+01  0.3000000E-01
  0.1101173E+01  0.4236275E-01  0.1555000E+01  0.5000000E+01  0.1000000E+01  0.3000000E-01
  0.1101299E+01  0.4230679E-01  0.1550000E+01  0.5000000E+01  0.1000000E+01  0.3000000E-01
  0.1101425E+01  0.4225034E-01  0.1545000E+01  0.5000000E+01  0.1000000E+01  0.3000000E-01
  0.1101551E+01  0.4219341E-01  0.1540000E+01  0.5000000E+01  0.1000000E+01  0.3000000E-01
  0.1101678E+01  0.4213600E-01  0.1535000E+01  0.5000000E+01  0.1000000E+01  0.3000000E-01
  0.1101804E+01  0.4207809E-01  0.1530000E+01  0.5000000E+01  0.1000000E+01  0.3000000E-01
  0.1101931E+01  0.4201971E-01  0.1525000E+01  0.5000000E+01  0.1000000E+01  0.3000000E-01
  0.1102057E+01  0.4196083E-01  0.1520000E+01  0.5000000E+01  0.1000000E+01  0.3000000E-01
  0.1102184E+01  0.4190146E-01  0.1515000E+01  0.5000000E+01  0.1000000E+01  0.3000000E-01
  0.1102310E+01  0.4184160E-01  0.1510000E+01  0.5000000E+01  0.1000000E+01  0.3000000E-01
  0.1102437E+01  0.4178125E-01  0.1505000E+01  0.5000000E+01  0.1000000E+01  0.3000000E-01
  0.1102564E+01  0.4172040E-01  0.1500000E+01  0.5000000E+01  0.1000000E+01  0.3000000E-01
  0.1102690E+01  0.4165905E-01  0.1495000E+01  0.5000000E+01  0.1000000E+01  0.3000000E-01
  0.1102817E+01  0.4159721E-01  0.1490000E+01  0.5000000E+01  0.1000000E+01  0.3000000E-01
  0.1102944E+01  0.4153487E-01  0.1485000E+01  0.5000000E+01  0.1000000E+01  0.3000000E-01
  0.1103071E+01  0.4147202E-01  0.1480000E+01  0.5000000E+01  0.1000000E+01  0.3000000E-01
  0.1103198E+01  0.4140867E-01  0.1475000E+01  0.5000000E+01  0.1000000E+01  0.3000000E-01
  0.1103325E+01  0.4134482E-01  0.1470000E+01  0.5000000E+01  0.1000000E+01  0.3000000E-01
  0.1103452E+01  0.4128046E-01  0.1465000E+01  0.5000000E+01  0.1000000E+01  0.3000000E-01
  0.1103579E+01  0.4121559E-01  0.1460000E+01  0.5000000E+01  0.1000000E+01  0.3000000E-01
  0.1103706E+01  0.4115022E-01  0.1455000E+01  0.5000000E+01  0.1000000E+01  0.3000000E-01
  0.1103833E+01  0.4108433E-01  0.1450000E+01  0.5000000E+01  0.1000000E+01  0.3000000E-01
  0.1103960E+01  0.4101793E-01  0.1445000E+01  0.5000000E+01  0.1000000E+01  0.3000000E-01
  0.1104087E+01  0.4095102E-01  0.1440000E+01  0.5000000E+01  0.1000000E+01  0.3000000E-01
  0.1104215E+01  0.4088359E-01  0.1435000E+01  0.5000000E+01  0.1000000E+01  0.3000000E-01
  0.1104342E+01  0.4081565E-01  0.1430000E+01  0.5000000E+01  0.1000000E+01  0.3000000E-01
  0.1104469E+01  0.4074719E-01  0.1425000E+01  0.5000000E+01  0.1000000E+01  0.3000000E-01
  0.1104596E+01  0.4067821E-01  0.1420000E+01  0.5000000E+01  0.1000000E+01  0.3000000E-01
  0.1104723E+01  0.4060871E-01  0.1415000E+01  0.5000000E+01  0.1000000E+01  0.3000000E-01
  0.1104851E+01  0.4053869E-01  0.1410000E+01  0.5000000E+01  0.1000000E+01  0.3000000E-01
  0.1104978E+01  0.4046815E-01  0.1405000E+01  0.5000000E+01  0.1000000E+01  0.3000000E-01
  0.1105105E+01  0.4039708E-01  0.1400000E+01  0.5000000E+01  0.1000000E+01  0.3000000E-01
  0.1105233E+01  0.4032548E-01  0.1395000E+01  0.5000000E+01  0.1000000E+01  0.3000000E-01
  0.1105360E+01  0.4025336E-01  0.1390000E+01  0.5000000E+01  0.1000000E+01  0.3000000E-01
  0.1105487E+01  0.4018071E-01  0.1385000E+01  0.5000000E+01  0.1000000E+01  0.3000000E-01
  0.1105614E+01  0.4010753E-01  0.1380000E+01  0.5000000E+01  0.1000000E+01  0.3000000E-01
  0.1105742E+01  0.4003381E-01  0.1375000E+01  0.5000000E+01  0.1000000E+01  0.3000000E-01
  0.1105869E+01  0.3995957E-01  0.1370000E+01  0.5000000E+01  0.1000000E+01  0.3000000E-01
  0.1105996E+01  0.3988479E-01  0.1365000E+01  0.5000000E+01  0.1000000E+01  0.3000000E-01
  0.1106123E+01  0.3980947E-01  0.1360000E+01  0.5000000E+01  0.1000000E+01  0.3000000E-01
  0.1106250E+01  0.3973362E-01  0.1355000E+01  0.5000000E+01  0.1000000E+01  0.3000000E-01
  0.1106378E+01  0.3965724E-01  0.1350000E+01  0.5000000E+01  0.1000000E+01  0.3000000E-01
  0.1106505E+01  0.3958031E-01  0.1345000E+01  0.5000000E+01  0.1000000E+01  0.3000000E-01
  0.1106632E+01  0.3950284E-01  0.1340000E+01  0.5000000E+01  0.1000000E+01  0.3000000E-01
  0.1106759E+01  0.3942483E-01  0.1335000E+01  0.5000000E+01  0.1000000E+01  0.3000000E-01
  0.1106886E+01  0.3934628E-01  0.1330000E+01  0.5000000E+01  0.1000000E+01  0.3000000E-01
  0.1107013E+01  0.3926719E-01  0.1325000E+01  0.5000000E+01  0.1000000E+01  0.3000000E-01
  0.1107140E+01  0.3918755E-01  0.1320000E+01  0.5000000E+01  0.1000000E+01  0.3000000E-01
  0.1107267E+01  0.3910736E-01  0.1315000E+01  0.5000000E+01  0.1000000E+01  0.3000000E-01
  0.1107394E+01  0.3902663E-01  0.1310000E+01  0.5000000E+01  0.1000000E+01  0.3000000E-01
  0.1107521E+01  0.3894535E-01  0.1305000E+01  0.5000000E+01  0.1000000E+01  0.3000000E-01
  0.1107647E+01  0.3886352E-01  0.1300000E+01  0.5000000E+01  0.1000000E+01  0.3000000E-01
  0.1107774E+01  0.3878114E-01  0.1295000E+01  0.5000000E+01  0.1000000E+01  0.3000000E-01
  0.1107901E+01  0.3869821E-01  0.1290000E+01  0.5000000E+01  0.1000000E+01  0.3000000E-01
  0.1108028E+01  0.3861472E-01  0.1285000E+01  0.5000000E+01  0.1000000E+01  0.3000000E-01
  0.1108154E+01  0.3853068E-01  0.1280000E+01  0.5000000E+01  0.1000000E+01  0.3000000E-01
  0.1108281E+01  0.3844609E-01  0.1275000E+01  0.5000000E+01  0.1000000E+01  0.3000000E-01
  0.1108407E+01  0.3836094E-01  0.1270000E+01  0.5000000E+01  0.1000000E+01  0.3000000E-01
  0.1108533E+01  0.3827524E-01  0.1265000E+01  0.5000000E+01  0.1000000E+01  0.3000000E-01
  0.1108660E+01  0.3818897E-01  0.1260000E+01  0.5000000E+01  0.1000000E+01  0.3000000E-01
  0.1108786E+01  0.3810215E-01  0.1255000E+01  0.5000000E+01  0.1000000E+01  0.3000000E-01
  0.1108912E+01  0.3801477E-01  0.1250000E+01  0.5000000E+01  0.1000000E+01  0.3000000E-01
  0.1109038E+01  0.3792683E-01  0.1245000E+01  0.5000000E+01  0.1000000E+01  0.3000000E-01
  0.1109164E+01  0.3783833E-01  0.1240000E+01  0.5000000E+01  0.1000000E+01  0.3000000E-01
  0.1109290E+01  0.3774926E-01  0.1235000E+01  0.5000000E+01  0.1000000E+01  0.3000000E-01
  0.1109416E+01  0.3765963E-01  0.1230000E+01  0.5000000E+01  0.1000000E+01  0.3000000E-01
  0.1109542E+01  0.3756944E-01  0.1225000E+01  0.5000000E+01  0.1000000E+01  0.3000000E-01
  0.1109667E+01  0.3747868E-01  0.1220000E+01  0.5000000E+01  0.1000000E+01  0.3000000E-01
  0.1109793E+01  0.3738736E-01  0.1215000E+01  0.5000000E+01  0.1000000E+01  0.3000000E-01
  0.1109918E+01  0.3729547E-01  0.1210000E+01  0.5000000E+01  0.1000000E+01  0.3000000E-01
  0.1110044E+01  0.3720301E-01  0.1205000E+01  0.5000000E+01  0.1000000E+01  0.3000000E-01
  0.1110169E+01  0.3710999E-01  0.1200000E+01  0.5000000E+01  0.1000000E+01  0.3000000E-01
  0.1110294E+01  0.3701639E-01  0.1195000E+01  0.5000000E+01  0.1000000E+01  0.3000000E-01
  0.1110419E+01  0.3692223E-01  0.1190000E+01  0.5000000E+01  0.1000000E+01  0.3000000E-01
  0.1110544E+01  0.3682749E-01  0.1185000E+01  0.5000000E+01  0.1000000E+01  0.3000000E-01
  0.1110669E+01  0.3673219E-01  0.1180000E+01  0.5000000E+01  0.1000000E+01  0.3000000E-01
  0.1110793E+01  0.3663631E-01  0.1175000E+01  0.5000000E+01  0.1000000E+01  0.3000000E-01
  0.1110918E+01  0.3653986E-01  0.1170000E+01  0.5000000E+01  0.1000000E+01  0.3000000E-01
  0.1111042E+01  0.3644284E-01  0.1165000E+01  0.5000000E+01  0.1000000E+01  0.3000000E-01
  0.1111167E+01  0.3634525E-01  0.1160000E+01  0.5000000E+01  0.1000000E+01  0.3000000E-01
  0.1111291E+01  0.3624708E-01  0.1155000E+01  0.5000000E+01  0.1000000E+01  0.3000000E-01
  0.1111415E+01  0.3614833E-01  0.1150000E+01  0.5000000E+01  0.1000000E+01  0.3000000E-01
  0.1111539E+01  0.3604901E-01  0.1145000E+01  0.5000000E+01  0.1000000E+01  0.3000000E-01
  0.1111662E+01  0.3594911E-01  0.1140000E+01  0.5000000E+01  0.1000000E+01  0.3000000E-01
  0.1111786E+01  0.3584864E-01  0.1135000E+01  0.5000000E+01  0.1000000E+01  0.3000000E-01
  0.1111909E+01  0.3574759E-01  0.1130000E+01  0.5000000E+01  0.1000000E+01  0.3000000E-01
  0.1112032E+01  0.3564596E-01  0.1125000E+01  0.5000000E+01  0.1000000E+01  0.3000000E-01
  0.1112156E+01  0.3554376E-01  0.1120000E+01  0.5000000E+01  0.1000000E+01  0.3000000E-01
  0.1112279E+01  0.3544098E-01  0.1115000E+01  0.5000000E+01  0.1000000E+01  0.3000000E-01
  0.1112401E+01  0.3533761E-01  0.1110000E+01  0.5000000E+01  0.1000000E+01  0.3000000E-01
  0.1112524E+01  0.3523367E-01  0.1105000E+01  0.5000000E+01  0.1000000E+01  0.3000000E-01
  0.1112646E+01  0.3512915E-01  0.1100000E+01  0.5000000E+01  0.1000000E+01  0.3000000E-01
  0.1112769E+01  0.3502405E-01  0.1095000E+01  0.5000000E+01  0.1000000E+01  0.3000000E-01
  0.1112891E+01  0.3491837E-01  0.1090000E+01  0.5000000E+01  0.1000000E+01  0.3000000E-01
  0.1113012E+01  0.3481211E-01  0.1085000E+01  0.5000000E+01  0.1000000E+01  0.3000000E-01
  0.1113134E+01  0.3470527E-01  0.1080000E+01  0.5000000E+01  0.1000000E+01  0.3000000E-01
  0.1113256E+01  0.3459784E-01  0.1075000E+01  0.5000000E+01  0.1000000E+01  0.3000000E-01
  0.1113377E+01  0.3448984E-01  0.1070000E+01  0.5000000E+01  0.1000000E+01  0.3000000E-01
  0.1113498E+01  0.3438125E-01  0.1065000E+01  0.5000000E+01  0.1000000E+01  0.3000000E-01
  0.1113619E+01  0.3427209E-01  0.1060000E+01  0.5000000E+01  0.1000000E+01  0.3000000E-01
  0.1113740E+01  0.3416234E-01  0.1055000E+01  0.5000000E+01  0.1000000E+01  0.3000000E-01
  0.1113860E+01  0.3405201E-01  0.1050000E+01  0.5000000E+01  0.1000000E+01  0.3000000E-01
  0.1113981E+01  0.3394109E-01  0.1045000E+01  0.5000000E+01  0.1000000E+01  0.3000000E-01
  0.1114101E+01  0.3382960E-01  0.1040000E+01  0.5000000E+01  0.1000000E+01  0.3000000E-01
  0.1114221E+01  0.3371752E-01  0.1035000E+01  0.5000000E+01  0.1000000E+01  0.3000000E-01
  0.1114340E+01  0.3360486E-01  0.1030000E+01  0.5000000E+01  0.1000000E+01  0.3000000E-01
  0.1114460E+01  0.3349162E-01  0.1025000E+01  0.5000000E+01  0.1000000E+01  0.3000000E-01
  0.1114579E+01  0.3337779E-01  0.1020000E+01  0.5000000E+01  0.1000000E+01  0.3000000E-01
  0.1114698E+01  0.3326339E-01  0.1015000E+01  0.5000000E+01  0.1000000E+01  0.3000000E-01
  0.1114817E+01  0.3314840E-01  0.1010000E+01  0.5000000E+01  0.1000000E+01  0.3000000E-01
  0.1114935E+01  0.3303283E-01  0.1005000E+01  0.5000000E+01  0.1000000E+01  0.3000000E-01
  0.1115053E+01  0.3291667E-01  0.1000000E+01  0.5000000E+01  0.1000000E+01  0.3000000E-01
  0.1115171E+01  0.3279994E-01  0.9950000E+00  0.5000000E+01  0.1000000E+01  0.3000000E-01
  0.1115289E+01  0.3268262E-01  0.9900000E+00  0.5000000E+01  0.1000000E+01  0.3000000E-01
  0.1115407E+01  0.3256472E-01  0.9850000E+00  0.5000000E+01  0.1000000E+01  0.3000000E-01
  0.1115524E+01  0.3244624E-01  0.9800000E+00  0.5000000E+01  0.1000000E+01  0.3000000E-01
  0.1115641E+01  0.3232718E-01  0.9750000E+00  0.5000000E+01  0.1000000E+01  0.3000000E-01
  0.1115758E+01  0.3220754E-01  0.9700000E+00  0.5000000E+01  0.1000000E+01  0.3000000E-01
  0.1115874E+01  0.3208732E-01  0.9650000E+00  0.5000000E+01  0.1000000E+01  0.3000000E-01
  0.1115991E+01  0.3196651E-01  0.9600000E+00  0.5000000E+01  0.1000000E+01  0.3000000E-01
  0.1116106E+01  0.3184513E-01  0.9550000E+00  0.5000000E+01  0.1000000E+01  0.3000000E-01
  0.1116222E+01  0.3172317E-01  0.9500000E+00  0.5000000E+01  0.1000000E+01  0.3000000E-01
  0.1116338E+01  0.3160062E-01  0.9450000E+00  0.5000000E+01  0.1000000E+01  0.3000000E-01
  0.1116453E+01  0.3147750E-01  0.9400000E+00  0.5000000E+01  0.1000000E+01  0.3000000E-01
  0.1116567E+01  0.3135380E-01  0.9350000E+00  0.5000000E+01  0.1000000E+01  0.3000000E-01
  0.1116682E+01  0.3122952E-01  0.9300000E+00  0.5000000E+01  0.1000000E+01  0.3000000E-01
  0.1116796E+01  0.3110467E-01  0.9250000E+00  0.5000000E+01  0.1000000E+01  0.3000000E-01
  0.1116910E+01  0.3097924E-01  0.9200000E+00  0.5000000E+01  0.1000000E+01  0.3000000E-01
  0.1117024E+01  0.3085323E-01  0.9150000E+00  0.5000000E+01  0.1000000E+01  0.3000000E-01
  0.1117137E+01  0.3072664E-01  0.9100000E+00  0.5000000E+01  0.1000000E+01  0.3000000E-01
  0.1117250E+01  0.3059948E-01  0.9050000E+00  0.5000000E+01  0.1000000E+01  0.3000000E-01
  0.1117363E+01  0.3047175E-01  0.9000000E+00  0.5000000E+01  0.1000000E+01  0.3000000E-01
  0.1117475E+01  0.3034344E-01  0.8950000E+00  0.5000000E+01  0.1000000E+01  0.3000000E-01
  0.1117587E+01  0.3021456E-01  0.8900000E+00  0.5000000E+01  0.1000000E+01  0.3000000E-01
  0.1117699E+01  0.3008510E-01  0.8850000E+00  0.5000000E+01  0.1000000E+01  0.3000000E-01
  0.1117810E+01  0.2995508E-01  0.8800000E+00  0.5000000E+01  0.1000000E+01  0.3000000E-01
  0.1117922E+01  0.2982448E-01  0.8750000E+00  0.5000000E+01  0.1000000E+01  0.3000000E-01
  0.1118032E+01  0.2969331E-01  0.8700000E+00  0.5000000E+01  0.1000000E+01  0.3000000E-01
  0.1118143E+01  0.2956157E-01  0.8650000E+00  0.5000000E+01  0.1000000E+01  0.3000000E-01
  0.1118253E+01  0.2942927E-01  0.8600000E+00  0.5000000E+01  0.1000000E+01  0.3000000E-01
  0.1118363E+01  0.2929639E-01  0.8550000E+00  0.5000000E+01  0.1000000E+01  0.3000000E-01
  0.1118472E+01  0.2916295E-01  0.8500000E+00  0.5000000E+01  0.1000000E+01  0.3000000E-01
  0.1118581E+01  0.2902895E-01  0.8450000E+00  0.5000000E+01  0.1000000E+01  0.3000000E-01
  0.1118690E+01  0.2889437E-01  0.8400000E+00  0.5000000E+01  0.1000000E+01  0.3000000E-01
  0.1118798E+01  0.2875924E-01  0.8350000E+00  0.5000000E+01  0.1000000E+01  0.3000000E-01
  0.1118906E+01  0.2862354E-01  0.8300000E+00  0.5000000E+01  0.1000000E+01  0.3000000E-01
  0.1119013E+01  0.2848728E-01  0.8250000E+00  0.5000000E+01  0.1000000E+01  0.3000000E-01
  0.1119121E+01  0.2835045E-01  0.8200000E+00  0.5000000E+01  0.1000000E+01  0.3000000E-01
  0.1119227E+01  0.2821307E-01  0.8150000E+00  0.5000000E+01  0.1000000E+01  0.3000000E-01
  0.1119334E+01  0.2807513E-01  0.8100000E+00  0.5000000E+01  0.1000000E+01  0.3000000E-01
  0.1119440E+01  0.2793663E-01  0.8050000E+00  0.5000000E+01  0.1000000E+01  0.3000000E-01
  0.1119546E+01  0.2779758E-01  0.8000000E+00  0.5000000E+01  0.1000000E+01  0.3000000E-01
  0.1119651E+01  0.2765797E-01  0.7950000E+00  0.5000000E+01  0.1000000E+01  0.3000000E-01
  0.1119756E+01  0.2751781E-01  0.7900000E+00  0.5000000E+01  0.1000000E+01  0.3000000E-01
  0.1119860E+01  0.2737709E-01  0.7850000E+00  0.5000000E+01  0.1000000E+01  0.3000000E-01
  0.1119964E+01  0.2723582E-01  0.7800000E+00  0.5000000E+01  0.1000000E+01  0.3000000E-01
  0.1120068E+01  0.2709401E-01  0.7750000E+00  0.5000000E+01  0.1000000E+01  0.3000000E-01
  0.1120171E+01  0.2695164E-01  0.7700000E+00  0.5000000E+01  0.1000000E+01  0.3000000E-01
  0.1120274E+01  0.2680873E-01  0.7650000E+00  0.5000000E+01  0.1000000E+01  0.3000000E-01
  0.1120377E+01  0.2666527E-01  0.7600000E+00  0.5000000E+01  0.1000000E+01  0.3000000E-01
  0.1120479E+01  0.2652126E-01  0.7550000E+00  0.5000000E+01  0.1000000E+01  0.3000000E-01
  0.1120580E+01  0.2637672E-01  0.7500000E+00  0.5000000E+01  0.1000000E+01  0.3000000E-01
  0.1120682E+01  0.2623163E-01  0.7450000E+00  0.5000000E+01  0.1000000E+01  0.3000000E-01
  0.1120782E+01  0.2608600E-01  0.7400000E+00  0.5000000E+01  0.1000000E+01  0.3000000E-01
  0.1120883E+01  0.2593984E-01  0.7350000E+00  0.5000000E+01  0.1000000E+01  0.3000000E-01
  0.1120983E+01  0.2579313E-01  0.7300000E+00  0.5000000E+01  0.1000000E+01  0.3000000E-01
  0.1121082E+01  0.2564590E-01  0.7250000E+00  0.5000000E+01  0.1000000E+01  0.3000000E-01
  0.1121181E+01  0.2549812E-01  0.7200000E+00  0.5000000E+01  0.1000000E+01  0.3000000E-01
  0.1121280E+01  0.2534982E-01  0.7150000E+00  0.5000000E+01  0.1000000E+01  0.3000000E-01
  0.1121378E+01  0.2520099E-01  0.7100000E+00  0.5000000E+01  0.1000000E+01  0.3000000E-01
  0.1121475E+01  0.2505163E-01  0.7050000E+00  0.5000000E+01  0.1000000E+01  0.3000000E-01
  0.1121573E+01  0.2490174E-01  0.7000000E+00  0.5000000E+01  0.1000000E+01  0.3000000E-01
  0.1121669E+01  0.2475133E-01  0.6950000E+00  0.5000000E+01  0.1000000E+01  0.3000000E-01
  0.1121766E+01  0.2460039E-01  0.6900000E+00  0.5000000E+01  0.1000000E+01  0.3000000E-01
  0.1121861E+01  0.2444894E-01  0.6850000E+00  0.5000000E+01  0.1000000E+01  0.3000000E-01
  0.1121957E+01  0.2429696E-01  0.6800000E+00  0.5000000E+01  0.1000000E+01  0.3000000E-01
  0.1122051E+01  0.2414447E-01  0.6750000E+00  0.5000000E+01  0.1000000E+01  0.3000000E-01
  0.1122146E+01  0.2399146E-01  0.6700000E+00  0.5000000E+01  0.1000000E+01  0.3000000E-01
  0.1122240E+01  0.2383794E-01  0.6650000E+00  0.5000000E+01  0.1000000E+01  0.3000000E-01
  0.1122333E+01  0.2368391E-01  0.6600000E+00  0.5000000E+01  0.1000000E+01  0.3000000E-01
  0.1122426E+01  0.2352936E-01  0.6550000E+00  0.5000000E+01  0.1000000E+01  0.3000000E-01
  0.1122518E+01  0.2337431E-01  0.6500000E+00  0.5000000E+01  0.1000000E+01  0.3000000E-01
  0.1122610E+01  0.2321876E-01  0.6450000E+00  0.5000000E+01  0.1000000E+01  0.3000000E-01
  0.1122702E+01  0.2306270E-01  0.6400000E+00  0.5000000E+01  0.1000000E+01  0.3000000E-01
  0.1122793E+01  0.2290614E-01  0.6350000E+00  0.5000000E+01  0.1000000E+01  0.3000000E-01
  0.1122883E+01  0.2274909E-01  0.6300000E+00  0.5000000E+01  0.1000000E+01  0.3000000E-01
  0.1122973E+01  0.2259153E-01  0.6250000E+00  0.5000000E+01  0.1000000E+01  0.3000000E-01
  0.1123062E+01  0.2243349E-01  0.6200000E+00  0.5000000E+01  0.1000000E+01  0.3000000E-01
  0.1123151E+01  0.2227495E-01  0.6150000E+00  0.5000000E+01  0.1000000E+01  0.3000000E-01
  0.1123239E+01  0.2211592E-01  0.6100000E+00  0.5000000E+01  0.1000000E+01  0.3000000E-01
  0.1123327E+01  0.2195640E-01  0.6050000E+00  0.5000000E+01  0.1000000E+01  0.3000000E-01
  0.1123414E+01  0.2179640E-01  0.6000000E+00  0.5000000E+01  0.1000000E+01  0.3000000E-01
  0.1123501E+01  0.2163591E-01  0.5950000E+00  0.5000000E+01  0.1000000E+01  0.3000000E-01
  0.1123587E+01  0.2147495E-01  0.5900000E+00  0.5000000E+01  0.1000000E+01  0.3000000E-01
  0.1123673E+01  0.2131351E-01  0.5850000E+00  0.5000000E+01  0.1000000E+01  0.3000000E-01
  0.1123758E+01  0.2115159E-01  0.5800000E+00  0.5000000E+01  0.1000000E+01  0.3000000E-01
  0.1123843E+01  0.2098920E-01  0.5750000E+00  0.5000000E+01  0.1000000E+01  0.3000000E-01
  0.1123927E+01  0.2082634E-01  0.5700000E+00  0.5000000E+01  0.1000000E+01  0.3000000E-01
  0.1124010E+01  0.2066301E-01  0.5650000E+00  0.5000000E+01  0.1000000E+01  0.3000000E-01
  0.1124093E+01  0.2049921E-01  0.5600000E+00  0.5000000E+01  0.1000000E+01  0.3000000E-01
  0.1124175E+01  0.2033496E-01  0.5550000E+00  0.5000000E+01  0.1000000E+01  0.3000000E-01
  0.1124257E+01  0.2017024E-01  0.5500000E+00  0.5000000E+01  0.1000000E+01  0.3000000E-01
  0.1124338E+01  0.2000507E-01  0.5450000E+00  0.5000000E+01  0.1000000E+01  0.3000000E-01
  0.1124419E+01  0.1983944E-01  0.5400000E+00  0.5000000E+01  0.1000000E+01  0.3000000E-01
  0.1124499E+01  0.1967336E-01  0.5350000E+00  0.5000000E+01  0.1000000E+01  0.3000000E-01
  0.1124579E+01  0.1950683E-01  0.5300000E+00  0.5000000E+01  0.1000000E+01  0.3000000E-01
  0.1124658E+01  0.1933985E-01  0.5250000E+00  0.5000000E+01  0.1000000E+01  0.3000000E-01
  0.1124736E+01  0.1917243E-01  0.5200000E+00  0.5000000E+01  0.1000000E+01  0.3000000E-01
  0.1124814E+01  0.1900457E-01  0.5150000E+00  0.5000000E+01  0.1000000E+01  0.3000000E-01
  0.1124891E+01  0.1883627E-01  0.5100000E+00  0.5000000E+01  0.1000000E+01  0.3000000E-01
  0.1124967E+01  0.1866754E-01  0.5050000E+00  0.5000000E+01  0.1000000E+01  0.3000000E-01
  0.1125043E+01  0.1849837E-01  0.5000000E+00  0.5000000E+01  0.1000000E+01  0.3000000E-01
  0.1125119E+01  0.1832878E-01  0.4950000E+00  0.5000000E+01  0.1000000E+01  0.3000000E-01
  0.1125194E+01  0.1815875E-01  0.4900000E+00  0.5000000E+01  0.1000000E+01  0.3000000E-01
  0.1125268E+01  0.1798831E-01  0.4850000E+00  0.5000000E+01  0.1000000E+01  0.3000000E-01
  0.1125341E+01  0.1781744E-01  0.4800000E+00  0.5000000E+01  0.1000000E+01  0.3000000E-01
  0.1125414E+01  0.1764616E-01  0.4750000E+00  0.5000000E+01  0.1000000E+01  0.3000000E-01
  0.1125487E+01  0.1747446E-01  0.4700000E+00  0.5000000E+01  0.1000000E+01  0.3000000E-01
  0.1125558E+01  0.1730236E-01  0.4650000E+00  0.5000000E+01  0.1000000E+01  0.3000000E-01
  0.1125629E+01  0.1712984E-01  0.4600000E+00  0.5000000E+01  0.1000000E+01  0.3000000E-01
  0.1125700E+01  0.1695692E-01  0.4550000E+00  0.5000000E+01  0.1000000E+01  0.3000000E-01
  0.1125770E+01  0.1678360E-01  0.4500000E+00  0.5000000E+01  0.1000000E+01  0.3000000E-01
  0.1125839E+01  0.1660987E-01  0.4450000E+00  0.5000000E+01  0.1000000E+01  0.3000000E-01
  0.1125908E+01  0.1643576E-01  0.4400000E+00  0.5000000E+01  0.1000000E+01  0.3000000E-01
  0.1125976E+01  0.1626125E-01  0.4350000E+00  0.5000000E+01  0.1000000E+01  0.3000000E-01
  0.1126043E+01  0.1608635E-01  0.4300000E+00  0.5000000E+01  0.1000000E+01  0.3000000E-01
  0.1126110E+01  0.1591107E-01  0.4250000E+00  0.5000000E+01  0.1000000E+01  0.3000000E-01
  0.1126176E+01  0.1573540E-01  0.4200000E+00  0.5000000E+01  0.1000000E+01  0.3000000E-01
  0.1126241E+01  0.1555936E-01  0.4150000E+00  0.5000000E+01  0.1000000E+01  0.3000000E-01
  0.1126306E+01  0.1538294E-01  0.4100000E+00  0.5000000E+01  0.1000000E+01  0.3000000E-01
  0.1126370E+01  0.1520615E-01  0.4050000E+00  0.5000000E+01  0.1000000E+01  0.3000000E-01
  0.1126434E+01  0.1502899E-01  0.4000000E+00  0.5000000E+01  0.1000000E+01  0.3000000E-01
  0.1126496E+01  0.1485146E-01  0.3950000E+00  0.5000000E+01  0.1000000E+01  0.3000000E-01
  0.1126559E+01  0.1467357E-01  0.3900000E+00  0.5000000E+01  0.1000000E+01  0.3000000E-01
  0.1126620E+01  0.1449533E-01  0.3850000E+00  0.5000000E+01  0.1000000E+01  0.3000000E-01
  0.1126681E+01  0.1431673E-01  0.3800000E+00  0.5000000E+01  0.1000000E+01  0.3000000E-01
  0.1126741E+01  0.1413777E-01  0.3750000E+00  0.5000000E+01  0.1000000E+01  0.3000000E-01
  0.1126801E+01  0.1395847E-01  0.3700000E+00  0.5000000E+01  0.1000000E+01  0.3000000E-01
  0.1126859E+01  0.1377883E-01  0.3650000E+00  0.5000000E+01  0.1000000E+01  0.3000000E-01
  0.1126918E+01  0.1359884E-01  0.3600000E+00  0.5000000E+01  0.1000000E+01  0.3000000E-01
  0.1126975E+01  0.1341852E-01  0.3550000E+00  0.5000000E+01  0.1000000E+01  0.3000000E-01
  0.1127032E+01  0.1323786E-01  0.3500000E+00  0.5000000E+01  0.1000000E+01  0.3000000E-01
  0.1127088E+01  0.1305688E-01  0.3450000E+00  0.5000000E+01  0.1000000E+01  0.3000000E-01
  0.1127143E+01  0.1287557E-01  0.3400000E+00  0.5000000E+01  0.1000000E+01  0.3000000E-01
  0.1127198E+01  0.1269393E-01  0.3350000E+00  0.5000000E+01  0.1000000E+01  0.3000000E-01
  0.1127252E+01  0.1251198E-01  0.3300000E+00  0.5000000E+01  0.1000000E+01  0.3000000E-01
  0.1127306E+01  0.1232971E-01  0.3250000E+00  0.5000000E+01  0.1000000E+01  0.3000000E-01
  0.1127358E+01  0.1214713E-01  0.3200000E+00  0.5000000E+01  0.1000000E+01  0.3000000E-01
  0.1127410E+01  0.1196424E-01  0.3150000E+00  0.5000000E+01  0.1000000E+01  0.3000000E-01
  0.1127461E+01  0.1178105E-01  0.3100000E+00  0.5000000E+01  0.1000000E+01  0.3000000E-01
  0.1127512E+01  0.1159756E-01  0.3050000E+00  0.5000000E+01  0.1000000E+01  0.3000000E-01
  0.1127562E+01  0.1141378E-01  0.3000000E+00  0.5000000E+01  0.1000000E+01  0.3000000E-01
  0.1127611E+01  0.1122970E-01  0.2950000E+00  0.5000000E+01  0.1000000E+01  0.3000000E-01
  0.1127660E+01  0.1104533E-01  0.2900000E+00  0.5000000E+01  0.1000000E+01  0.3000000E-01
  0.1127707E+01  0.1086068E-01  0.2850000E+00  0.5000000E+01  0.1000000E+01  0.3000000E-01
  0.1127754E+01  0.1067575E-01  0.2800000E+00  0.5000000E+01  0.1000000E+01  0.3000000E-01
  0.1127801E+01  0.1049054E-01  0.2750000E+00  0.5000000E+01  0.1000000E+01  0.3000000E-01
  0.1127846E+01  0.1030506E-01  0.2700000E+00  0.5000000E+01  0.1000000E+01  0.3000000E-01
  0.1127891E+01  0.1011931E-01  0.2650000E+00  0.5000000E+01  0.1000000E+01  0.3000000E-01
  0.1127935E+01  0.9933301E-02  0.2600000E+00  0.5000000E+01  0.1000000E+01  0.3000000E-01
  0.1127979E+01  0.9747027E-02  0.2550000E+00  0.5000000E+01  0.1000000E+01  0.3000000E-01
  0.1128022E+01  0.9560497E-02  0.2500000E+00  0.5000000E+01  0.1000000E+01  0.3000000E-01
  0.1128064E+01  0.9373713E-02  0.2450000E+00  0.5000000E+01  0.1000000E+01  0.3000000E-01
  0.1128105E+01  0.9186682E-02  0.2400000E+00  0.5000000E+01  0.1000000E+01  0.3000000E-01
  0.1128146E+01  0.8999406E-02  0.2350000E+00  0.5000000E+01  0.1000000E+01  0.3000000E-01
  0.1128185E+01  0.8811890E-02  0.2300000E+00  0.5000000E+01  0.1000000E+01  0.3000000E-01
  0.1128225E+01  0.8624137E-02  0.2250000E+00  0.5000000E+01  0.1000000E+01  0.3000000E-01
  0.1128263E+01  0.8436153E-02  0.2200000E+00  0.5000000E+01  0.1000000E+01  0.3000000E-01
  0.1128301E+01  0.8247940E-02  0.2150000E+00  0.5000000E+01  0.1000000E+01  0.3000000E-01
  0.1128337E+01  0.8059504E-02  0.2100000E+00  0.5000000E+01  0.1000000E+01  0.3000000E-01
  0.1128374E+01  0.7870848E-02  0.2050000E+00  0.5000000E+01  0.1000000E+01  0.3000000E-01
  0.1128409E+01  0.7681977E-02  0.2000000E+00  0.5000000E+01  0.1000000E+01  0.3000000E-01
  0.1128444E+01  0.7492894E-02  0.1950000E+00  0.5000000E+01  0.1000000E+01  0.3000000E-01
  0.1128478E+01  0.7303605E-02  0.1900000E+00  0.5000000E+01  0.1000000E+01  0.3000000E-01
  0.1128511E+01  0.7114112E-02  0.1850000E+00  0.5000000E+01  0.1000000E+01  0.3000000E-01
  0.1128543E+01  0.6924421E-02  0.1800000E+00  0.5000000E+01  0.1000000E+01  0.3000000E-01
  0.1128575E+01  0.6734536E-02  0.1750000E+00  0.5000000E+01  0.1000000E+01  0.3000000E-01
  0.1128606E+01  0.6544460E-02  0.1700000E+00  0.5000000E+01  0.1000000E+01  0.3000000E-01
  0.1128636E+01  0.6354199E-02  0.1650000E+00  0.5000000E+01  0.1000000E+01  0.3000000E-01
  0.1128666E+01  0.6163757E-02  0.1600000E+00  0.5000000E+01  0.1000000E+01  0.3000000E-01
  0.1128694E+01  0.5973137E-02  0.1550000E+00  0.5000000E+01  0.1000000E+01  0.3000000E-01
  0.1128722E+01  0.5782344E-02  0.1500000E+00  0.5000000E+01  0.1000000E+01  0.3000000E-01
  0.1128749E+01  0.5591383E-02  0.1450000E+00  0.5000000E+01  0.1000000E+01  0.3000000E-01
  0.1128776E+01  0.5400258E-02  0.1400000E+00  0.5000000E+01  0.1000000E+01  0.3000000E-01
  0.1128801E+01  0.5208972E-02  0.1350000E+00  0.5000000E+01  0.1000000E+01  0.3000000E-01
  0.1128826E+01  0.5017531E-02  0.1300000E+00  0.5000000E+01  0.1000000E+01  0.3000000E-01
  0.1128850E+01  0.4825940E-02  0.1250000E+00  0.5000000E+01  0.1000000E+01  0.3000000E-01
  0.1128874E+01  0.4634201E-02  0.1200000E+00  0.5000000E+01  0.1000000E+01  0.3000000E-01
  0.1128896E+01  0.4442320E-02  0.1150000E+00  0.5000000E+01  0.1000000E+01  0.3000000E-01
  0.1128918E+01  0.4250301E-02  0.1100000E+00  0.5000000E+01  0.1000000E+01  0.3000000E-01
  0.1128939E+01  0.4058149E-02  0.1050000E+00  0.5000000E+01  0.1000000E+01  0.3000000E-01
  0.1128960E+01  0.3865867E-02  0.1000000E+00  0.5000000E+01  0.1000000E+01  0.3000000E-01
  0.1128979E+01  0.3673461E-02  0.9500000E-01  0.5000000E+01  0.1000000E+01  0.3000000E-01
  0.1128998E+01  0.3480934E-02  0.9000000E-01  0.5000000E+01  0.1000000E+01  0.3000000E-01
  0.1129016E+01  0.3288292E-02  0.8500000E-01  0.5000000E+01  0.1000000E+01  0.3000000E-01
  0.1129033E+01  0.3095538E-02  0.8000000E-01  0.5000000E+01  0.1000000E+01  0.3000000E-01
  0.1129050E+01  0.2902678E-02  0.7500000E-01  0.5000000E+01  0.1000000E+01  0.3000000E-01
  0.1129066E+01  0.2709715E-02  0.7000000E-01  0.5000000E+01  0.1000000E+01  0.3000000E-01
  0.1129080E+01  0.2516654E-02  0.6500000E-01  0.5000000E+01  0.1000000E+01  0.3000000E-01
  0.1129095E+01  0.2323500E-02  0.6000000E-01  0.5000000E+01  0.1000000E+01  0.3000000E-01
  0.1129108E+01  0.2130256E-02  0.5500000E-01  0.5000000E+01  0.1000000E+01  0.3000000E-01
  0.1129121E+01  0.1936929E-02  0.5000000E-01  0.5000000E+01  0.1000000E+01  0.3000000E-01

