  0.3362779E+01  0.1912601E-01  0.5000000E+01  0.5000000E+01  0.1000000E+01  0.3000000E-01
  0.3362779E+01  0.1914439E-01  0.4995000E+01  0.5000000E+01  0.1000000E+01  0.3000000E-01
  0.3362779E+01  0.1916280E-01  0.4990000E+01  0.5000000E+01  0.1000000E+01  0.3000000E-01
  0.3362779E+01  0.1918125E-01  0.4985000E+01  0.5000000E+01  0.1000000E+01  0.3000000E-01
  0.3362780E+01  0.1919973E-01  0.4980000E+01  0.5000000E+01  0.1000000E+01  0.3000000E-01
  0.3362780E+01  0.1921826E-01  0.4975000E+01  0.5000000E+01  0.1000000E+01  0.3000000E-01
  0.3362780E+01  0.1923683E-01  0.4970000E+01  0.5000000E+01  0.1000000E+01  0.3000000E-01
  0.3362780E+01  0.1925543E-01  0.4965000E+01  0.5000000E+01  0.1000000E+01  0.3000000E-01
  0.3362780E+01  0.1927407E-01  0.4960000E+01  0.5000000E+01  0.1000000E+01  0.3000000E-01
  0.3362780E+01  0.1929275E-01  0.4955000E+01  0.5000000E+01  0.1000000E+01  0.3000000E-01
  0.3362780E+01  0.1931147E-01  0.4950000E+01  0.5000000E+01  0.1000000E+01  0.3000000E-01
  0.3362780E+01  0.1933023E-01  0.4945000E+01  0.5000000E+01  0.1000000E+01  0.3000000E-01
  0.3362780E+01  0.1934903E-01  0.4940000E+01  0.5000000E+01  0.1000000E+01  0.3000000E-01
  0.3362780E+01  0.1936787E-01  0.4935000E+01  0.5000000E+01  0.1000000E+01  0.3000000E-01
  0.3362780E+01  0.1938674E-01  0.4930000E+01  0.5000000E+01  0.1000000E+01  0.3000000E-01
  0.3362780E+01  0.1940566E-01  0.4925000E+01  0.5000000E+01  0.1000000E+01  0.3000000E-01
  0.3362780E+01  0.1942462E-01  0.4920000E+01  0.5000000E+01  0.1000000E+01  0.3000000E-01
  0.3362781E+01  0.1944361E-01  0.4915000E+01  0.5000000E+01  0.1000000E+01  0.3000000E-01
  0.3362781E+01  0.1946265E-01  0.4910000E+01  0.5000000E+01  0.1000000E+01  0.3000000E-01
  0.3362781E+01  0.1948172E-01  0.4905000E+01  0.5000000E+01  0.1000000E+01  0.3000000E-01
  0.3362781E+01  0.1950084E-01  0.4900000E+01  0.5000000E+01  0.1000000E+01  0.3000000E-01
  0.3362781E+01  0.1951999E-01  0.4895000E+01  0.5000000E+01  0.1000000E+01  0.3000000E-01
  0.3362781E+01  0.1953919E-01  0.4890000E+01  0.5000000E+01  0.1000000E+01  0.3000000E-01
  0.3362781E+01  0.1955843E-01  0.4885000E+01  0.5000000E+01  0.1000000E+01  0.3000000E-01
  0.3362781E+01  0.1957771E-01  0.4880000E+01  0.5000000E+01  0.1000000E+01  0.3000000E-01
  0.3362781E+01  0.1959702E-01  0.4875000E+01  0.5000000E+01  0.1000000E+01  0.3000000E-01
  0.3362781E+01  0.1961638E-01  0.4870000E+01  0.5000000E+01  0.1000000E+01  0.3000000E-01
  0.3362781E+01  0.1963578E-01  0.4865000E+01  0.5000000E+01  0.1000000E+01  0.3000000E-01
  0.3362781E+01  0.1965523E-01  0.4860000E+01  0.5000000E+01  0.1000000E+01  0.3000000E-01
  0.3362781E+01  0.1967471E-01  0.4855000E+01  0.5000000E+01  0.1000000E+01  0.3000000E-01
  0.3362782E+01  0.1969423E-01  0.4850000E+01  0.5000000E+01  0.1000000E+01  0.3000000E-01
  0.3362782E+01  0.1971380E-01  0.4845000E+01  0.5000000E+01  0.1000000E+01  0.3000000E-01
  0.3362782E+01  0.1973341E-01  0.4840000E+01  0.5000000E+01  0.1000000E+01  0.3000000E-01
  0.3362782E+01  0.1975306E-01  0.4835000E+01  0.5000000E+01  0.1000000E+01  0.3000000E-01
  0.3362782E+01  0.1977275E-01  0.4830000E+01  0.5000000E+01  0.1000000E+01  0.3000000E-01
  0.3362782E+01  0.1979248E-01  0.4825000E+01  0.5000000E+01  0.1000000E+01  0.3000000E-01
  0.3362782E+01  0.1981226E-01  0.4820000E+01  0.5000000E+01  0.1000000E+01  0.3000000E-01
  0.3362782E+01  0.1983208E-01  0.4815000E+01  0.5000000E+01  0.1000000E+01  0.3000000E-01
  0.3362782E+01  0.1985194E-01  0.4810000E+01  0.5000000E+01  0.1000000E+01  0.3000000E-01
  0.3362782E+01  0.1987184E-01  0.4805000E+01  0.5000000E+01  0.1000000E+01  0.3000000E-01
  0.3362782E+01  0.1989179E-01  0.4800000E+01  0.5000000E+01  0.1000000E+01  0.3000000E-01
  0.3362782E+01  0.1991178E-01  0.4795000E+01  0.5000000E+01  0.1000000E+01  0.3000000E-01
  0.3362783E+01  0.1993181E-01  0.4790000E+01  0.5000000E+01  0.1000000E+01  0.3000000E-01
  0.3362783E+01  0.1995188E-01  0.4785000E+01  0.5000000E+01  0.1000000E+01  0.3000000E-01
  0.3362783E+01  0.1997200E-01  0.4780000E+01  0.5000000E+01  0.1000000E+01  0.3000000E-01
  0.3362783E+01  0.1999216E-01  0.4775000E+01  0.5000000E+01  0.1000000E+01  0.3000000E-01
  0.3362783E+01  0.2001237E-01  0.4770000E+01  0.5000000E+01  0.1000000E+01  0.3000000E-01
  0.3362783E+01  0.2003262E-01  0.4765000E+01  0.5000000E+01  0.1000000E+01  0.3000000E-01
  0.3362783E+01  0.2005291E-01  0.4760000E+01  0.5000000E+01  0.1000000E+01  0.3000000E-01
  0.3362783E+01  0.2007325E-01  0.4755000E+01  0.5000000E+01  0.1000000E+01  0.3000000E-01
  0.3362783E+01  0.2009363E-01  0.4750000E+01  0.5000000E+01  0.1000000E+01  0.3000000E-01
  0.3362783E+01  0.2011405E-01  0.4745000E+01  0.5000000E+01  0.1000000E+01  0.3000000E-01
  0.3362783E+01  0.2013452E-01  0.4740000E+01  0.5000000E+01  0.1000000E+01  0.3000000E-01
  0.3362783E+01  0.2015504E-01  0.4735000E+01  0.5000000E+01  0.1000000E+01  0.3000000E-01
  0.3362784E+01  0.2017560E-01  0.4730000E+01  0.5000000E+01  0.1000000E+01  0.3000000E-01
  0.3362784E+01  0.2019620E-01  0.4725000E+01  0.5000000E+01  0.1000000E+01  0.3000000E-01
  0.3362784E+01  0.2021685E-01  0.4720000E+01  0.5000000E+01  0.1000000E+01  0.3000000E-01
  0.3362784E+01  0.2023754E-01  0.4715000E+01  0.5000000E+01  0.1000000E+01  0.3000000E-01
  0.3362784E+01  0.2025828E-01  0.4710000E+01  0.5000000E+01  0.1000000E+01  0.3000000E-01
  0.3362784E+01  0.2027907E-01  0.4705000E+01  0.5000000E+01  0.1000000E+01  0.3000000E-01
  0.3362784E+01  0.2029990E-01  0.4700000E+01  0.5000000E+01  0.1000000E+01  0.3000000E-01
  0.3362784E+01  0.2032078E-01  0.4695000E+01  0.5000000E+01  0.1000000E+01  0.3000000E-01
  0.3362784E+01  0.2034170E-01  0.4690000E+01  0.5000000E+01  0.1000000E+01  0.3000000E-01
  0.3362784E+01  0.2036267E-01  0.4685000E+01  0.5000000E+01  0.1000000E+01  0.3000000E-01
  0.3362784E+01  0.2038368E-01  0.4680000E+01  0.5000000E+01  0.1000000E+01  0.3000000E-01
  0.3362785E+01  0.2040474E-01  0.4675000E+01  0.5000000E+01  0.1000000E+01  0.3000000E-01
  0.3362785E+01  0.2042585E-01  0.4670000E+01  0.5000000E+01  0.1000000E+01  0.3000000E-01
  0.3362785E+01  0.2044700E-01  0.4665000E+01  0.5000000E+01  0.1000000E+01  0.3000000E-01
  0.3362785E+01  0.2046820E-01  0.4660000E+01  0.5000000E+01  0.1000000E+01  0.3000000E-01
  0.3362785E+01  0.2048945E-01  0.4655000E+01  0.5000000E+01  0.1000000E+01  0.3000000E-01
  0.3362785E+01  0.2051074E-01  0.4650000E+01  0.5000000E+01  0.1000000E+01  0.3000000E-01
  0.3362785E+01  0.2053208E-01  0.4645000E+01  0.5000000E+01  0.1000000E+01  0.3000000E-01
  0.3362785E+01  0.2055347E-01  0.4640000E+01  0.5000000E+01  0.1000000E+01  0.3000000E-01
  0.3362785E+01  0.2057491E-01  0.4635000E+01  0.5000000E+01  0.1000000E+01  0.3000000E-01
  0.3362785E+01  0.2059639E-01  0.4630000E+01  0.5000000E+01  0.1000000E+01  0.3000000E-01
  0.3362785E+01  0.2061793E-01  0.4625000E+01  0.5000000E+01  0.1000000E+01  0.3000000E-01
  0.3362785E+01  0.2063951E-01  0.4620000E+01  0.5000000E+01  0.1000000E+01  0.3000000E-01
  0.3362786E+01  0.2066113E-01  0.4615000E+01  0.5000000E+01  0.1000000E+01  0.3000000E-01
  0.3362786E+01  0.2068281E-01  0.4610000E+01  0.5000000E+01  0.1000000E+01  0.3000000E-01
  0.3362786E+01  0.2070454E-01  0.4605000E+01  0.5000000E+01  0.1000000E+01  0.3000000E-01
  0.3362786E+01  0.2072631E-01  0.4600000E+01  0.5000000E+01  0.1000000E+01  0.3000000E-01
  0.3362786E+01  0.2074813E-01  0.4595000E+01  0.5000000E+01  0.1000000E+01  0.3000000E-01
  0.3362786E+01  0.2077000E-01  0.4590000E+01  0.5000000E+01  0.1000000E+01  0.3000000E-01
  0.3362786E+01  0.2079193E-01  0.4585000E+01  0.5000000E+01  0.1000000E+01  0.3000000E-01
  0.3362786E+01  0.2081390E-01  0.4580000E+01  0.5000000E+01  0.1000000E+01  0.3000000E-01
  0.3362786E+01  0.2083592E-01  0.4575000E+01  0.5000000E+01  0.1000000E+01  0.3000000E-01
  0.3362786E+01  0.2085798E-01  0.4570000E+01  0.5000000E+01  0.1000000E+01  0.3000000E-01
  0.3362786E+01  0.2088010E-01  0.4565000E+01  0.5000000E+01  0.1000000E+01  0.3000000E-01
  0.3362787E+01  0.2090227E-01  0.4560000E+01  0.5000000E+01  0.1000000E+01  0.3000000E-01
  0.3362787E+01  0.2092449E-01  0.4555000E+01  0.5000000E+01  0.1000000E+01  0.3000000E-01
  0.3362787E+01  0.2094676E-01  0.4550000E+01  0.5000000E+01  0.1000000E+01  0.3000000E-01
  0.3362787E+01  0.2096908E-01  0.4545000E+01  0.5000000E+01  0.1000000E+01  0.3000000E-01
  0.3362787E+01  0.2099145E-01  0.4540000E+01  0.5000000E+01  0.1000000E+01  0.3000000E-01
  0.3362787E+01  0.2101387E-01  0.4535000E+01  0.5000000E+01  0.1000000E+01  0.3000000E-01
  0.3362787E+01  0.2103634E-01  0.4530000E+01  0.5000000E+01  0.1000000E+01  0.3000000E-01
  0.3362787E+01  0.2105887E-01  0.4525000E+01  0.5000000E+01  0.1000000E+01  0.3000000E-01
  0.3362787E+01  0.2108144E-01  0.4520000E+01  0.5000000E+01  0.1000000E+01  0.3000000E-01
  0.3362787E+01  0.2110407E-01  0.4515000E+01  0.5000000E+01  0.1000000E+01  0.3000000E-01
  0.3362788E+01  0.2112675E-01  0.4510000E+01  0.5000000E+01  0.1000000E+01  0.3000000E-01
  0.3362788E+01  0.2114948E-01  0.4505000E+01  0.5000000E+01  0.1000000E+01  0.3000000E-01
  0.3362788E+01  0.2117226E-01  0.4500000E+01  0.5000000E+01  0.1000000E+01  0.3000000E-01
  0.3362788E+01  0.2119509E-01  0.4495000E+01  0.5000000E+01  0.1000000E+01  0.3000000E-01
  0.3362788E+01  0.2121798E-01  0.4490000E+01  0.5000000E+01  0.1000000E+01  0.3000000E-01
  0.3362788E+01  0.2124092E-01  0.4485000E+01  0.5000000E+01  0.1000000E+01  0.3000000E-01
  0.3362788E+01  0.2126391E-01  0.4480000E+01  0.5000000E+01  0.1000000E+01  0.3000000E-01
  0.3362788E+01  0.2128695E-01  0.4475000E+01  0.5000000E+01  0.1000000E+01  0.3000000E-01
  0.3362788E+01  0.2131005E-01  0.4470000E+01  0.5000000E+01  0.1000000E+01  0.3000000E-01
  0.3362788E+01  0.2133320E-01  0.4465000E+01  0.5000000E+01  0.1000000E+01  0.3000000E-01
  0.3362788E+01  0.2135641E-01  0.4460000E+01  0.5000000E+01  0.1000000E+01  0.3000000E-01
  0.3362789E+01  0.2137966E-01  0.4455000E+01  0.5000000E+01  0.1000000E+01  0.3000000E-01
  0.3362789E+01  0.2140298E-01  0.4450000E+01  0.5000000E+01  0.1000000E+01  0.3000000E-01
  0.3362789E+01  0.2142634E-01  0.4445000E+01  0.5000000E+01  0.1000000E+01  0.3000000E-01
  0.3362789E+01  0.2144976E-01  0.4440000E+01  0.5000000E+01  0.1000000E+01  0.3000000E-01
  0.3362789E+01  0.2147324E-01  0.4435000E+01  0.5000000E+01  0.1000000E+01  0.3000000E-01
  0.3362789E+01  0.2149677E-01  0.4430000E+01  0.5000000E+01  0.1000000E+01  0.3000000E-01
  0.3362789E+01  0.2152035E-01  0.4425000E+01  0.5000000E+01  0.1000000E+01  0.3000000E-01
  0.3362789E+01  0.2154399E-01  0.4420000E+01  0.5000000E+01  0.1000000E+01  0.3000000E-01
  0.3362789E+01  0.2156768E-01  0.4415000E+01  0.5000000E+01  0.1000000E+01  0.3000000E-01
  0.3362789E+01  0.2159143E-01  0.4410000E+01  0.5000000E+01  0.1000000E+01  0.3000000E-01
  0.3362790E+01  0.2161523E-01  0.4405000E+01  0.5000000E+01  0.1000000E+01  0.3000000E-01
  0.3362790E+01  0.2163909E-01  0.4400000E+01  0.5000000E+01  0.1000000E+01  0.3000000E-01
  0.3362790E+01  0.2166301E-01  0.4395000E+01  0.5000000E+01  0.1000000E+01  0.3000000E-01
  0.3362790E+01  0.2168698E-01  0.4390000E+01  0.5000000E+01  0.1000000E+01  0.3000000E-01
  0.3362790E+01  0.2171101E-01  0.4385000E+01  0.5000000E+01  0.1000000E+01  0.3000000E-01
  0.3362790E+01  0.2173510E-01  0.4380000E+01  0.5000000E+01  0.1000000E+01  0.3000000E-01
  0.3362790E+01  0.2175924E-01  0.4375000E+01  0.5000000E+01  0.1000000E+01  0.3000000E-01
  0.3362790E+01  0.2178344E-01  0.4370000E+01  0.5000000E+01  0.1000000E+01  0.3000000E-01
  0.3362790E+01  0.2180769E-01  0.4365000E+01  0.5000000E+01  0.1000000E+01  0.3000000E-01
  0.3362790E+01  0.2183201E-01  0.4360000E+01  0.5000000E+01  0.1000000E+01  0.3000000E-01
  0.3362791E+01  0.2185638E-01  0.4355000E+01  0.5000000E+01  0.1000000E+01  0.3000000E-01
  0.3362791E+01  0.2188080E-01  0.4350000E+01  0.5000000E+01  0.1000000E+01  0.3000000E-01
  0.3362791E+01  0.2190529E-01  0.4345000E+01  0.5000000E+01  0.1000000E+01  0.3000000E-01
  0.3362791E+01  0.2192983E-01  0.4340000E+01  0.5000000E+01  0.1000000E+01  0.3000000E-01
  0.3362791E+01  0.2195444E-01  0.4335000E+01  0.5000000E+01  0.1000000E+01  0.3000000E-01
  0.3362791E+01  0.2197910E-01  0.4330000E+01  0.5000000E+01  0.1000000E+01  0.3000000E-01
  0.3362791E+01  0.2200382E-01  0.4325000E+01  0.5000000E+01  0.1000000E+01  0.3000000E-01
  0.3362791E+01  0.2202859E-01  0.4320000E+01  0.5000000E+01  0.1000000E+01  0.3000000E-01
  0.3362791E+01  0.2205343E-01  0.4315000E+01  0.5000000E+01  0.1000000E+01  0.3000000E-01
  0.3362791E+01  0.2207833E-01  0.4310000E+01  0.5000000E+01  0.1000000E+01  0.3000000E-01
  0.3362792E+01  0.2210328E-01  0.4305000E+01  0.5000000E+01  0.1000000E+01  0.3000000E-01
  0.3362792E+01  0.2212830E-01  0.4300000E+01  0.5000000E+01  0.1000000E+01  0.3000000E-01
  0.3362792E+01  0.2215338E-01  0.4295000E+01  0.5000000E+01  0.1000000E+01  0.3000000E-01
  0.3362792E+01  0.2217851E-01  0.4290000E+01  0.5000000E+01  0.1000000E+01  0.3000000E-01
  0.3362792E+01  0.2220371E-01  0.4285000E+01  0.5000000E+01  0.1000000E+01  0.3000000E-01
  0.3362792E+01  0.2222897E-01  0.4280000E+01  0.5000000E+01  0.1000000E+01  0.3000000E-01
  0.3362792E+01  0.2225428E-01  0.4275000E+01  0.5000000E+01  0.1000000E+01  0.3000000E-01
  0.3362792E+01  0.2227966E-01  0.4270000E+01  0.5000000E+01  0.1000000E+01  0.3000000E-01
  0.3362792E+01  0.2230510E-01  0.4265000E+01  0.5000000E+01  0.1000000E+01  0.3000000E-01
  0.3362792E+01  0.2233060E-01  0.4260000E+01  0.5000000E+01  0.1000000E+01  0.3000000E-01
  0.3362793E+01  0.2235617E-01  0.4255000E+01  0.5000000E+01  0.1000000E+01  0.3000000E-01
  0.3362793E+01  0.2238179E-01  0.4250000E+01  0.5000000E+01  0.1000000E+01  0.3000000E-01
  0.3362793E+01  0.2240748E-01  0.4245000E+01  0.5000000E+01  0.1000000E+01  0.3000000E-01
  0.3362793E+01  0.2243323E-01  0.4240000E+01  0.5000000E+01  0.1000000E+01  0.3000000E-01
  0.3362793E+01  0.2245904E-01  0.4235000E+01  0.5000000E+01  0.1000000E+01  0.3000000E-01
  0.3362793E+01  0.2248492E-01  0.4230000E+01  0.5000000E+01  0.1000000E+01  0.3000000E-01
  0.3362793E+01  0.2251085E-01  0.4225000E+01  0.5000000E+01  0.1000000E+01  0.3000000E-01
  0.3362793E+01  0.2253686E-01  0.4220000E+01  0.5000000E+01  0.1000000E+01  0.3000000E-01
  0.3362793E+01  0.2256292E-01  0.4215000E+01  0.5000000E+01  0.1000000E+01  0.3000000E-01
  0.3362793E+01  0.2258905E-01  0.4210000E+01  0.5000000E+01  0.1000000E+01  0.3000000E-01
  0.3362794E+01  0.2261524E-01  0.4205000E+01  0.5000000E+01  0.1000000E+01  0.3000000E-01
  0.3362794E+01  0.2264150E-01  0.4200000E+01  0.5000000E+01  0.1000000E+01  0.3000000E-01
  0.3362794E+01  0.2266782E-01  0.4195000E+01  0.5000000E+01  0.1000000E+01  0.3000000E-01
  0.3362794E+01  0.2269420E-01  0.4190000E+01  0.5000000E+01  0.1000000E+01  0.3000000E-01
  0.3362794E+01  0.2272065E-01  0.4185000E+01  0.5000000E+01  0.1000000E+01  0.3000000E-01
  0.3362794E+01  0.2274717E-01  0.4180000E+01  0.5000000E+01  0.1000000E+01  0.3000000E-01
  0.3362794E+01  0.2277375E-01  0.4175000E+01  0.5000000E+01  0.1000000E+01  0.3000000E-01
  0.3362794E+01  0.2280040E-01  0.4170000E+01  0.5000000E+01  0.1000000E+01  0.3000000E-01
  0.3362794E+01  0.2282711E-01  0.4165000E+01  0.5000000E+01  0.1000000E+01  0.3000000E-01
  0.3362795E+01  0.2285389E-01  0.4160000E+01  0.5000000E+01  0.1000000E+01  0.3000000E-01
  0.3362795E+01  0.2288073E-01  0.4155000E+01  0.5000000E+01  0.1000000E+01  0.3000000E-01
  0.3362795E+01  0.2290764E-01  0.4150000E+01  0.5000000E+01  0.1000000E+01  0.3000000E-01
  0.3362795E+01  0.2293462E-01  0.4145000E+01  0.5000000E+01  0.1000000E+01  0.3000000E-01
  0.3362795E+01  0.2296167E-01  0.4140000E+01  0.5000000E+01  0.1000000E+01  0.3000000E-01
  0.3362795E+01  0.2298878E-01  0.4135000E+01  0.5000000E+01  0.1000000E+01  0.3000000E-01
  0.3362795E+01  0.2301596E-01  0.4130000E+01  0.5000000E+01  0.1000000E+01  0.3000000E-01
  0.3362795E+01  0.2304321E-01  0.4125000E+01  0.5000000E+01  0.1000000E+01  0.3000000E-01
  0.3362795E+01  0.2307052E-01  0.4120000E+01  0.5000000E+01  0.1000000E+01  0.3000000E-01
  0.3362796E+01  0.2309791E-01  0.4115000E+01  0.5000000E+01  0.1000000E+01  0.3000000E-01
  0.3362796E+01  0.2312536E-01  0.4110000E+01  0.5000000E+01  0.1000000E+01  0.3000000E-01
  0.3362796E+01  0.2315288E-01  0.4105000E+01  0.5000000E+01  0.1000000E+01  0.3000000E-01
  0.3362796E+01  0.2318047E-01  0.4100000E+01  0.5000000E+01  0.1000000E+01  0.3000000E-01
  0.3362796E+01  0.2320813E-01  0.4095000E+01  0.5000000E+01  0.1000000E+01  0.3000000E-01
  0.3362796E+01  0.2323586E-01  0.4090000E+01  0.5000000E+01  0.1000000E+01  0.3000000E-01
  0.3362796E+01  0.2326366E-01  0.4085000E+01  0.5000000E+01  0.1000000E+01  0.3000000E-01
  0.3362796E+01  0.2329153E-01  0.4080000E+01  0.5000000E+01  0.1000000E+01  0.3000000E-01
  0.3362796E+01  0.2331947E-01  0.4075000E+01  0.5000000E+01  0.1000000E+01  0.3000000E-01
  0.3362796E+01  0.2334748E-01  0.4070000E+01  0.5000000E+01  0.1000000E+01  0.3000000E-01
  0.3362797E+01  0.2337556E-01  0.4065000E+01  0.5000000E+01  0.1000000E+01  0.3000000E-01
  0.3362797E+01  0.2340372E-01  0.4060000E+01  0.5000000E+01  0.1000000E+01  0.3000000E-01
  0.3362797E+01  0.2343194E-01  0.4055000E+01  0.5000000E+01  0.1000000E+01  0.3000000E-01
  0.3362797E+01  0.2346023E-01  0.4050000E+01  0.5000000E+01  0.1000000E+01  0.3000000E-01
  0.3362797E+01  0.2348860E-01  0.4045000E+01  0.5000000E+01  0.1000000E+01  0.3000000E-01
  0.3362797E+01  0.2351704E-01  0.4040000E+01  0.5000000E+01  0.1000000E+01  0.3000000E-01
  0.3362797E+01  0.2354555E-01  0.4035000E+01  0.5000000E+01  0.1000000E+01  0.3000000E-01
  0.3362797E+01  0.2357414E-01  0.4030000E+01  0.5000000E+01  0.1000000E+01  0.3000000E-01
  0.3362797E+01  0.2360280E-01  0.4025000E+01  0.5000000E+01  0.1000000E+01  0.3000000E-01
  0.3362798E+01  0.2363153E-01  0.4020000E+01  0.5000000E+01  0.1000000E+01  0.3000000E-01
  0.3362798E+01  0.2366033E-01  0.4015000E+01  0.5000000E+01  0.1000000E+01  0.3000000E-01
  0.3362798E+01  0.2368921E-01  0.4010000E+01  0.5000000E+01  0.1000000E+01  0.3000000E-01
  0.3362798E+01  0.2371817E-01  0.4005000E+01  0.5000000E+01  0.1000000E+01  0.3000000E-01
  0.3362798E+01  0.2374719E-01  0.4000000E+01  0.5000000E+01  0.1000000E+01  0.3000000E-01
  0.3362798E+01  0.2377630E-01  0.3995000E+01  0.5000000E+01  0.1000000E+01  0.3000000E-01
  0.3362798E+01  0.2380547E-01  0.3990000E+01  0.5000000E+01  0.1000000E+01  0.3000000E-01
  0.3362798E+01  0.2383473E-01  0.3985000E+01  0.5000000E+01  0.1000000E+01  0.3000000E-01
  0.3362798E+01  0.2386405E-01  0.3980000E+01  0.5000000E+01  0.1000000E+01  0.3000000E-01
  0.3362799E+01  0.2389346E-01  0.3975000E+01  0.5000000E+01  0.1000000E+01  0.3000000E-01
  0.3362799E+01  0.2392294E-01  0.3970000E+01  0.5000000E+01  0.1000000E+01  0.3000000E-01
  0.3362799E+01  0.2395250E-01  0.3965000E+01  0.5000000E+01  0.1000000E+01  0.3000000E-01
  0.3362799E+01  0.2398213E-01  0.3960000E+01  0.5000000E+01  0.1000000E+01  0.3000000E-01
  0.3362799E+01  0.2401184E-01  0.3955000E+01  0.5000000E+01  0.1000000E+01  0.3000000E-01
  0.3362799E+01  0.2404163E-01  0.3950000E+01  0.5000000E+01  0.1000000E+01  0.3000000E-01
  0.3362799E+01  0.2407150E-01  0.3945000E+01  0.5000000E+01  0.1000000E+01  0.3000000E-01
  0.3362799E+01  0.2410144E-01  0.3940000E+01  0.5000000E+01  0.1000000E+01  0.3000000E-01
  0.3362799E+01  0.2413146E-01  0.3935000E+01  0.5000000E+01  0.1000000E+01  0.3000000E-01
  0.3362800E+01  0.2416156E-01  0.3930000E+01  0.5000000E+01  0.1000000E+01  0.3000000E-01
  0.3362800E+01  0.2419174E-01  0.3925000E+01  0.5000000E+01  0.1000000E+01  0.3000000E-01
  0.3362800E+01  0.2422200E-01  0.3920000E+01  0.5000000E+01  0.1000000E+01  0.3000000E-01
  0.3362800E+01  0.2425234E-01  0.3915000E+01  0.5000000E+01  0.1000000E+01  0.3000000E-01
  0.3362800E+01  0.2428276E-01  0.3910000E+01  0.5000000E+01  0.1000000E+01  0.3000000E-01
  0.3362800E+01  0.2431326E-01  0.3905000E+01  0.5000000E+01  0.1000000E+01  0.3000000E-01
  0.3362800E+01  0.2434383E-01  0.3900000E+01  0.5000000E+01  0.1000000E+01  0.3000000E-01
  0.3362800E+01  0.2437449E-01  0.3895000E+01  0.5000000E+01  0.1000000E+01  0.3000000E-01
  0.3362800E+01  0.2440523E-01  0.3890000E+01  0.5000000E+01  0.1000000E+01  0.3000000E-01
  0.3362801E+01  0.2443606E-01  0.3885000E+01  0.5000000E+01  0.1000000E+01  0.3000000E-01
  0.3362801E+01  0.2446696E-01  0.3880000E+01  0.5000000E+01  0.1000000E+01  0.3000000E-01
  0.3362801E+01  0.2449795E-01  0.3875000E+01  0.5000000E+01  0.1000000E+01  0.3000000E-01
  0.3362801E+01  0.2452901E-01  0.3870000E+01  0.5000000E+01  0.1000000E+01  0.3000000E-01
  0.3362801E+01  0.2456016E-01  0.3865000E+01  0.5000000E+01  0.1000000E+01  0.3000000E-01
  0.3362801E+01  0.2459140E-01  0.3860000E+01  0.5000000E+01  0.1000000E+01  0.3000000E-01
  0.3362801E+01  0.2462272E-01  0.3855000E+01  0.5000000E+01  0.1000000E+01  0.3000000E-01
  0.3362801E+01  0.2465412E-01  0.3850000E+01  0.5000000E+01  0.1000000E+01  0.3000000E-01
  0.3362801E+01  0.2468560E-01  0.3845000E+01  0.5000000E+01  0.1000000E+01  0.3000000E-01
  0.3362802E+01  0.2471717E-01  0.3840000E+01  0.5000000E+01  0.1000000E+01  0.3000000E-01
  0.3362802E+01  0.2474882E-01  0.3835000E+01  0.5000000E+01  0.1000000E+01  0.3000000E-01
  0.3362802E+01  0.2478056E-01  0.3830000E+01  0.5000000E+01  0.1000000E+01  0.3000000E-01
  0.3362802E+01  0.2481239E-01  0.3825000E+01  0.5000000E+01  0.1000000E+01  0.3000000E-01
  0.3362802E+01  0.2484430E-01  0.3820000E+01  0.5000000E+01  0.1000000E+01  0.3000000E-01
  0.3362802E+01  0.2487629E-01  0.3815000E+01  0.5000000E+01  0.1000000E+01  0.3000000E-01
  0.3362802E+01  0.2490838E-01  0.3810000E+01  0.5000000E+01  0.1000000E+01  0.3000000E-01
  0.3362802E+01  0.2494055E-01  0.3805000E+01  0.5000000E+01  0.1000000E+01  0.3000000E-01
  0.3362802E+01  0.2497280E-01  0.3800000E+01  0.5000000E+01  0.1000000E+01  0.3000000E-01
  0.3362803E+01  0.2500515E-01  0.3795000E+01  0.5000000E+01  0.1000000E+01  0.3000000E-01
  0.3362803E+01  0.2503758E-01  0.3790000E+01  0.5000000E+01  0.1000000E+01  0.3000000E-01
  0.3362803E+01  0.2507010E-01  0.3785000E+01  0.5000000E+01  0.1000000E+01  0.3000000E-01
  0.3362803E+01  0.2510271E-01  0.3780000E+01  0.5000000E+01  0.1000000E+01  0.3000000E-01
  0.3362803E+01  0.2513540E-01  0.3775000E+01  0.5000000E+01  0.1000000E+01  0.3000000E-01
  0.3362803E+01  0.2516819E-01  0.3770000E+01  0.5000000E+01  0.1000000E+01  0.3000000E-01
  0.3362803E+01  0.2520106E-01  0.3765000E+01  0.5000000E+01  0.1000000E+01  0.3000000E-01
  0.3362803E+01  0.2523403E-01  0.3760000E+01  0.5000000E+01  0.1000000E+01  0.3000000E-01
  0.3362804E+01  0.2526709E-01  0.3755000E+01  0.5000000E+01  0.1000000E+01  0.3000000E-01
  0.3362804E+01  0.2530023E-01  0.3750000E+01  0.5000000E+01  0.1000000E+01  0.3000000E-01
  0.3362804E+01  0.2533347E-01  0.3745000E+01  0.5000000E+01  0.1000000E+01  0.3000000E-01
  0.3362804E+01  0.2536680E-01  0.3740000E+01  0.5000000E+01  0.1000000E+01  0.3000000E-01
  0.3362804E+01  0.2540022E-01  0.3735000E+01  0.5000000E+01  0.1000000E+01  0.3000000E-01
  0.3362804E+01  0.2543373E-01  0.3730000E+01  0.5000000E+01  0.1000000E+01  0.3000000E-01
  0.3362804E+01  0.2546734E-01  0.3725000E+01  0.5000000E+01  0.1000000E+01  0.3000000E-01
  0.3362804E+01  0.2550104E-01  0.3720000E+01  0.5000000E+01  0.1000000E+01  0.3000000E-01
  0.3362804E+01  0.2553483E-01  0.3715000E+01  0.5000000E+01  0.1000000E+01  0.3000000E-01
  0.3362805E+01  0.2556872E-01  0.3710000E+01  0.5000000E+01  0.1000000E+01  0.3000000E-01
  0.3362805E+01  0.2560270E-01  0.3705000E+01  0.5000000E+01  0.1000000E+01  0.3000000E-01
  0.3362805E+01  0.2563677E-01  0.3700000E+01  0.5000000E+01  0.1000000E+01  0.3000000E-01
  0.3362805E+01  0.2567094E-01  0.3695000E+01  0.5000000E+01  0.1000000E+01  0.3000000E-01
  0.3362805E+01  0.2570521E-01  0.3690000E+01  0.5000000E+01  0.1000000E+01  0.3000000E-01
  0.3362805E+01  0.2573957E-01  0.3685000E+01  0.5000000E+01  0.1000000E+01  0.3000000E-01
  0.3362805E+01  0.2577402E-01  0.3680000E+01  0.5000000E+01  0.1000000E+01  0.3000000E-01
  0.3362805E+01  0.2580858E-01  0.3675000E+01  0.5000000E+01  0.1000000E+01  0.3000000E-01
  0.3362805E+01  0.2584323E-01  0.3670000E+01  0.5000000E+01  0.1000000E+01  0.3000000E-01
  0.3362806E+01  0.2587797E-01  0.3665000E+01  0.5000000E+01  0.1000000E+01  0.3000000E-01
  0.3362806E+01  0.2591282E-01  0.3660000E+01  0.5000000E+01  0.1000000E+01  0.3000000E-01
  0.3362806E+01  0.2594776E-01  0.3655000E+01  0.5000000E+01  0.1000000E+01  0.3000000E-01
  0.3362806E+01  0.2598280E-01  0.3650000E+01  0.5000000E+01  0.1000000E+01  0.3000000E-01
  0.3362806E+01  0.2601794E-01  0.3645000E+01  0.5000000E+01  0.1000000E+01  0.3000000E-01
  0.3362806E+01  0.2605318E-01  0.3640000E+01  0.5000000E+01  0.1000000E+01  0.3000000E-01
  0.3362806E+01  0.2608852E-01  0.3635000E+01  0.5000000E+01  0.1000000E+01  0.3000000E-01
  0.3362806E+01  0.2612396E-01  0.3630000E+01  0.5000000E+01  0.1000000E+01  0.3000000E-01
  0.3362806E+01  0.2615950E-01  0.3625000E+01  0.5000000E+01  0.1000000E+01  0.3000000E-01
  0.3362807E+01  0.2619514E-01  0.3620000E+01  0.5000000E+01  0.1000000E+01  0.3000000E-01
  0.3362807E+01  0.2623088E-01  0.3615000E+01  0.5000000E+01  0.1000000E+01  0.3000000E-01
  0.3362807E+01  0.2626673E-01  0.3610000E+01  0.5000000E+01  0.1000000E+01  0.3000000E-01
  0.3362807E+01  0.2630268E-01  0.3605000E+01  0.5000000E+01  0.1000000E+01  0.3000000E-01
  0.3362807E+01  0.2633873E-01  0.3600000E+01  0.5000000E+01  0.1000000E+01  0.3000000E-01
  0.3362807E+01  0.2637488E-01  0.3595000E+01  0.5000000E+01  0.1000000E+01  0.3000000E-01
  0.3362807E+01  0.2641114E-01  0.3590000E+01  0.5000000E+01  0.1000000E+01  0.3000000E-01
  0.3362807E+01  0.2644750E-01  0.3585000E+01  0.5000000E+01  0.1000000E+01  0.3000000E-01
  0.3362808E+01  0.2648396E-01  0.3580000E+01  0.5000000E+01  0.1000000E+01  0.3000000E-01
  0.3362808E+01  0.2652053E-01  0.3575000E+01  0.5000000E+01  0.1000000E+01  0.3000000E-01
  0.3362808E+01  0.2655721E-01  0.3570000E+01  0.5000000E+01  0.1000000E+01  0.3000000E-01
  0.3362808E+01  0.2659399E-01  0.3565000E+01  0.5000000E+01  0.1000000E+01  0.3000000E-01
  0.3362808E+01  0.2663088E-01  0.3560000E+01  0.5000000E+01  0.1000000E+01  0.3000000E-01
  0.3362808E+01  0.2666787E-01  0.3555000E+01  0.5000000E+01  0.1000000E+01  0.3000000E-01
  0.3362808E+01  0.2670497E-01  0.3550000E+01  0.5000000E+01  0.1000000E+01  0.3000000E-01
  0.3362808E+01  0.2674218E-01  0.3545000E+01  0.5000000E+01  0.1000000E+01  0.3000000E-01
  0.3362808E+01  0.2677950E-01  0.3540000E+01  0.5000000E+01  0.1000000E+01  0.3000000E-01
  0.3362809E+01  0.2681693E-01  0.3535000E+01  0.5000000E+01  0.1000000E+01  0.3000000E-01
  0.3362809E+01  0.2685446E-01  0.3530000E+01  0.5000000E+01  0.1000000E+01  0.3000000E-01
  0.3362809E+01  0.2689211E-01  0.3525000E+01  0.5000000E+01  0.1000000E+01  0.3000000E-01
  0.3362809E+01  0.2692986E-01  0.3520000E+01  0.5000000E+01  0.1000000E+01  0.3000000E-01
  0.3362809E+01  0.2696773E-01  0.3515000E+01  0.5000000E+01  0.1000000E+01  0.3000000E-01
  0.3362809E+01  0.2700570E-01  0.3510000E+01  0.5000000E+01  0.1000000E+01  0.3000000E-01
  0.3362809E+01  0.2704379E-01  0.3505000E+01  0.5000000E+01  0.1000000E+01  0.3000000E-01
  0.3362809E+01  0.2708199E-01  0.3500000E+01  0.5000000E+01  0.1000000E+01  0.3000000E-01
  0.3362809E+01  0.2712031E-01  0.3495000E+01  0.5000000E+01  0.1000000E+01  0.3000000E-01
  0.3362810E+01  0.2715873E-01  0.3490000E+01  0.5000000E+01  0.1000000E+01  0.3000000E-01
  0.3362810E+01  0.2719727E-01  0.3485000E+01  0.5000000E+01  0.1000000E+01  0.3000000E-01
  0.3362810E+01  0.2723592E-01  0.3480000E+01  0.5000000E+01  0.1000000E+01  0.3000000E-01
  0.3362810E+01  0.2727469E-01  0.3475000E+01  0.5000000E+01  0.1000000E+01  0.3000000E-01
  0.3362810E+01  0.2731357E-01  0.3470000E+01  0.5000000E+01  0.1000000E+01  0.3000000E-01
  0.3362810E+01  0.2735257E-01  0.3465000E+01  0.5000000E+01  0.1000000E+01  0.3000000E-01
  0.3362810E+01  0.2739169E-01  0.3460000E+01  0.5000000E+01  0.1000000E+01  0.3000000E-01
  0.3362810E+01  0.2743092E-01  0.3455000E+01  0.5000000E+01  0.1000000E+01  0.3000000E-01
  0.3362810E+01  0.2747027E-01  0.3450000E+01  0.5000000E+01  0.1000000E+01  0.3000000E-01
  0.3362811E+01  0.2750973E-01  0.3445000E+01  0.5000000E+01  0.1000000E+01  0.3000000E-01
  0.3362811E+01  0.2754932E-01  0.3440000E+01  0.5000000E+01  0.1000000E+01  0.3000000E-01
  0.3362811E+01  0.2758902E-01  0.3435000E+01  0.5000000E+01  0.1000000E+01  0.3000000E-01
  0.3362811E+01  0.2762884E-01  0.3430000E+01  0.5000000E+01  0.1000000E+01  0.3000000E-01
  0.3362811E+01  0.2766878E-01  0.3425000E+01  0.5000000E+01  0.1000000E+01  0.3000000E-01
  0.3362811E+01  0.2770884E-01  0.3420000E+01  0.5000000E+01  0.1000000E+01  0.3000000E-01
  0.3362811E+01  0.2774903E-01  0.3415000E+01  0.5000000E+01  0.1000000E+01  0.3000000E-01
  0.3362811E+01  0.2778933E-01  0.3410000E+01  0.5000000E+01  0.1000000E+01  0.3000000E-01
  0.3362811E+01  0.2782976E-01  0.3405000E+01  0.5000000E+01  0.1000000E+01  0.3000000E-01
  0.3362812E+01  0.2787030E-01  0.3400000E+01  0.5000000E+01  0.1000000E+01  0.3000000E-01
  0.3362812E+01  0.2791098E-01  0.3395000E+01  0.5000000E+01  0.1000000E+01  0.3000000E-01
  0.3362812E+01  0.2795177E-01  0.3390000E+01  0.5000000E+01  0.1000000E+01  0.3000000E-01
  0.3362812E+01  0.2799269E-01  0.3385000E+01  0.5000000E+01  0.1000000E+01  0.3000000E-01
  0.3362812E+01  0.2803373E-01  0.3380000E+01  0.5000000E+01  0.1000000E+01  0.3000000E-01
  0.3362812E+01  0.2807490E-01  0.3375000E+01  0.5000000E+01  0.1000000E+01  0.3000000E-01
  0.3362812E+01  0.2811620E-01  0.3370000E+01  0.5000000E+01  0.1000000E+01  0.3000000E-01
  0.3362812E+01  0.2815762E-01  0.3365000E+01  0.5000000E+01  0.1000000E+01  0.3000000E-01
  0.3362812E+01  0.2819917E-01  0.3360000E+01  0.5000000E+01  0.1000000E+01  0.3000000E-01
  0.3362812E+01  0.2824084E-01  0.3355000E+01  0.5000000E+01  0.1000000E+01  0.3000000E-01
  0.3362813E+01  0.2828265E-01  0.3350000E+01  0.5000000E+01  0.1000000E+01  0.3000000E-01
  0.3362813E+01  0.2832458E-01  0.3345000E+01  0.5000000E+01  0.1000000E+01  0.3000000E-01
  0.3362813E+01  0.2836664E-01  0.3340000E+01  0.5000000E+01  0.1000000E+01  0.3000000E-01
  0.3362813E+01  0.2840883E-01  0.3335000E+01  0.5000000E+01  0.1000000E+01  0.3000000E-01
  0.3362813E+01  0.2845115E-01  0.3330000E+01  0.5000000E+01  0.1000000E+01  0.3000000E-01
  0.3362813E+01  0.2849361E-01  0.3325000E+01  0.5000000E+01  0.1000000E+01  0.3000000E-01
  0.3362813E+01  0.2853619E-01  0.3320000E+01  0.5000000E+01  0.1000000E+01  0.3000000E-01
  0.3362813E+01  0.2857891E-01  0.3315000E+01  0.5000000E+01  0.1000000E+01  0.3000000E-01
  0.3362813E+01  0.2862176E-01  0.3310000E+01  0.5000000E+01  0.1000000E+01  0.3000000E-01
  0.3362814E+01  0.2866475E-01  0.3305000E+01  0.5000000E+01  0.1000000E+01  0.3000000E-01
  0.3362814E+01  0.2870786E-01  0.3300000E+01  0.5000000E+01  0.1000000E+01  0.3000000E-01
  0.3362814E+01  0.2875112E-01  0.3295000E+01  0.5000000E+01  0.1000000E+01  0.3000000E-01
  0.3362814E+01  0.2879451E-01  0.3290000E+01  0.5000000E+01  0.1000000E+01  0.3000000E-01
  0.3362814E+01  0.2883803E-01  0.3285000E+01  0.5000000E+01  0.1000000E+01  0.3000000E-01
  0.3362814E+01  0.2888169E-01  0.3280000E+01  0.5000000E+01  0.1000000E+01  0.3000000E-01
  0.3362814E+01  0.2892549E-01  0.3275000E+01  0.5000000E+01  0.1000000E+01  0.3000000E-01
  0.3362814E+01  0.2896943E-01  0.3270000E+01  0.5000000E+01  0.1000000E+01  0.3000000E-01
  0.3362814E+01  0.2901350E-01  0.3265000E+01  0.5000000E+01  0.1000000E+01  0.3000000E-01
  0.3362814E+01  0.2905772E-01  0.3260000E+01  0.5000000E+01  0.1000000E+01  0.3000000E-01
  0.3362815E+01  0.2910207E-01  0.3255000E+01  0.5000000E+01  0.1000000E+01  0.3000000E-01
  0.3362815E+01  0.2914657E-01  0.3250000E+01  0.5000000E+01  0.1000000E+01  0.3000000E-01
  0.3362815E+01  0.2919121E-01  0.3245000E+01  0.5000000E+01  0.1000000E+01  0.3000000E-01
  0.3362815E+01  0.2923598E-01  0.3240000E+01  0.5000000E+01  0.1000000E+01  0.3000000E-01
  0.3362815E+01  0.2928091E-01  0.3235000E+01  0.5000000E+01  0.1000000E+01  0.3000000E-01
  0.3362815E+01  0.2932597E-01  0.3230000E+01  0.5000000E+01  0.1000000E+01  0.3000000E-01
  0.3362815E+01  0.2937118E-01  0.3225000E+01  0.5000000E+01  0.1000000E+01  0.3000000E-01
  0.3362815E+01  0.2941653E-01  0.3220000E+01  0.5000000E+01  0.1000000E+01  0.3000000E-01
  0.3362815E+01  0.2946203E-01  0.3215000E+01  0.5000000E+01  0.1000000E+01  0.3000000E-01
  0.3362815E+01  0.2950768E-01  0.3210000E+01  0.5000000E+01  0.1000000E+01  0.3000000E-01
  0.3362816E+01  0.2955347E-01  0.3205000E+01  0.5000000E+01  0.1000000E+01  0.3000000E-01
  0.3362816E+01  0.2959941E-01  0.3200000E+01  0.5000000E+01  0.1000000E+01  0.3000000E-01
  0.3362816E+01  0.2964550E-01  0.3195000E+01  0.5000000E+01  0.1000000E+01  0.3000000E-01
  0.3362816E+01  0.2969174E-01  0.3190000E+01  0.5000000E+01  0.1000000E+01  0.3000000E-01
  0.3362816E+01  0.2973812E-01  0.3185000E+01  0.5000000E+01  0.1000000E+01  0.3000000E-01
  0.3362816E+01  0.2978466E-01  0.3180000E+01  0.5000000E+01  0.1000000E+01  0.3000000E-01
  0.3362816E+01  0.2983135E-01  0.3175000E+01  0.5000000E+01  0.1000000E+01  0.3000000E-01
  0.3362816E+01  0.2987819E-01  0.3170000E+01  0.5000000E+01  0.1000000E+01  0.3000000E-01
  0.3362816E+01  0.2992518E-01  0.3165000E+01  0.5000000E+01  0.1000000E+01  0.3000000E-01
  0.3362816E+01  0.2997233E-01  0.3160000E+01  0.5000000E+01  0.1000000E+01  0.3000000E-01
  0.3362817E+01  0.3001963E-01  0.3155000E+01  0.5000000E+01  0.1000000E+01  0.3000000E-01
  0.3362817E+01  0.3006708E-01  0.3150000E+01  0.5000000E+01  0.1000000E+01  0.3000000E-01
  0.3362817E+01  0.3011469E-01  0.3145000E+01  0.5000000E+01  0.1000000E+01  0.3000000E-01
  0.3362817E+01  0.3016246E-01  0.3140000E+01  0.5000000E+01  0.1000000E+01  0.3000000E-01
  0.3362817E+01  0.3021038E-01  0.3135000E+01  0.5000000E+01  0.1000000E+01  0.3000000E-01
  0.3362817E+01  0.3025847E-01  0.3130000E+01  0.5000000E+01  0.1000000E+01  0.3000000E-01
  0.3362817E+01  0.3030671E-01  0.3125000E+01  0.5000000E+01  0.1000000E+01  0.3000000E-01
  0.3362817E+01  0.3035511E-01  0.3120000E+01  0.5000000E+01  0.1000000E+01  0.3000000E-01
  0.3362817E+01  0.3040367E-01  0.3115000E+01  0.5000000E+01  0.1000000E+01  0.3000000E-01
  0.3362817E+01  0.3045239E-01  0.3110000E+01  0.5000000E+01  0.1000000E+01  0.3000000E-01
  0.3362817E+01  0.3050128E-01  0.3105000E+01  0.5000000E+01  0.1000000E+01  0.3000000E-01
  0.3362818E+01  0.3055032E-01  0.3100000E+01  0.5000000E+01  0.1000000E+01  0.3000000E-01
  0.3362818E+01  0.3059953E-01  0.3095000E+01  0.5000000E+01  0.1000000E+01  0.3000000E-01
  0.3362818E+01  0.3064891E-01  0.3090000E+01  0.5000000E+01  0.1000000E+01  0.3000000E-01
  0.3362818E+01  0.3069845E-01  0.3085000E+01  0.5000000E+01  0.1000000E+01  0.3000000E-01
  0.3362818E+01  0.3074815E-01  0.3080000E+01  0.5000000E+01  0.1000000E+01  0.3000000E-01
  0.3362818E+01  0.3079802E-01  0.3075000E+01  0.5000000E+01  0.1000000E+01  0.3000000E-01
  0.3362818E+01  0.3084806E-01  0.3070000E+01  0.5000000E+01  0.1000000E+01  0.3000000E-01
  0.3362818E+01  0.3089827E-01  0.3065000E+01  0.5000000E+01  0.1000000E+01  0.3000000E-01
  0.3362818E+01  0.3094865E-01  0.3060000E+01  0.5000000E+01  0.1000000E+01  0.3000000E-01
  0.3362818E+01  0.3099920E-01  0.3055000E+01  0.5000000E+01  0.1000000E+01  0.3000000E-01
  0.3362818E+01  0.3104992E-01  0.3050000E+01  0.5000000E+01  0.1000000E+01  0.3000000E-01
  0.3362819E+01  0.3110081E-01  0.3045000E+01  0.5000000E+01  0.1000000E+01  0.3000000E-01
  0.3362819E+01  0.3115187E-01  0.3040000E+01  0.5000000E+01  0.1000000E+01  0.3000000E-01
  0.3362819E+01  0.3120311E-01  0.3035000E+01  0.5000000E+01  0.1000000E+01  0.3000000E-01
  0.3362819E+01  0.3125452E-01  0.3030000E+01  0.5000000E+01  0.1000000E+01  0.3000000E-01
  0.3362819E+01  0.3130611E-01  0.3025000E+01  0.5000000E+01  0.1000000E+01  0.3000000E-01
  0.3362819E+01  0.3135788E-01  0.3020000E+01  0.5000000E+01  0.1000000E+01  0.3000000E-01
  0.3362819E+01  0.3140982E-01  0.3015000E+01  0.5000000E+01  0.1000000E+01  0.3000000E-01
  0.3362819E+01  0.3146194E-01  0.3010000E+01  0.5000000E+01  0.1000000E+01  0.3000000E-01
  0.3362819E+01  0.3151424E-01  0.3005000E+01  0.5000000E+01  0.1000000E+01  0.3000000E-01
  0.3362819E+01  0.3156672E-01  0.3000000E+01  0.5000000E+01  0.1000000E+01  0.3000000E-01
  0.3362819E+01  0.3161938E-01  0.2995000E+01  0.5000000E+01  0.1000000E+01  0.3000000E-01
  0.3362819E+01  0.3167222E-01  0.2990000E+01  0.5000000E+01  0.1000000E+01  0.3000000E-01
  0.3362819E+01  0.3172524E-01  0.2985000E+01  0.5000000E+01  0.1000000E+01  0.3000000E-01
  0.3362820E+01  0.3177845E-01  0.2980000E+01  0.5000000E+01  0.1000000E+01  0.3000000E-01
  0.3362820E+01  0.3183185E-01  0.2975000E+01  0.5000000E+01  0.1000000E+01  0.3000000E-01
  0.3362820E+01  0.3188543E-01  0.2970000E+01  0.5000000E+01  0.1000000E+01  0.3000000E-01
  0.3362820E+01  0.3193919E-01  0.2965000E+01  0.5000000E+01  0.1000000E+01  0.3000000E-01
  0.3362820E+01  0.3199314E-01  0.2960000E+01  0.5000000E+01  0.1000000E+01  0.3000000E-01
  0.3362820E+01  0.3204729E-01  0.2955000E+01  0.5000000E+01  0.1000000E+01  0.3000000E-01
  0.3362820E+01  0.3210162E-01  0.2950000E+01  0.5000000E+01  0.1000000E+01  0.3000000E-01
  0.3362820E+01  0.3215614E-01  0.2945000E+01  0.5000000E+01  0.1000000E+01  0.3000000E-01
  0.3362820E+01  0.3221086E-01  0.2940000E+01  0.5000000E+01  0.1000000E+01  0.3000000E-01
  0.3362820E+01  0.3226576E-01  0.2935000E+01  0.5000000E+01  0.1000000E+01  0.3000000E-01
  0.3362820E+01  0.3232086E-01  0.2930000E+01  0.5000000E+01  0.1000000E+01  0.3000000E-01
  0.3362820E+01  0.3237616E-01  0.2925000E+01  0.5000000E+01  0.1000000E+01  0.3000000E-01
  0.3362820E+01  0.3243165E-01  0.2920000E+01  0.5000000E+01  0.1000000E+01  0.3000000E-01
  0.3362820E+01  0.3248734E-01  0.2915000E+01  0.5000000E+01  0.1000000E+01  0.3000000E-01
  0.3362821E+01  0.3254322E-01  0.2910000E+01  0.5000000E+01  0.1000000E+01  0.3000000E-01
  0.3362821E+01  0.3259931E-01  0.2905000E+01  0.5000000E+01  0.1000000E+01  0.3000000E-01
  0.3362821E+01  0.3265559E-01  0.2900000E+01  0.5000000E+01  0.1000000E+01  0.3000000E-01
  0.3362821E+01  0.3271208E-01  0.2895000E+01  0.5000000E+01  0.1000000E+01  0.3000000E-01
  0.3362821E+01  0.3276877E-01  0.2890000E+01  0.5000000E+01  0.1000000E+01  0.3000000E-01
  0.3362821E+01  0.3282566E-01  0.2885000E+01  0.5000000E+01  0.1000000E+01  0.3000000E-01
  0.3362821E+01  0.3288275E-01  0.2880000E+01  0.5000000E+01  0.1000000E+01  0.3000000E-01
  0.3362821E+01  0.3294005E-01  0.2875000E+01  0.5000000E+01  0.1000000E+01  0.3000000E-01
  0.3362821E+01  0.3299756E-01  0.2870000E+01  0.5000000E+01  0.1000000E+01  0.3000000E-01
  0.3362821E+01  0.3305528E-01  0.2865000E+01  0.5000000E+01  0.1000000E+01  0.3000000E-01
  0.3362821E+01  0.3311320E-01  0.2860000E+01  0.5000000E+01  0.1000000E+01  0.3000000E-01
  0.3362821E+01  0.3317133E-01  0.2855000E+01  0.5000000E+01  0.1000000E+01  0.3000000E-01
  0.3362821E+01  0.3322968E-01  0.2850000E+01  0.5000000E+01  0.1000000E+01  0.3000000E-01
  0.3362821E+01  0.3328824E-01  0.2845000E+01  0.5000000E+01  0.1000000E+01  0.3000000E-01
  0.3362821E+01  0.3334701E-01  0.2840000E+01  0.5000000E+01  0.1000000E+01  0.3000000E-01
  0.3362821E+01  0.3340599E-01  0.2835000E+01  0.5000000E+01  0.1000000E+01  0.3000000E-01
  0.3362821E+01  0.3346519E-01  0.2830000E+01  0.5000000E+01  0.1000000E+01  0.3000000E-01
  0.3362821E+01  0.3352461E-01  0.2825000E+01  0.5000000E+01  0.1000000E+01  0.3000000E-01
  0.3362822E+01  0.3358424E-01  0.2820000E+01  0.5000000E+01  0.1000000E+01  0.3000000E-01
  0.3362822E+01  0.3364410E-01  0.2815000E+01  0.5000000E+01  0.1000000E+01  0.3000000E-01
  0.3362822E+01  0.3370417E-01  0.2810000E+01  0.5000000E+01  0.1000000E+01  0.3000000E-01
  0.3362822E+01  0.3376447E-01  0.2805000E+01  0.5000000E+01  0.1000000E+01  0.3000000E-01
  0.3362822E+01  0.3382499E-01  0.2800000E+01  0.5000000E+01  0.1000000E+01  0.3000000E-01
  0.3362822E+01  0.3388574E-01  0.2795000E+01  0.5000000E+01  0.1000000E+01  0.3000000E-01
  0.3362822E+01  0.3394671E-01  0.2790000E+01  0.5000000E+01  0.1000000E+01  0.3000000E-01
  0.3362822E+01  0.3400790E-01  0.2785000E+01  0.5000000E+01  0.1000000E+01  0.3000000E-01
  0.3362822E+01  0.3406933E-01  0.2780000E+01  0.5000000E+01  0.1000000E+01  0.3000000E-01
  0.3362822E+01  0.3413098E-01  0.2775000E+01  0.5000000E+01  0.1000000E+01  0.3000000E-01
  0.3362822E+01  0.3419286E-01  0.2770000E+01  0.5000000E+01  0.1000000E+01  0.3000000E-01
  0.3362822E+01  0.3425498E-01  0.2765000E+01  0.5000000E+01  0.1000000E+01  0.3000000E-01
  0.3362822E+01  0.3431733E-01  0.2760000E+01  0.5000000E+01  0.1000000E+01  0.3000000E-01
  0.3362822E+01  0.3437991E-01  0.2755000E+01  0.5000000E+01  0.1000000E+01  0.3000000E-01
  0.3362822E+01  0.3444273E-01  0.2750000E+01  0.5000000E+01  0.1000000E+01  0.3000000E-01
  0.3362822E+01  0.3450579E-01  0.2745000E+01  0.5000000E+01  0.1000000E+01  0.3000000E-01
  0.3362822E+01  0.3456908E-01  0.2740000E+01  0.5000000E+01  0.1000000E+01  0.3000000E-01
  0.3362822E+01  0.3463262E-01  0.2735000E+01  0.5000000E+01  0.1000000E+01  0.3000000E-01
  0.3362822E+01  0.3469640E-01  0.2730000E+01  0.5000000E+01  0.1000000E+01  0.3000000E-01
  0.3362822E+01  0.3476041E-01  0.2725000E+01  0.5000000E+01  0.1000000E+01  0.3000000E-01
  0.3362822E+01  0.3482468E-01  0.2720000E+01  0.5000000E+01  0.1000000E+01  0.3000000E-01
  0.3362822E+01  0.3488919E-01  0.2715000E+01  0.5000000E+01  0.1000000E+01  0.3000000E-01
  0.3362822E+01  0.3495394E-01  0.2710000E+01  0.5000000E+01  0.1000000E+01  0.3000000E-01
  0.3362822E+01  0.3501894E-01  0.2705000E+01  0.5000000E+01  0.1000000E+01  0.3000000E-01
  0.3362822E+01  0.3508420E-01  0.2700000E+01  0.5000000E+01  0.1000000E+01  0.3000000E-01
  0.3362822E+01  0.3514970E-01  0.2695000E+01  0.5000000E+01  0.1000000E+01  0.3000000E-01
  0.3362822E+01  0.3521546E-01  0.2690000E+01  0.5000000E+01  0.1000000E+01  0.3000000E-01
  0.3362822E+01  0.3528147E-01  0.2685000E+01  0.5000000E+01  0.1000000E+01  0.3000000E-01
  0.3362822E+01  0.3534774E-01  0.2680000E+01  0.5000000E+01  0.1000000E+01  0.3000000E-01
  0.3362822E+01  0.3541426E-01  0.2675000E+01  0.5000000E+01  0.1000000E+01  0.3000000E-01
  0.3362822E+01  0.3548104E-01  0.2670000E+01  0.5000000E+01  0.1000000E+01  0.3000000E-01
  0.3362822E+01  0.3554808E-01  0.2665000E+01  0.5000000E+01  0.1000000E+01  0.3000000E-01
  0.3362822E+01  0.3561539E-01  0.2660000E+01  0.5000000E+01  0.1000000E+01  0.3000000E-01
  0.3362822E+01  0.3568295E-01  0.2655000E+01  0.5000000E+01  0.1000000E+01  0.3000000E-01
  0.3362822E+01  0.3575078E-01  0.2650000E+01  0.5000000E+01  0.1000000E+01  0.3000000E-01
  0.3362822E+01  0.3581888E-01  0.2645000E+01  0.5000000E+01  0.1000000E+01  0.3000000E-01
  0.3362822E+01  0.3588724E-01  0.2640000E+01  0.5000000E+01  0.1000000E+01  0.3000000E-01
  0.3362822E+01  0.3595588E-01  0.2635000E+01  0.5000000E+01  0.1000000E+01  0.3000000E-01
  0.3362822E+01  0.3602478E-01  0.2630000E+01  0.5000000E+01  0.1000000E+01  0.3000000E-01
  0.3362822E+01  0.3609396E-01  0.2625000E+01  0.5000000E+01  0.1000000E+01  0.3000000E-01
  0.3362822E+01  0.3616341E-01  0.2620000E+01  0.5000000E+01  0.1000000E+01  0.3000000E-01
  0.3362822E+01  0.3623314E-01  0.2615000E+01  0.5000000E+01  0.1000000E+01  0.3000000E-01
  0.3362822E+01  0.3630315E-01  0.2610000E+01  0.5000000E+01  0.1000000E+01  0.3000000E-01
  0.3362822E+01  0.3637343E-01  0.2605000E+01  0.5000000E+01  0.1000000E+01  0.3000000E-01
  0.3362822E+01  0.3644400E-01  0.2600000E+01  0.5000000E+01  0.1000000E+01  0.3000000E-01
  0.3362822E+01  0.3651485E-01  0.2595000E+01  0.5000000E+01  0.1000000E+01  0.3000000E-01
  0.3362822E+01  0.3658598E-01  0.2590000E+01  0.5000000E+01  0.1000000E+01  0.3000000E-01
  0.3362822E+01  0.3665740E-01  0.2585000E+01  0.5000000E+01  0.1000000E+01  0.3000000E-01
  0.3362822E+01  0.3672910E-01  0.2580000E+01  0.5000000E+01  0.1000000E+01  0.3000000E-01
  0.3362822E+01  0.3680110E-01  0.2575000E+01  0.5000000E+01  0.1000000E+01  0.3000000E-01
  0.3362822E+01  0.3687338E-01  0.2570000E+01  0.5000000E+01  0.1000000E+01  0.3000000E-01
  0.3362822E+01  0.3694596E-01  0.2565000E+01  0.5000000E+01  0.1000000E+01  0.3000000E-01
  0.3362822E+01  0.3701884E-01  0.2560000E+01  0.5000000E+01  0.1000000E+01  0.3000000E-01
  0.3362822E+01  0.3709201E-01  0.2555000E+01  0.5000000E+01  0.1000000E+01  0.3000000E-01
  0.3362822E+01  0.3716548E-01  0.2550000E+01  0.5000000E+01  0.1000000E+01  0.3000000E-01
  0.3362822E+01  0.3723925E-01  0.2545000E+01  0.5000000E+01  0.1000000E+01  0.3000000E-01
  0.3362822E+01  0.3731332E-01  0.2540000E+01  0.5000000E+01  0.1000000E+01  0.3000000E-01
  0.3362822E+01  0.3738770E-01  0.2535000E+01  0.5000000E+01  0.1000000E+01  0.3000000E-01
  0.3362822E+01  0.3746238E-01  0.2530000E+01  0.5000000E+01  0.1000000E+01  0.3000000E-01
  0.3362822E+01  0.3753737E-01  0.2525000E+01  0.5000000E+01  0.1000000E+01  0.3000000E-01
  0.3362822E+01  0.3761267E-01  0.2520000E+01  0.5000000E+01  0.1000000E+01  0.3000000E-01
  0.3362822E+01  0.3768828E-01  0.2515000E+01  0.5000000E+01  0.1000000E+01  0.3000000E-01
  0.3362822E+01  0.3776420E-01  0.2510000E+01  0.5000000E+01  0.1000000E+01  0.3000000E-01
  0.3362822E+01  0.3784044E-01  0.2505000E+01  0.5000000E+01  0.1000000E+01  0.3000000E-01
  0.3362822E+01  0.3791700E-01  0.2500000E+01  0.5000000E+01  0.1000000E+01  0.3000000E-01
  0.3362822E+01  0.3799388E-01  0.2495000E+01  0.5000000E+01  0.1000000E+01  0.3000000E-01
  0.3362822E+01  0.3807107E-01  0.2490000E+01  0.5000000E+01  0.1000000E+01  0.3000000E-01
  0.3362822E+01  0.3814860E-01  0.2485000E+01  0.5000000E+01  0.1000000E+01  0.3000000E-01
  0.3362822E+01  0.3822644E-01  0.2480000E+01  0.5000000E+01  0.1000000E+01  0.3000000E-01
  0.3362822E+01  0.3830462E-01  0.2475000E+01  0.5000000E+01  0.1000000E+01  0.3000000E-01
  0.3362822E+01  0.3838312E-01  0.2470000E+01  0.5000000E+01  0.1000000E+01  0.3000000E-01
  0.3362821E+01  0.3846196E-01  0.2465000E+01  0.5000000E+01  0.1000000E+01  0.3000000E-01
  0.3362821E+01  0.3854113E-01  0.2460000E+01  0.5000000E+01  0.1000000E+01  0.3000000E-01
  0.3362821E+01  0.3862064E-01  0.2455000E+01  0.5000000E+01  0.1000000E+01  0.3000000E-01
  0.3362821E+01  0.3870048E-01  0.2450000E+01  0.5000000E+01  0.1000000E+01  0.3000000E-01
  0.3362821E+01  0.3878067E-01  0.2445000E+01  0.5000000E+01  0.1000000E+01  0.3000000E-01
  0.3362821E+01  0.3886120E-01  0.2440000E+01  0.5000000E+01  0.1000000E+01  0.3000000E-01
  0.3362821E+01  0.3894207E-01  0.2435000E+01  0.5000000E+01  0.1000000E+01  0.3000000E-01
  0.3362821E+01  0.3902329E-01  0.2430000E+01  0.5000000E+01  0.1000000E+01  0.3000000E-01
  0.3362821E+01  0.3910486E-01  0.2425000E+01  0.5000000E+01  0.1000000E+01  0.3000000E-01
  0.3362821E+01  0.3918678E-01  0.2420000E+01  0.5000000E+01  0.1000000E+01  0.3000000E-01
  0.3362821E+01  0.3926906E-01  0.2415000E+01  0.5000000E+01  0.1000000E+01  0.3000000E-01
  0.3362821E+01  0.3935169E-01  0.2410000E+01  0.5000000E+01  0.1000000E+01  0.3000000E-01
  0.3362821E+01  0.3943468E-01  0.2405000E+01  0.5000000E+01  0.1000000E+01  0.3000000E-01
  0.3362820E+01  0.3951803E-01  0.2400000E+01  0.5000000E+01  0.1000000E+01  0.3000000E-01
  0.3362820E+01  0.3960175E-01  0.2395000E+01  0.5000000E+01  0.1000000E+01  0.3000000E-01
  0.3362820E+01  0.3968583E-01  0.2390000E+01  0.5000000E+01  0.1000000E+01  0.3000000E-01
  0.3362820E+01  0.3977027E-01  0.2385000E+01  0.5000000E+01  0.1000000E+01  0.3000000E-01
  0.3362820E+01  0.3985509E-01  0.2380000E+01  0.5000000E+01  0.1000000E+01  0.3000000E-01
  0.3362820E+01  0.3994028E-01  0.2375000E+01  0.5000000E+01  0.1000000E+01  0.3000000E-01
  0.3362820E+01  0.4002585E-01  0.2370000E+01  0.5000000E+01  0.1000000E+01  0.3000000E-01
  0.3362820E+01  0.4011180E-01  0.2365000E+01  0.5000000E+01  0.1000000E+01  0.3000000E-01
  0.3362820E+01  0.4019812E-01  0.2360000E+01  0.5000000E+01  0.1000000E+01  0.3000000E-01
  0.3362819E+01  0.4028483E-01  0.2355000E+01  0.5000000E+01  0.1000000E+01  0.3000000E-01
  0.3362819E+01  0.4037193E-01  0.2350000E+01  0.5000000E+01  0.1000000E+01  0.3000000E-01
  0.3362819E+01  0.4045941E-01  0.2345000E+01  0.5000000E+01  0.1000000E+01  0.3000000E-01
  0.3362819E+01  0.4054728E-01  0.2340000E+01  0.5000000E+01  0.1000000E+01  0.3000000E-01
  0.3362819E+01  0.4063555E-01  0.2335000E+01  0.5000000E+01  0.1000000E+01  0.3000000E-01
  0.3362819E+01  0.4072421E-01  0.2330000E+01  0.5000000E+01  0.1000000E+01  0.3000000E-01
  0.3362819E+01  0.4081328E-01  0.2325000E+01  0.5000000E+01  0.1000000E+01  0.3000000E-01
  0.3362819E+01  0.4090274E-01  0.2320000E+01  0.5000000E+01  0.1000000E+01  0.3000000E-01
  0.3362818E+01  0.4099261E-01  0.2315000E+01  0.5000000E+01  0.1000000E+01  0.3000000E-01
  0.3362818E+01  0.4108288E-01  0.2310000E+01  0.5000000E+01  0.1000000E+01  0.3000000E-01
  0.3362818E+01  0.4117357E-01  0.2305000E+01  0.5000000E+01  0.1000000E+01  0.3000000E-01
  0.3362818E+01  0.4126467E-01  0.2300000E+01  0.5000000E+01  0.1000000E+01  0.3000000E-01
  0.3362818E+01  0.4135618E-01  0.2295000E+01  0.5000000E+01  0.1000000E+01  0.3000000E-01
  0.3362818E+01  0.4144811E-01  0.2290000E+01  0.5000000E+01  0.1000000E+01  0.3000000E-01
  0.3362817E+01  0.4154047E-01  0.2285000E+01  0.5000000E+01  0.1000000E+01  0.3000000E-01
  0.3362817E+01  0.4163324E-01  0.2280000E+01  0.5000000E+01  0.1000000E+01  0.3000000E-01
  0.3362817E+01  0.4172645E-01  0.2275000E+01  0.5000000E+01  0.1000000E+01  0.3000000E-01
  0.3362817E+01  0.4182008E-01  0.2270000E+01  0.5000000E+01  0.1000000E+01  0.3000000E-01
  0.3362817E+01  0.4191415E-01  0.2265000E+01  0.5000000E+01  0.1000000E+01  0.3000000E-01
  0.3362817E+01  0.4200866E-01  0.2260000E+01  0.5000000E+01  0.1000000E+01  0.3000000E-01
  0.3362816E+01  0.4210360E-01  0.2255000E+01  0.5000000E+01  0.1000000E+01  0.3000000E-01
  0.3362816E+01  0.4219899E-01  0.2250000E+01  0.5000000E+01  0.1000000E+01  0.3000000E-01
  0.3362816E+01  0.4229482E-01  0.2245000E+01  0.5000000E+01  0.1000000E+01  0.3000000E-01
  0.3362816E+01  0.4239110E-01  0.2240000E+01  0.5000000E+01  0.1000000E+01  0.3000000E-01
  0.3362816E+01  0.4248784E-01  0.2235000E+01  0.5000000E+01  0.1000000E+01  0.3000000E-01
  0.3362815E+01  0.4258502E-01  0.2230000E+01  0.5000000E+01  0.1000000E+01  0.3000000E-01
  0.3362815E+01  0.4268267E-01  0.2225000E+01  0.5000000E+01  0.1000000E+01  0.3000000E-01
  0.3362815E+01  0.4278078E-01  0.2220000E+01  0.5000000E+01  0.1000000E+01  0.3000000E-01
  0.3362815E+01  0.4287935E-01  0.2215000E+01  0.5000000E+01  0.1000000E+01  0.3000000E-01
  0.3362815E+01  0.4297839E-01  0.2210000E+01  0.5000000E+01  0.1000000E+01  0.3000000E-01
  0.3362814E+01  0.4307791E-01  0.2205000E+01  0.5000000E+01  0.1000000E+01  0.3000000E-01
  0.3362814E+01  0.4317790E-01  0.2200000E+01  0.5000000E+01  0.1000000E+01  0.3000000E-01
  0.3362814E+01  0.4327836E-01  0.2195000E+01  0.5000000E+01  0.1000000E+01  0.3000000E-01
  0.3362814E+01  0.4337931E-01  0.2190000E+01  0.5000000E+01  0.1000000E+01  0.3000000E-01
  0.3362813E+01  0.4348075E-01  0.2185000E+01  0.5000000E+01  0.1000000E+01  0.3000000E-01
  0.3362813E+01  0.4358267E-01  0.2180000E+01  0.5000000E+01  0.1000000E+01  0.3000000E-01
  0.3362813E+01  0.4368509E-01  0.2175000E+01  0.5000000E+01  0.1000000E+01  0.3000000E-01
  0.3362813E+01  0.4378800E-01  0.2170000E+01  0.5000000E+01  0.1000000E+01  0.3000000E-01
  0.3362812E+01  0.4389142E-01  0.2165000E+01  0.5000000E+01  0.1000000E+01  0.3000000E-01
  0.3362812E+01  0.4399533E-01  0.2160000E+01  0.5000000E+01  0.1000000E+01  0.3000000E-01
  0.3362812E+01  0.4409976E-01  0.2155000E+01  0.5000000E+01  0.1000000E+01  0.3000000E-01
  0.3362812E+01  0.4420469E-01  0.2150000E+01  0.5000000E+01  0.1000000E+01  0.3000000E-01
  0.3362811E+01  0.4431014E-01  0.2145000E+01  0.5000000E+01  0.1000000E+01  0.3000000E-01
  0.3362811E+01  0.4441611E-01  0.2140000E+01  0.5000000E+01  0.1000000E+01  0.3000000E-01
  0.3362811E+01  0.4452260E-01  0.2135000E+01  0.5000000E+01  0.1000000E+01  0.3000000E-01
  0.3362811E+01  0.4462962E-01  0.2130000E+01  0.5000000E+01  0.1000000E+01  0.3000000E-01
  0.3362810E+01  0.4473717E-01  0.2125000E+01  0.5000000E+01  0.1000000E+01  0.3000000E-01
  0.3362810E+01  0.4484526E-01  0.2120000E+01  0.5000000E+01  0.1000000E+01  0.3000000E-01
  0.3362810E+01  0.4495388E-01  0.2115000E+01  0.5000000E+01  0.1000000E+01  0.3000000E-01
  0.3362809E+01  0.4506304E-01  0.2110000E+01  0.5000000E+01  0.1000000E+01  0.3000000E-01
  0.3362809E+01  0.4517276E-01  0.2105000E+01  0.5000000E+01  0.1000000E+01  0.3000000E-01
  0.3362809E+01  0.4528302E-01  0.2100000E+01  0.5000000E+01  0.1000000E+01  0.3000000E-01
  0.3362809E+01  0.4539384E-01  0.2095000E+01  0.5000000E+01  0.1000000E+01  0.3000000E-01
  0.3362808E+01  0.4550521E-01  0.2090000E+01  0.5000000E+01  0.1000000E+01  0.3000000E-01
  0.3362808E+01  0.4561716E-01  0.2085000E+01  0.5000000E+01  0.1000000E+01  0.3000000E-01
  0.3362808E+01  0.4572967E-01  0.2080000E+01  0.5000000E+01  0.1000000E+01  0.3000000E-01
  0.3362807E+01  0.4584275E-01  0.2075000E+01  0.5000000E+01  0.1000000E+01  0.3000000E-01
  0.3362807E+01  0.4595641E-01  0.2070000E+01  0.5000000E+01  0.1000000E+01  0.3000000E-01
  0.3362807E+01  0.4607065E-01  0.2065000E+01  0.5000000E+01  0.1000000E+01  0.3000000E-01
  0.3362806E+01  0.4618547E-01  0.2060000E+01  0.5000000E+01  0.1000000E+01  0.3000000E-01
  0.3362806E+01  0.4630089E-01  0.2055000E+01  0.5000000E+01  0.1000000E+01  0.3000000E-01
  0.3362805E+01  0.4641690E-01  0.2050000E+01  0.5000000E+01  0.1000000E+01  0.3000000E-01
  0.3362805E+01  0.4653352E-01  0.2045000E+01  0.5000000E+01  0.1000000E+01  0.3000000E-01
  0.3362805E+01  0.4665073E-01  0.2040000E+01  0.5000000E+01  0.1000000E+01  0.3000000E-01
  0.3362804E+01  0.4676856E-01  0.2035000E+01  0.5000000E+01  0.1000000E+01  0.3000000E-01
  0.3362804E+01  0.4688700E-01  0.2030000E+01  0.5000000E+01  0.1000000E+01  0.3000000E-01
  0.3362804E+01  0.4700606E-01  0.2025000E+01  0.5000000E+01  0.1000000E+01  0.3000000E-01
  0.3362803E+01  0.4712574E-01  0.2020000E+01  0.5000000E+01  0.1000000E+01  0.3000000E-01
  0.3362803E+01  0.4724605E-01  0.2015000E+01  0.5000000E+01  0.1000000E+01  0.3000000E-01
  0.3362802E+01  0.4736700E-01  0.2010000E+01  0.5000000E+01  0.1000000E+01  0.3000000E-01
  0.3362802E+01  0.4748858E-01  0.2005000E+01  0.5000000E+01  0.1000000E+01  0.3000000E-01
  0.3362802E+01  0.4761081E-01  0.2000000E+01  0.5000000E+01  0.1000000E+01  0.3000000E-01
  0.3362801E+01  0.4773369E-01  0.1995000E+01  0.5000000E+01  0.1000000E+01  0.3000000E-01
  0.3362801E+01  0.4785723E-01  0.1990000E+01  0.5000000E+01  0.1000000E+01  0.3000000E-01
  0.3362800E+01  0.4798142E-01  0.1985000E+01  0.5000000E+01  0.1000000E+01  0.3000000E-01
  0.3362800E+01  0.4810628E-01  0.1980000E+01  0.5000000E+01  0.1000000E+01  0.3000000E-01
  0.3362799E+01  0.4823181E-01  0.1975000E+01  0.5000000E+01  0.1000000E+01  0.3000000E-01
  0.3362799E+01  0.4835802E-01  0.1970000E+01  0.5000000E+01  0.1000000E+01  0.3000000E-01
  0.3362798E+01  0.4848490E-01  0.1965000E+01  0.5000000E+01  0.1000000E+01  0.3000000E-01
  0.3362798E+01  0.4861248E-01  0.1960000E+01  0.5000000E+01  0.1000000E+01  0.3000000E-01
  0.3362798E+01  0.4874075E-01  0.1955000E+01  0.5000000E+01  0.1000000E+01  0.3000000E-01
  0.3362797E+01  0.4886972E-01  0.1950000E+01  0.5000000E+01  0.1000000E+01  0.3000000E-01
  0.3362797E+01  0.4899939E-01  0.1945000E+01  0.5000000E+01  0.1000000E+01  0.3000000E-01
  0.3362796E+01  0.4912977E-01  0.1940000E+01  0.5000000E+01  0.1000000E+01  0.3000000E-01
  0.3362796E+01  0.4926087E-01  0.1935000E+01  0.5000000E+01  0.1000000E+01  0.3000000E-01
  0.3362795E+01  0.4939269E-01  0.1930000E+01  0.5000000E+01  0.1000000E+01  0.3000000E-01
  0.3362795E+01  0.4952525E-01  0.1925000E+01  0.5000000E+01  0.1000000E+01  0.3000000E-01
  0.3362794E+01  0.4965853E-01  0.1920000E+01  0.5000000E+01  0.1000000E+01  0.3000000E-01
  0.3362794E+01  0.4979256E-01  0.1915000E+01  0.5000000E+01  0.1000000E+01  0.3000000E-01
  0.3362793E+01  0.4992733E-01  0.1910000E+01  0.5000000E+01  0.1000000E+01  0.3000000E-01
  0.3362792E+01  0.5006286E-01  0.1905000E+01  0.5000000E+01  0.1000000E+01  0.3000000E-01
  0.3362792E+01  0.5019915E-01  0.1900000E+01  0.5000000E+01  0.1000000E+01  0.3000000E-01
  0.3362791E+01  0.5033621E-01  0.1895000E+01  0.5000000E+01  0.1000000E+01  0.3000000E-01
  0.3362791E+01  0.5047404E-01  0.1890000E+01  0.5000000E+01  0.1000000E+01  0.3000000E-01
  0.3362790E+01  0.5061264E-01  0.1885000E+01  0.5000000E+01  0.1000000E+01  0.3000000E-01
  0.3362790E+01  0.5075204E-01  0.1880000E+01  0.5000000E+01  0.1000000E+01  0.3000000E-01
  0.3362789E+01  0.5089223E-01  0.1875000E+01  0.5000000E+01  0.1000000E+01  0.3000000E-01
  0.3362789E+01  0.5103322E-01  0.1870000E+01  0.5000000E+01  0.1000000E+01  0.3000000E-01
  0.3362788E+01  0.5117502E-01  0.1865000E+01  0.5000000E+01  0.1000000E+01  0.3000000E-01
  0.3362787E+01  0.5131763E-01  0.1860000E+01  0.5000000E+01  0.1000000E+01  0.3000000E-01
  0.3362787E+01  0.5146106E-01  0.1855000E+01  0.5000000E+01  0.1000000E+01  0.3000000E-01
  0.3362786E+01  0.5160532E-01  0.1850000E+01  0.5000000E+01  0.1000000E+01  0.3000000E-01
  0.3362785E+01  0.5175042E-01  0.1845000E+01  0.5000000E+01  0.1000000E+01  0.3000000E-01
  0.3362785E+01  0.5189636E-01  0.1840000E+01  0.5000000E+01  0.1000000E+01  0.3000000E-01
  0.3362784E+01  0.5204316E-01  0.1835000E+01  0.5000000E+01  0.1000000E+01  0.3000000E-01
  0.3362784E+01  0.5219081E-01  0.1830000E+01  0.5000000E+01  0.1000000E+01  0.3000000E-01
  0.3362783E+01  0.5233933E-01  0.1825000E+01  0.5000000E+01  0.1000000E+01  0.3000000E-01
  0.3362782E+01  0.5248872E-01  0.1820000E+01  0.5000000E+01  0.1000000E+01  0.3000000E-01
  0.3362782E+01  0.5263900E-01  0.1815000E+01  0.5000000E+01  0.1000000E+01  0.3000000E-01
  0.3362781E+01  0.5279016E-01  0.1810000E+01  0.5000000E+01  0.1000000E+01  0.3000000E-01
  0.3362780E+01  0.5294223E-01  0.1805000E+01  0.5000000E+01  0.1000000E+01  0.3000000E-01
  0.3362780E+01  0.5309520E-01  0.1800000E+01  0.5000000E+01  0.1000000E+01  0.3000000E-01
  0.3362779E+01  0.5324908E-01  0.1795000E+01  0.5000000E+01  0.1000000E+01  0.3000000E-01
  0.3362778E+01  0.5340389E-01  0.1790000E+01  0.5000000E+01  0.1000000E+01  0.3000000E-01
  0.3362777E+01  0.5355963E-01  0.1785000E+01  0.5000000E+01  0.1000000E+01  0.3000000E-01
  0.3362777E+01  0.5371631E-01  0.1780000E+01  0.5000000E+01  0.1000000E+01  0.3000000E-01
  0.3362776E+01  0.5387394E-01  0.1775000E+01  0.5000000E+01  0.1000000E+01  0.3000000E-01
  0.3362775E+01  0.5403253E-01  0.1770000E+01  0.5000000E+01  0.1000000E+01  0.3000000E-01
  0.3362774E+01  0.5419208E-01  0.1765000E+01  0.5000000E+01  0.1000000E+01  0.3000000E-01
  0.3362774E+01  0.5435261E-01  0.1760000E+01  0.5000000E+01  0.1000000E+01  0.3000000E-01
  0.3362773E+01  0.5451412E-01  0.1755000E+01  0.5000000E+01  0.1000000E+01  0.3000000E-01
  0.3362772E+01  0.5467663E-01  0.1750000E+01  0.5000000E+01  0.1000000E+01  0.3000000E-01
  0.3362771E+01  0.5484014E-01  0.1745000E+01  0.5000000E+01  0.1000000E+01  0.3000000E-01
  0.3362770E+01  0.5500467E-01  0.1740000E+01  0.5000000E+01  0.1000000E+01  0.3000000E-01
  0.3362770E+01  0.5517022E-01  0.1735000E+01  0.5000000E+01  0.1000000E+01  0.3000000E-01
  0.3362769E+01  0.5533680E-01  0.1730000E+01  0.5000000E+01  0.1000000E+01  0.3000000E-01
  0.3362768E+01  0.5550442E-01  0.1725000E+01  0.5000000E+01  0.1000000E+01  0.3000000E-01
  0.3362767E+01  0.5567309E-01  0.1720000E+01  0.5000000E+01  0.1000000E+01  0.3000000E-01
  0.3362766E+01  0.5584283E-01  0.1715000E+01  0.5000000E+01  0.1000000E+01  0.3000000E-01
  0.3362765E+01  0.5601364E-01  0.1710000E+01  0.5000000E+01  0.1000000E+01  0.3000000E-01
  0.3362765E+01  0.5618553E-01  0.1705000E+01  0.5000000E+01  0.1000000E+01  0.3000000E-01
  0.3362764E+01  0.5635852E-01  0.1700000E+01  0.5000000E+01  0.1000000E+01  0.3000000E-01
  0.3362763E+01  0.5653261E-01  0.1695000E+01  0.5000000E+01  0.1000000E+01  0.3000000E-01
  0.3362762E+01  0.5670782E-01  0.1690000E+01  0.5000000E+01  0.1000000E+01  0.3000000E-01
  0.3362761E+01  0.5688415E-01  0.1685000E+01  0.5000000E+01  0.1000000E+01  0.3000000E-01
  0.3362760E+01  0.5706162E-01  0.1680000E+01  0.5000000E+01  0.1000000E+01  0.3000000E-01
  0.3362759E+01  0.5724024E-01  0.1675000E+01  0.5000000E+01  0.1000000E+01  0.3000000E-01
  0.3362758E+01  0.5742002E-01  0.1670000E+01  0.5000000E+01  0.1000000E+01  0.3000000E-01
  0.3362757E+01  0.5760097E-01  0.1665000E+01  0.5000000E+01  0.1000000E+01  0.3000000E-01
  0.3362756E+01  0.5778311E-01  0.1660000E+01  0.5000000E+01  0.1000000E+01  0.3000000E-01
  0.3362755E+01  0.5796644E-01  0.1655000E+01  0.5000000E+01  0.1000000E+01  0.3000000E-01
  0.3362754E+01  0.5815097E-01  0.1650000E+01  0.5000000E+01  0.1000000E+01  0.3000000E-01
  0.3362753E+01  0.5833673E-01  0.1645000E+01  0.5000000E+01  0.1000000E+01  0.3000000E-01
  0.3362752E+01  0.5852372E-01  0.1640000E+01  0.5000000E+01  0.1000000E+01  0.3000000E-01
  0.3362751E+01  0.5871196E-01  0.1635000E+01  0.5000000E+01  0.1000000E+01  0.3000000E-01
  0.3362750E+01  0.5890145E-01  0.1630000E+01  0.5000000E+01  0.1000000E+01  0.3000000E-01
  0.3362749E+01  0.5909221E-01  0.1625000E+01  0.5000000E+01  0.1000000E+01  0.3000000E-01
  0.3362748E+01  0.5928426E-01  0.1620000E+01  0.5000000E+01  0.1000000E+01  0.3000000E-01
  0.3362747E+01  0.5947760E-01  0.1615000E+01  0.5000000E+01  0.1000000E+01  0.3000000E-01
  0.3362746E+01  0.5967226E-01  0.1610000E+01  0.5000000E+01  0.1000000E+01  0.3000000E-01
  0.3362745E+01  0.5986824E-01  0.1605000E+01  0.5000000E+01  0.1000000E+01  0.3000000E-01
  0.3362744E+01  0.6006555E-01  0.1600000E+01  0.5000000E+01  0.1000000E+01  0.3000000E-01
  0.3362743E+01  0.6026422E-01  0.1595000E+01  0.5000000E+01  0.1000000E+01  0.3000000E-01
  0.3362742E+01  0.6046426E-01  0.1590000E+01  0.5000000E+01  0.1000000E+01  0.3000000E-01
  0.3362741E+01  0.6066567E-01  0.1585000E+01  0.5000000E+01  0.1000000E+01  0.3000000E-01
  0.3362740E+01  0.6086849E-01  0.1580000E+01  0.5000000E+01  0.1000000E+01  0.3000000E-01
  0.3362739E+01  0.6107271E-01  0.1575000E+01  0.5000000E+01  0.1000000E+01  0.3000000E-01
  0.3362737E+01  0.6127836E-01  0.1570000E+01  0.5000000E+01  0.1000000E+01  0.3000000E-01
  0.3362736E+01  0.6148545E-01  0.1565000E+01  0.5000000E+01  0.1000000E+01  0.3000000E-01
  0.3362735E+01  0.6169400E-01  0.1560000E+01  0.5000000E+01  0.1000000E+01  0.3000000E-01
  0.3362734E+01  0.6190402E-01  0.1555000E+01  0.5000000E+01  0.1000000E+01  0.3000000E-01
  0.3362733E+01  0.6211553E-01  0.1550000E+01  0.5000000E+01  0.1000000E+01  0.3000000E-01
  0.3362732E+01  0.6232854E-01  0.1545000E+01  0.5000000E+01  0.1000000E+01  0.3000000E-01
  0.3362730E+01  0.6254308E-01  0.1540000E+01  0.5000000E+01  0.1000000E+01  0.3000000E-01
  0.3362729E+01  0.6275915E-01  0.1535000E+01  0.5000000E+01  0.1000000E+01  0.3000000E-01
  0.3362728E+01  0.6297678E-01  0.1530000E+01  0.5000000E+01  0.1000000E+01  0.3000000E-01
  0.3362727E+01  0.6319598E-01  0.1525000E+01  0.5000000E+01  0.1000000E+01  0.3000000E-01
  0.3362725E+01  0.6341678E-01  0.1520000E+01  0.5000000E+01  0.1000000E+01  0.3000000E-01
  0.3362724E+01  0.6363918E-01  0.1515000E+01  0.5000000E+01  0.1000000E+01  0.3000000E-01
  0.3362723E+01  0.6386321E-01  0.1510000E+01  0.5000000E+01  0.1000000E+01  0.3000000E-01
  0.3362722E+01  0.6408888E-01  0.1505000E+01  0.5000000E+01  0.1000000E+01  0.3000000E-01
  0.3362720E+01  0.6431622E-01  0.1500000E+01  0.5000000E+01  0.1000000E+01  0.3000000E-01
  0.3362719E+01  0.6454524E-01  0.1495000E+01  0.5000000E+01  0.1000000E+01  0.3000000E-01
  0.3362718E+01  0.6477596E-01  0.1490000E+01  0.5000000E+01  0.1000000E+01  0.3000000E-01
  0.3362716E+01  0.6500840E-01  0.1485000E+01  0.5000000E+01  0.1000000E+01  0.3000000E-01
  0.3362715E+01  0.6524259E-01  0.1480000E+01  0.5000000E+01  0.1000000E+01  0.3000000E-01
  0.3362714E+01  0.6547854E-01  0.1475000E+01  0.5000000E+01  0.1000000E+01  0.3000000E-01
  0.3362712E+01  0.6571627E-01  0.1470000E+01  0.5000000E+01  0.1000000E+01  0.3000000E-01
  0.3362711E+01  0.6595580E-01  0.1465000E+01  0.5000000E+01  0.1000000E+01  0.3000000E-01
  0.3362710E+01  0.6619716E-01  0.1460000E+01  0.5000000E+01  0.1000000E+01  0.3000000E-01
  0.3362708E+01  0.6644036E-01  0.1455000E+01  0.5000000E+01  0.1000000E+01  0.3000000E-01
  0.3362707E+01  0.6668543E-01  0.1450000E+01  0.5000000E+01  0.1000000E+01  0.3000000E-01
  0.3362705E+01  0.6693239E-01  0.1445000E+01  0.5000000E+01  0.1000000E+01  0.3000000E-01
  0.3362704E+01  0.6718127E-01  0.1440000E+01  0.5000000E+01  0.1000000E+01  0.3000000E-01
  0.3362703E+01  0.6743208E-01  0.1435000E+01  0.5000000E+01  0.1000000E+01  0.3000000E-01
  0.3362701E+01  0.6768485E-01  0.1430000E+01  0.5000000E+01  0.1000000E+01  0.3000000E-01
  0.3362700E+01  0.6793961E-01  0.1425000E+01  0.5000000E+01  0.1000000E+01  0.3000000E-01
  0.3362698E+01  0.6819637E-01  0.1420000E+01  0.5000000E+01  0.1000000E+01  0.3000000E-01
  0.3362697E+01  0.6845516E-01  0.1415000E+01  0.5000000E+01  0.1000000E+01  0.3000000E-01
  0.3362695E+01  0.6871601E-01  0.1410000E+01  0.5000000E+01  0.1000000E+01  0.3000000E-01
  0.3362694E+01  0.6897895E-01  0.1405000E+01  0.5000000E+01  0.1000000E+01  0.3000000E-01
  0.3362693E+01  0.6924399E-01  0.1400000E+01  0.5000000E+01  0.1000000E+01  0.3000000E-01
  0.3362691E+01  0.6951117E-01  0.1395000E+01  0.5000000E+01  0.1000000E+01  0.3000000E-01
  0.3362690E+01  0.6978051E-01  0.1390000E+01  0.5000000E+01  0.1000000E+01  0.3000000E-01
  0.3362688E+01  0.7005204E-01  0.1385000E+01  0.5000000E+01  0.1000000E+01  0.3000000E-01
  0.3362687E+01  0.7032578E-01  0.1380000E+01  0.5000000E+01  0.1000000E+01  0.3000000E-01
  0.3362685E+01  0.7060177E-01  0.1375000E+01  0.5000000E+01  0.1000000E+01  0.3000000E-01
  0.3362684E+01  0.7088003E-01  0.1370000E+01  0.5000000E+01  0.1000000E+01  0.3000000E-01
  0.3362682E+01  0.7116060E-01  0.1365000E+01  0.5000000E+01  0.1000000E+01  0.3000000E-01
  0.3362681E+01  0.7144350E-01  0.1360000E+01  0.5000000E+01  0.1000000E+01  0.3000000E-01
  0.3362679E+01  0.7172876E-01  0.1355000E+01  0.5000000E+01  0.1000000E+01  0.3000000E-01
  0.3362677E+01  0.7201642E-01  0.1350000E+01  0.5000000E+01  0.1000000E+01  0.3000000E-01
  0.3362676E+01  0.7230650E-01  0.1345000E+01  0.5000000E+01  0.1000000E+01  0.3000000E-01
  0.3362674E+01  0.7259904E-01  0.1340000E+01  0.5000000E+01  0.1000000E+01  0.3000000E-01
  0.3362673E+01  0.7289407E-01  0.1335000E+01  0.5000000E+01  0.1000000E+01  0.3000000E-01
  0.3362671E+01  0.7319162E-01  0.1330000E+01  0.5000000E+01  0.1000000E+01  0.3000000E-01
  0.3362670E+01  0.7349172E-01  0.1325000E+01  0.5000000E+01  0.1000000E+01  0.3000000E-01
  0.3362668E+01  0.7379442E-01  0.1320000E+01  0.5000000E+01  0.1000000E+01  0.3000000E-01
  0.3362667E+01  0.7409975E-01  0.1315000E+01  0.5000000E+01  0.1000000E+01  0.3000000E-01
  0.3362665E+01  0.7440773E-01  0.1310000E+01  0.5000000E+01  0.1000000E+01  0.3000000E-01
  0.3362664E+01  0.7471842E-01  0.1305000E+01  0.5000000E+01  0.1000000E+01  0.3000000E-01
  0.3362662E+01  0.7503184E-01  0.1300000E+01  0.5000000E+01  0.1000000E+01  0.3000000E-01
  0.3362661E+01  0.7534803E-01  0.1295000E+01  0.5000000E+01  0.1000000E+01  0.3000000E-01
  0.3362659E+01  0.7566703E-01  0.1290000E+01  0.5000000E+01  0.1000000E+01  0.3000000E-01
  0.3362658E+01  0.7598889E-01  0.1285000E+01  0.5000000E+01  0.1000000E+01  0.3000000E-01
  0.3362656E+01  0.7631363E-01  0.1280000E+01  0.5000000E+01  0.1000000E+01  0.3000000E-01
  0.3362655E+01  0.7664131E-01  0.1275000E+01  0.5000000E+01  0.1000000E+01  0.3000000E-01
  0.3362653E+01  0.7697196E-01  0.1270000E+01  0.5000000E+01  0.1000000E+01  0.3000000E-01
  0.3362652E+01  0.7730562E-01  0.1265000E+01  0.5000000E+01  0.1000000E+01  0.3000000E-01
  0.3362650E+01  0.7764234E-01  0.1260000E+01  0.5000000E+01  0.1000000E+01  0.3000000E-01
  0.3362649E+01  0.7798217E-01  0.1255000E+01  0.5000000E+01  0.1000000E+01  0.3000000E-01
  0.3362647E+01  0.7832514E-01  0.1250000E+01  0.5000000E+01  0.1000000E+01  0.3000000E-01
  0.3362646E+01  0.7867130E-01  0.1245000E+01  0.5000000E+01  0.1000000E+01  0.3000000E-01
  0.3362645E+01  0.7902071E-01  0.1240000E+01  0.5000000E+01  0.1000000E+01  0.3000000E-01
  0.3362643E+01  0.7937340E-01  0.1235000E+01  0.5000000E+01  0.1000000E+01  0.3000000E-01
  0.3362642E+01  0.7972943E-01  0.1230000E+01  0.5000000E+01  0.1000000E+01  0.3000000E-01
  0.3362641E+01  0.8008885E-01  0.1225000E+01  0.5000000E+01  0.1000000E+01  0.3000000E-01
  0.3362639E+01  0.8045170E-01  0.1220000E+01  0.5000000E+01  0.1000000E+01  0.3000000E-01
  0.3362638E+01  0.8081804E-01  0.1215000E+01  0.5000000E+01  0.1000000E+01  0.3000000E-01
  0.3362637E+01  0.8118792E-01  0.1210000E+01  0.5000000E+01  0.1000000E+01  0.3000000E-01
  0.3362635E+01  0.8156140E-01  0.1205000E+01  0.5000000E+01  0.1000000E+01  0.3000000E-01
  0.3362634E+01  0.8193853E-01  0.1200000E+01  0.5000000E+01  0.1000000E+01  0.3000000E-01
  0.3362633E+01  0.8231937E-01  0.1195000E+01  0.5000000E+01  0.1000000E+01  0.3000000E-01
  0.3362632E+01  0.8270398E-01  0.1190000E+01  0.5000000E+01  0.1000000E+01  0.3000000E-01
  0.3362631E+01  0.8309240E-01  0.1185000E+01  0.5000000E+01  0.1000000E+01  0.3000000E-01
  0.3362630E+01  0.8348471E-01  0.1180000E+01  0.5000000E+01  0.1000000E+01  0.3000000E-01
  0.3362629E+01  0.8388097E-01  0.1175000E+01  0.5000000E+01  0.1000000E+01  0.3000000E-01
  0.3362628E+01  0.8428123E-01  0.1170000E+01  0.5000000E+01  0.1000000E+01  0.3000000E-01
  0.3362627E+01  0.8468557E-01  0.1165000E+01  0.5000000E+01  0.1000000E+01  0.3000000E-01
  0.3362626E+01  0.8509404E-01  0.1160000E+01  0.5000000E+01  0.1000000E+01  0.3000000E-01
  0.3362625E+01  0.8550672E-01  0.1155000E+01  0.5000000E+01  0.1000000E+01  0.3000000E-01
  0.3362625E+01  0.8592368E-01  0.1150000E+01  0.5000000E+01  0.1000000E+01  0.3000000E-01
  0.3362624E+01  0.8634497E-01  0.1145000E+01  0.5000000E+01  0.1000000E+01  0.3000000E-01
  0.3362623E+01  0.8677069E-01  0.1140000E+01  0.5000000E+01  0.1000000E+01  0.3000000E-01
  0.3362623E+01  0.8720089E-01  0.1135000E+01  0.5000000E+01  0.1000000E+01  0.3000000E-01
  0.3362623E+01  0.8763566E-01  0.1130000E+01  0.5000000E+01  0.1000000E+01  0.3000000E-01
  0.3362622E+01  0.8807506E-01  0.1125000E+01  0.5000000E+01  0.1000000E+01  0.3000000E-01
  0.3362622E+01  0.8851919E-01  0.1120000E+01  0.5000000E+01  0.1000000E+01  0.3000000E-01
  0.3362622E+01  0.8896812E-01  0.1115000E+01  0.5000000E+01  0.1000000E+01  0.3000000E-01
  0.3362622E+01  0.8942193E-01  0.1110000E+01  0.5000000E+01  0.1000000E+01  0.3000000E-01
  0.3362622E+01  0.8988071E-01  0.1105000E+01  0.5000000E+01  0.1000000E+01  0.3000000E-01
  0.3362622E+01  0.9034455E-01  0.1100000E+01  0.5000000E+01  0.1000000E+01  0.3000000E-01
  0.3362622E+01  0.9081353E-01  0.1095000E+01  0.5000000E+01  0.1000000E+01  0.3000000E-01
  0.3362623E+01  0.9128774E-01  0.1090000E+01  0.5000000E+01  0.1000000E+01  0.3000000E-01
  0.3362623E+01  0.9176728E-01  0.1085000E+01  0.5000000E+01  0.1000000E+01  0.3000000E-01
  0.3362624E+01  0.9225225E-01  0.1080000E+01  0.5000000E+01  0.1000000E+01  0.3000000E-01
  0.3362625E+01  0.9274273E-01  0.1075000E+01  0.5000000E+01  0.1000000E+01  0.3000000E-01
  0.3362625E+01  0.9323884E-01  0.1070000E+01  0.5000000E+01  0.1000000E+01  0.3000000E-01
  0.3362627E+01  0.9374067E-01  0.1065000E+01  0.5000000E+01  0.1000000E+01  0.3000000E-01
  0.3362628E+01  0.9424833E-01  0.1060000E+01  0.5000000E+01  0.1000000E+01  0.3000000E-01
  0.3362629E+01  0.9476193E-01  0.1055000E+01  0.5000000E+01  0.1000000E+01  0.3000000E-01
  0.3362631E+01  0.9528158E-01  0.1050000E+01  0.5000000E+01  0.1000000E+01  0.3000000E-01
  0.3362633E+01  0.9580739E-01  0.1045000E+01  0.5000000E+01  0.1000000E+01  0.3000000E-01
  0.3362635E+01  0.9633948E-01  0.1040000E+01  0.5000000E+01  0.1000000E+01  0.3000000E-01
  0.3362637E+01  0.9687797E-01  0.1035000E+01  0.5000000E+01  0.1000000E+01  0.3000000E-01
  0.3362640E+01  0.9742299E-01  0.1030000E+01  0.5000000E+01  0.1000000E+01  0.3000000E-01
  0.3362643E+01  0.9797466E-01  0.1025000E+01  0.5000000E+01  0.1000000E+01  0.3000000E-01
  0.3362646E+01  0.9853312E-01  0.1020000E+01  0.5000000E+01  0.1000000E+01  0.3000000E-01
  0.3362649E+01  0.9909848E-01  0.1015000E+01  0.5000000E+01  0.1000000E+01  0.3000000E-01
  0.3362653E+01  0.9967091E-01  0.1010000E+01  0.5000000E+01  0.1000000E+01  0.3000000E-01
  0.3362656E+01  0.1002505E+00  0.1005000E+01  0.5000000E+01  0.1000000E+01  0.3000000E-01
  0.3362661E+01  0.1008375E+00  0.1000000E+01  0.5000000E+01  0.1000000E+01  0.3000000E-01
  0.3362665E+01  0.1014319E+00  0.9950000E+00  0.5000000E+01  0.1000000E+01  0.3000000E-01
  0.3362670E+01  0.1020340E+00  0.9900000E+00  0.5000000E+01  0.1000000E+01  0.3000000E-01
  0.3362675E+01  0.1026439E+00  0.9850000E+00  0.5000000E+01  0.1000000E+01  0.3000000E-01
  0.3362681E+01  0.1032618E+00  0.9800000E+00  0.5000000E+01  0.1000000E+01  0.3000000E-01
  0.3362687E+01  0.1038878E+00  0.9750000E+00  0.5000000E+01  0.1000000E+01  0.3000000E-01
  0.3362694E+01  0.1045221E+00  0.9700000E+00  0.5000000E+01  0.1000000E+01  0.3000000E-01
  0.3362701E+01  0.1051649E+00  0.9650000E+00  0.5000000E+01  0.1000000E+01  0.3000000E-01
  0.3362709E+01  0.1058163E+00  0.9600000E+00  0.5000000E+01  0.1000000E+01  0.3000000E-01
  0.3362717E+01  0.1064766E+00  0.9550000E+00  0.5000000E+01  0.1000000E+01  0.3000000E-01
  0.3362725E+01  0.1071460E+00  0.9500000E+00  0.5000000E+01  0.1000000E+01  0.3000000E-01
  0.3362734E+01  0.1078246E+00  0.9450000E+00  0.5000000E+01  0.1000000E+01  0.3000000E-01
  0.3362744E+01  0.1085127E+00  0.9400000E+00  0.5000000E+01  0.1000000E+01  0.3000000E-01
  0.3362755E+01  0.1092104E+00  0.9350000E+00  0.5000000E+01  0.1000000E+01  0.3000000E-01
  0.3362766E+01  0.1099181E+00  0.9300000E+00  0.5000000E+01  0.1000000E+01  0.3000000E-01
  0.3362778E+01  0.1106358E+00  0.9250000E+00  0.5000000E+01  0.1000000E+01  0.3000000E-01
  0.3362791E+01  0.1113639E+00  0.9200000E+00  0.5000000E+01  0.1000000E+01  0.3000000E-01
  0.3362804E+01  0.1121027E+00  0.9150000E+00  0.5000000E+01  0.1000000E+01  0.3000000E-01
  0.3362818E+01  0.1128522E+00  0.9100000E+00  0.5000000E+01  0.1000000E+01  0.3000000E-01
  0.3362834E+01  0.1136129E+00  0.9050000E+00  0.5000000E+01  0.1000000E+01  0.3000000E-01
  0.3362850E+01  0.1143850E+00  0.9000000E+00  0.5000000E+01  0.1000000E+01  0.3000000E-01
  0.3362867E+01  0.1151687E+00  0.8950000E+00  0.5000000E+01  0.1000000E+01  0.3000000E-01
  0.3362885E+01  0.1159643E+00  0.8900000E+00  0.5000000E+01  0.1000000E+01  0.3000000E-01
  0.3362905E+01  0.1167722E+00  0.8850000E+00  0.5000000E+01  0.1000000E+01  0.3000000E-01
  0.3362926E+01  0.1175926E+00  0.8800000E+00  0.5000000E+01  0.1000000E+01  0.3000000E-01
  0.3362948E+01  0.1184259E+00  0.8750000E+00  0.5000000E+01  0.1000000E+01  0.3000000E-01
  0.3362971E+01  0.1192723E+00  0.8700000E+00  0.5000000E+01  0.1000000E+01  0.3000000E-01
  0.3362996E+01  0.1201323E+00  0.8650000E+00  0.5000000E+01  0.1000000E+01  0.3000000E-01
  0.3363022E+01  0.1210062E+00  0.8600000E+00  0.5000000E+01  0.1000000E+01  0.3000000E-01
  0.3363050E+01  0.1218943E+00  0.8550000E+00  0.5000000E+01  0.1000000E+01  0.3000000E-01
  0.3363080E+01  0.1227970E+00  0.8500000E+00  0.5000000E+01  0.1000000E+01  0.3000000E-01
  0.3363111E+01  0.1237147E+00  0.8450000E+00  0.5000000E+01  0.1000000E+01  0.3000000E-01
  0.3363144E+01  0.1246479E+00  0.8400000E+00  0.5000000E+01  0.1000000E+01  0.3000000E-01
  0.3363180E+01  0.1255969E+00  0.8350000E+00  0.5000000E+01  0.1000000E+01  0.3000000E-01
  0.3363218E+01  0.1265622E+00  0.8300000E+00  0.5000000E+01  0.1000000E+01  0.3000000E-01
  0.3363258E+01  0.1275442E+00  0.8250000E+00  0.5000000E+01  0.1000000E+01  0.3000000E-01
  0.3363300E+01  0.1285434E+00  0.8200000E+00  0.5000000E+01  0.1000000E+01  0.3000000E-01
  0.3363346E+01  0.1295603E+00  0.8150000E+00  0.5000000E+01  0.1000000E+01  0.3000000E-01
  0.3363394E+01  0.1305954E+00  0.8100000E+00  0.5000000E+01  0.1000000E+01  0.3000000E-01
  0.3363445E+01  0.1316493E+00  0.8050000E+00  0.5000000E+01  0.1000000E+01  0.3000000E-01
  0.3363499E+01  0.1327224E+00  0.8000000E+00  0.5000000E+01  0.1000000E+01  0.3000000E-01
  0.3363557E+01  0.1338154E+00  0.7950000E+00  0.5000000E+01  0.1000000E+01  0.3000000E-01
  0.3363618E+01  0.1349289E+00  0.7900000E+00  0.5000000E+01  0.1000000E+01  0.3000000E-01
  0.3363683E+01  0.1360634E+00  0.7850000E+00  0.5000000E+01  0.1000000E+01  0.3000000E-01
  0.3363753E+01  0.1372197E+00  0.7800000E+00  0.5000000E+01  0.1000000E+01  0.3000000E-01
  0.3363827E+01  0.1383983E+00  0.7750000E+00  0.5000000E+01  0.1000000E+01  0.3000000E-01
  0.3363905E+01  0.1396001E+00  0.7700000E+00  0.5000000E+01  0.1000000E+01  0.3000000E-01
  0.3363989E+01  0.1408257E+00  0.7650000E+00  0.5000000E+01  0.1000000E+01  0.3000000E-01
  0.3364079E+01  0.1420758E+00  0.7600000E+00  0.5000000E+01  0.1000000E+01  0.3000000E-01
  0.3364174E+01  0.1433513E+00  0.7550000E+00  0.5000000E+01  0.1000000E+01  0.3000000E-01
  0.3364276E+01  0.1446530E+00  0.7500000E+00  0.5000000E+01  0.1000000E+01  0.3000000E-01
  0.3364384E+01  0.1459818E+00  0.7450000E+00  0.5000000E+01  0.1000000E+01  0.3000000E-01
  0.3364500E+01  0.1473385E+00  0.7400000E+00  0.5000000E+01  0.1000000E+01  0.3000000E-01
  0.3364623E+01  0.1487241E+00  0.7350000E+00  0.5000000E+01  0.1000000E+01  0.3000000E-01
  0.3364755E+01  0.1501395E+00  0.7300000E+00  0.5000000E+01  0.1000000E+01  0.3000000E-01
  0.3364896E+01  0.1515857E+00  0.7250000E+00  0.5000000E+01  0.1000000E+01  0.3000000E-01
  0.3365047E+01  0.1530638E+00  0.7200000E+00  0.5000000E+01  0.1000000E+01  0.3000000E-01
  0.3365209E+01  0.1545749E+00  0.7150000E+00  0.5000000E+01  0.1000000E+01  0.3000000E-01
  0.3365382E+01  0.1561201E+00  0.7100000E+00  0.5000000E+01  0.1000000E+01  0.3000000E-01
  0.3365567E+01  0.1577005E+00  0.7050000E+00  0.5000000E+01  0.1000000E+01  0.3000000E-01
  0.3365765E+01  0.1593174E+00  0.7000000E+00  0.5000000E+01  0.1000000E+01  0.3000000E-01
  0.3365978E+01  0.1609721E+00  0.6950000E+00  0.5000000E+01  0.1000000E+01  0.3000000E-01
  0.3366207E+01  0.1626658E+00  0.6900000E+00  0.5000000E+01  0.1000000E+01  0.3000000E-01
  0.3366452E+01  0.1643998E+00  0.6850000E+00  0.5000000E+01  0.1000000E+01  0.3000000E-01
  0.3366716E+01  0.1661756E+00  0.6800000E+00  0.5000000E+01  0.1000000E+01  0.3000000E-01
  0.3366999E+01  0.1679945E+00  0.6750000E+00  0.5000000E+01  0.1000000E+01  0.3000000E-01
  0.3367304E+01  0.1698580E+00  0.6700000E+00  0.5000000E+01  0.1000000E+01  0.3000000E-01
  0.3367633E+01  0.1717676E+00  0.6650000E+00  0.5000000E+01  0.1000000E+01  0.3000000E-01
  0.3367987E+01  0.1737247E+00  0.6600000E+00  0.5000000E+01  0.1000000E+01  0.3000000E-01
  0.3368368E+01  0.1757308E+00  0.6550000E+00  0.5000000E+01  0.1000000E+01  0.3000000E-01
  0.3368780E+01  0.1777875E+00  0.6500000E+00  0.5000000E+01  0.1000000E+01  0.3000000E-01
  0.3369224E+01  0.1798961E+00  0.6450000E+00  0.5000000E+01  0.1000000E+01  0.3000000E-01
  0.3369704E+01  0.1820582E+00  0.6400000E+00  0.5000000E+01  0.1000000E+01  0.3000000E-01
  0.3370222E+01  0.1842750E+00  0.6350000E+00  0.5000000E+01  0.1000000E+01  0.3000000E-01
  0.3370783E+01  0.1865480E+00  0.6300000E+00  0.5000000E+01  0.1000000E+01  0.3000000E-01
  0.3371390E+01  0.1888783E+00  0.6250000E+00  0.5000000E+01  0.1000000E+01  0.3000000E-01
  0.3372046E+01  0.1912668E+00  0.6200000E+00  0.5000000E+01  0.1000000E+01  0.3000000E-01
  0.3372757E+01  0.1937145E+00  0.6150000E+00  0.5000000E+01  0.1000000E+01  0.3000000E-01
  0.3373527E+01  0.1962220E+00  0.6100000E+00  0.5000000E+01  0.1000000E+01  0.3000000E-01
  0.3374360E+01  0.1987896E+00  0.6050000E+00  0.5000000E+01  0.1000000E+01  0.3000000E-01
  0.3375263E+01  0.2014171E+00  0.6000000E+00  0.5000000E+01  0.1000000E+01  0.3000000E-01
  0.3376240E+01  0.2041043E+00  0.5950000E+00  0.5000000E+01  0.1000000E+01  0.3000000E-01
  0.3377299E+01  0.2068500E+00  0.5900000E+00  0.5000000E+01  0.1000000E+01  0.3000000E-01
  0.3378444E+01  0.2096529E+00  0.5850000E+00  0.5000000E+01  0.1000000E+01  0.3000000E-01
  0.3379683E+01  0.2125107E+00  0.5800000E+00  0.5000000E+01  0.1000000E+01  0.3000000E-01
  0.3381021E+01  0.2154206E+00  0.5750000E+00  0.5000000E+01  0.1000000E+01  0.3000000E-01
  0.3382466E+01  0.2183791E+00  0.5700000E+00  0.5000000E+01  0.1000000E+01  0.3000000E-01
  0.3384023E+01  0.2213819E+00  0.5650000E+00  0.5000000E+01  0.1000000E+01  0.3000000E-01
  0.3385699E+01  0.2244236E+00  0.5600000E+00  0.5000000E+01  0.1000000E+01  0.3000000E-01
  0.3387499E+01  0.2274984E+00  0.5550000E+00  0.5000000E+01  0.1000000E+01  0.3000000E-01
  0.3389429E+01  0.2305995E+00  0.5500000E+00  0.5000000E+01  0.1000000E+01  0.3000000E-01
  0.3391493E+01  0.2337194E+00  0.5450000E+00  0.5000000E+01  0.1000000E+01  0.3000000E-01
  0.3393696E+01  0.2368499E+00  0.5400000E+00  0.5000000E+01  0.1000000E+01  0.3000000E-01
  0.3396040E+01  0.2399825E+00  0.5350000E+00  0.5000000E+01  0.1000000E+01  0.3000000E-01
  0.3398528E+01  0.2431082E+00  0.5300000E+00  0.5000000E+01  0.1000000E+01  0.3000000E-01
  0.3401160E+01  0.2462179E+00  0.5250000E+00  0.5000000E+01  0.1000000E+01  0.3000000E-01
  0.3403937E+01  0.2493023E+00  0.5200000E+00  0.5000000E+01  0.1000000E+01  0.3000000E-01
  0.3406857E+01  0.2523524E+00  0.5150000E+00  0.5000000E+01  0.1000000E+01  0.3000000E-01
  0.3409919E+01  0.2553596E+00  0.5100000E+00  0.5000000E+01  0.1000000E+01  0.3000000E-01
  0.3413119E+01  0.2583155E+00  0.5050000E+00  0.5000000E+01  0.1000000E+01  0.3000000E-01
  0.3416456E+01  0.2612125E+00  0.5000000E+00  0.5000000E+01  0.1000000E+01  0.3000000E-01
  0.3419923E+01  0.2640434E+00  0.4950000E+00  0.5000000E+01  0.1000000E+01  0.3000000E-01
  0.3423517E+01  0.2668020E+00  0.4900000E+00  0.5000000E+01  0.1000000E+01  0.3000000E-01
  0.3427234E+01  0.2694824E+00  0.4850000E+00  0.5000000E+01  0.1000000E+01  0.3000000E-01
  0.3431067E+01  0.2720797E+00  0.4800000E+00  0.5000000E+01  0.1000000E+01  0.3000000E-01
  0.3435011E+01  0.2745897E+00  0.4750000E+00  0.5000000E+01  0.1000000E+01  0.3000000E-01
  0.3439062E+01  0.2770085E+00  0.4700000E+00  0.5000000E+01  0.1000000E+01  0.3000000E-01
  0.3443214E+01  0.2793332E+00  0.4650000E+00  0.5000000E+01  0.1000000E+01  0.3000000E-01
  0.3447463E+01  0.2815612E+00  0.4600000E+00  0.5000000E+01  0.1000000E+01  0.3000000E-01
  0.3451802E+01  0.2836903E+00  0.4550000E+00  0.5000000E+01  0.1000000E+01  0.3000000E-01
  0.3456228E+01  0.2857187E+00  0.4500000E+00  0.5000000E+01  0.1000000E+01  0.3000000E-01
  0.3460737E+01  0.2876452E+00  0.4450000E+00  0.5000000E+01  0.1000000E+01  0.3000000E-01
  0.3465323E+01  0.2894685E+00  0.4400000E+00  0.5000000E+01  0.1000000E+01  0.3000000E-01
  0.3469984E+01  0.2911877E+00  0.4350000E+00  0.5000000E+01  0.1000000E+01  0.3000000E-01
  0.3474715E+01  0.2928021E+00  0.4300000E+00  0.5000000E+01  0.1000000E+01  0.3000000E-01
  0.3479513E+01  0.2943111E+00  0.4250000E+00  0.5000000E+01  0.1000000E+01  0.3000000E-01
  0.3484375E+01  0.2957142E+00  0.4200000E+00  0.5000000E+01  0.1000000E+01  0.3000000E-01
  0.3489298E+01  0.2970109E+00  0.4150000E+00  0.5000000E+01  0.1000000E+01  0.3000000E-01
  0.3494279E+01  0.2982007E+00  0.4100000E+00  0.5000000E+01  0.1000000E+01  0.3000000E-01
  0.3499316E+01  0.2992833E+00  0.4050000E+00  0.5000000E+01  0.1000000E+01  0.3000000E-01
  0.3504406E+01  0.3002583E+00  0.4000000E+00  0.5000000E+01  0.1000000E+01  0.3000000E-01
  0.3509547E+01  0.3011252E+00  0.3950000E+00  0.5000000E+01  0.1000000E+01  0.3000000E-01
  0.3514736E+01  0.3018834E+00  0.3900000E+00  0.5000000E+01  0.1000000E+01  0.3000000E-01
  0.3519972E+01  0.3025325E+00  0.3850000E+00  0.5000000E+01  0.1000000E+01  0.3000000E-01
  0.3525252E+01  0.3030720E+00  0.3800000E+00  0.5000000E+01  0.1000000E+01  0.3000000E-01
  0.3530575E+01  0.3035010E+00  0.3750000E+00  0.5000000E+01  0.1000000E+01  0.3000000E-01
  0.3535939E+01  0.3038188E+00  0.3700000E+00  0.5000000E+01  0.1000000E+01  0.3000000E-01
  0.3541342E+01  0.3040248E+00  0.3650000E+00  0.5000000E+01  0.1000000E+01  0.3000000E-01
  0.3546782E+01  0.3041179E+00  0.3600000E+00  0.5000000E+01  0.1000000E+01  0.3000000E-01
  0.3552258E+01  0.3040972E+00  0.3550000E+00  0.5000000E+01  0.1000000E+01  0.3000000E-01
  0.3557768E+01  0.3039616E+00  0.3500000E+00  0.5000000E+01  0.1000000E+01  0.3000000E-01
  0.3563309E+01  0.3037099E+00  0.3450000E+00  0.5000000E+01  0.1000000E+01  0.3000000E-01
  0.3568882E+01  0.3033411E+00  0.3400000E+00  0.5000000E+01  0.1000000E+01  0.3000000E-01
  0.3574482E+01  0.3028537E+00  0.3350000E+00  0.5000000E+01  0.1000000E+01  0.3000000E-01
  0.3580109E+01  0.3022463E+00  0.3300000E+00  0.5000000E+01  0.1000000E+01  0.3000000E-01
  0.3585761E+01  0.3015174E+00  0.3250000E+00  0.5000000E+01  0.1000000E+01  0.3000000E-01
  0.3591435E+01  0.3006656E+00  0.3200000E+00  0.5000000E+01  0.1000000E+01  0.3000000E-01
  0.3597130E+01  0.2996892E+00  0.3150000E+00  0.5000000E+01  0.1000000E+01  0.3000000E-01
  0.3602844E+01  0.2985865E+00  0.3100000E+00  0.5000000E+01  0.1000000E+01  0.3000000E-01
  0.3608573E+01  0.2973557E+00  0.3050000E+00  0.5000000E+01  0.1000000E+01  0.3000000E-01
  0.3614316E+01  0.2959951E+00  0.3000000E+00  0.5000000E+01  0.1000000E+01  0.3000000E-01
  0.3620070E+01  0.2945028E+00  0.2950000E+00  0.5000000E+01  0.1000000E+01  0.3000000E-01
  0.3625833E+01  0.2928768E+00  0.2900000E+00  0.5000000E+01  0.1000000E+01  0.3000000E-01
  0.3631600E+01  0.2911153E+00  0.2850000E+00  0.5000000E+01  0.1000000E+01  0.3000000E-01
  0.3637371E+01  0.2892164E+00  0.2800000E+00  0.5000000E+01  0.1000000E+01  0.3000000E-01
  0.3643140E+01  0.2871781E+00  0.2750000E+00  0.5000000E+01  0.1000000E+01  0.3000000E-01
  0.3648904E+01  0.2849984E+00  0.2700000E+00  0.5000000E+01  0.1000000E+01  0.3000000E-01
  0.3654660E+01  0.2826755E+00  0.2650000E+00  0.5000000E+01  0.1000000E+01  0.3000000E-01
  0.3660404E+01  0.2802076E+00  0.2600000E+00  0.5000000E+01  0.1000000E+01  0.3000000E-01
  0.3666132E+01  0.2775929E+00  0.2550000E+00  0.5000000E+01  0.1000000E+01  0.3000000E-01
  0.3671838E+01  0.2748298E+00  0.2500000E+00  0.5000000E+01  0.1000000E+01  0.3000000E-01
  0.3677519E+01  0.2719167E+00  0.2450000E+00  0.5000000E+01  0.1000000E+01  0.3000000E-01
  0.3683170E+01  0.2688523E+00  0.2400000E+00  0.5000000E+01  0.1000000E+01  0.3000000E-01
  0.3688784E+01  0.2656354E+00  0.2350000E+00  0.5000000E+01  0.1000000E+01  0.3000000E-01
  0.3694357E+01  0.2622651E+00  0.2300000E+00  0.5000000E+01  0.1000000E+01  0.3000000E-01
  0.3699883E+01  0.2587408E+00  0.2250000E+00  0.5000000E+01  0.1000000E+01  0.3000000E-01
  0.3705356E+01  0.2550621E+00  0.2200000E+00  0.5000000E+01  0.1000000E+01  0.3000000E-01
  0.3710769E+01  0.2512290E+00  0.2150000E+00  0.5000000E+01  0.1000000E+01  0.3000000E-01
  0.3716116E+01  0.2472419E+00  0.2100000E+00  0.5000000E+01  0.1000000E+01  0.3000000E-01
  0.3721391E+01  0.2431017E+00  0.2050000E+00  0.5000000E+01  0.1000000E+01  0.3000000E-01
  0.3726586E+01  0.2388097E+00  0.2000000E+00  0.5000000E+01  0.1000000E+01  0.3000000E-01
  0.3731696E+01  0.2343676E+00  0.1950000E+00  0.5000000E+01  0.1000000E+01  0.3000000E-01
  0.3736712E+01  0.2297780E+00  0.1900000E+00  0.5000000E+01  0.1000000E+01  0.3000000E-01
  0.3741628E+01  0.2250437E+00  0.1850000E+00  0.5000000E+01  0.1000000E+01  0.3000000E-01
  0.3746437E+01  0.2201682E+00  0.1800000E+00  0.5000000E+01  0.1000000E+01  0.3000000E-01
  0.3751133E+01  0.2151557E+00  0.1750000E+00  0.5000000E+01  0.1000000E+01  0.3000000E-01
  0.3755709E+01  0.2100109E+00  0.1700000E+00  0.5000000E+01  0.1000000E+01  0.3000000E-01
  0.3760160E+01  0.2047390E+00  0.1650000E+00  0.5000000E+01  0.1000000E+01  0.3000000E-01
  0.3764479E+01  0.1993459E+00  0.1600000E+00  0.5000000E+01  0.1000000E+01  0.3000000E-01
  0.3768662E+01  0.1938379E+00  0.1550000E+00  0.5000000E+01  0.1000000E+01  0.3000000E-01
  0.3772704E+01  0.1882217E+00  0.1500000E+00  0.5000000E+01  0.1000000E+01  0.3000000E-01
  0.3776601E+01  0.1825046E+00  0.1450000E+00  0.5000000E+01  0.1000000E+01  0.3000000E-01
  0.3780350E+01  0.1766938E+00  0.1400000E+00  0.5000000E+01  0.1000000E+01  0.3000000E-01
  0.3783947E+01  0.1707970E+00  0.1350000E+00  0.5000000E+01  0.1000000E+01  0.3000000E-01
  0.3787393E+01  0.1648219E+00  0.1300000E+00  0.5000000E+01  0.1000000E+01  0.3000000E-01
  0.3790684E+01  0.1587763E+00  0.1250000E+00  0.5000000E+01  0.1000000E+01  0.3000000E-01
  0.3793821E+01  0.1526676E+00  0.1200000E+00  0.5000000E+01  0.1000000E+01  0.3000000E-01
  0.3796804E+01  0.1465035E+00  0.1150000E+00  0.5000000E+01  0.1000000E+01  0.3000000E-01
  0.3799634E+01  0.1402910E+00  0.1100000E+00  0.5000000E+01  0.1000000E+01  0.3000000E-01
  0.3802313E+01  0.1340369E+00  0.1050000E+00  0.5000000E+01  0.1000000E+01  0.3000000E-01
  0.3804842E+01  0.1277477E+00  0.1000000E+00  0.5000000E+01  0.1000000E+01  0.3000000E-01
  0.3807224E+01  0.1214293E+00  0.9500000E-01  0.5000000E+01  0.1000000E+01  0.3000000E-01
  0.3809462E+01  0.1150871E+00  0.9000000E-01  0.5000000E+01  0.1000000E+01  0.3000000E-01
  0.3811559E+01  0.1087261E+00  0.8500000E-01  0.5000000E+01  0.1000000E+01  0.3000000E-01
  0.3813519E+01  0.1023505E+00  0.8000000E-01  0.5000000E+01  0.1000000E+01  0.3000000E-01
  0.3815345E+01  0.9596415E-01  0.7500000E-01  0.5000000E+01  0.1000000E+01  0.3000000E-01
  0.3817040E+01  0.8957035E-01  0.7000000E-01  0.5000000E+01  0.1000000E+01  0.3000000E-01
  0.3818610E+01  0.8317177E-01  0.6500000E-01  0.5000000E+01  0.1000000E+01  0.3000000E-01
  0.3820057E+01  0.7677062E-01  0.6000000E-01  0.5000000E+01  0.1000000E+01  0.3000000E-01
  0.3821384E+01  0.7036862E-01  0.5500000E-01  0.5000000E+01  0.1000000E+01  0.3000000E-01
  0.3822596E+01  0.6396705E-01  0.5000000E-01  0.5000000E+01  0.1000000E+01  0.3000000E-01

