  0.4298630E+01  0.8049881E-02  0.5000000E+01  0.5000000E+01  0.1000000E+01  0.3000000E-01
  0.4298629E+01  0.8054581E-02  0.4995000E+01  0.5000000E+01  0.1000000E+01  0.3000000E-01
  0.4298629E+01  0.8059293E-02  0.4990000E+01  0.5000000E+01  0.1000000E+01  0.3000000E-01
  0.4298628E+01  0.8064016E-02  0.4985000E+01  0.5000000E+01  0.1000000E+01  0.3000000E-01
  0.4298627E+01  0.8068750E-02  0.4980000E+01  0.5000000E+01  0.1000000E+01  0.3000000E-01
  0.4298626E+01  0.8073495E-02  0.4975000E+01  0.5000000E+01  0.1000000E+01  0.3000000E-01
  0.4298626E+01  0.8078252E-02  0.4970000E+01  0.5000000E+01  0.1000000E+01  0.3000000E-01
  0.4298625E+01  0.8083020E-02  0.4965000E+01  0.5000000E+01  0.1000000E+01  0.3000000E-01
  0.4298624E+01  0.8087799E-02  0.4960000E+01  0.5000000E+01  0.1000000E+01  0.3000000E-01
  0.4298623E+01  0.8092590E-02  0.4955000E+01  0.5000000E+01  0.1000000E+01  0.3000000E-01
  0.4298623E+01  0.8097392E-02  0.4950000E+01  0.5000000E+01  0.1000000E+01  0.3000000E-01
  0.4298622E+01  0.8102206E-02  0.4945000E+01  0.5000000E+01  0.1000000E+01  0.3000000E-01
  0.4298621E+01  0.8107031E-02  0.4940000E+01  0.5000000E+01  0.1000000E+01  0.3000000E-01
  0.4298620E+01  0.8111868E-02  0.4935000E+01  0.5000000E+01  0.1000000E+01  0.3000000E-01
  0.4298620E+01  0.8116717E-02  0.4930000E+01  0.5000000E+01  0.1000000E+01  0.3000000E-01
  0.4298619E+01  0.8121577E-02  0.4925000E+01  0.5000000E+01  0.1000000E+01  0.3000000E-01
  0.4298618E+01  0.8126448E-02  0.4920000E+01  0.5000000E+01  0.1000000E+01  0.3000000E-01
  0.4298617E+01  0.8131332E-02  0.4915000E+01  0.5000000E+01  0.1000000E+01  0.3000000E-01
  0.4298616E+01  0.8136227E-02  0.4910000E+01  0.5000000E+01  0.1000000E+01  0.3000000E-01
  0.4298616E+01  0.8141134E-02  0.4905000E+01  0.5000000E+01  0.1000000E+01  0.3000000E-01
  0.4298615E+01  0.8146053E-02  0.4900000E+01  0.5000000E+01  0.1000000E+01  0.3000000E-01
  0.4298614E+01  0.8150984E-02  0.4895000E+01  0.5000000E+01  0.1000000E+01  0.3000000E-01
  0.4298614E+01  0.8155926E-02  0.4890000E+01  0.5000000E+01  0.1000000E+01  0.3000000E-01
  0.4298613E+01  0.8160881E-02  0.4885000E+01  0.5000000E+01  0.1000000E+01  0.3000000E-01
  0.4298612E+01  0.8165847E-02  0.4880000E+01  0.5000000E+01  0.1000000E+01  0.3000000E-01
  0.4298611E+01  0.8170826E-02  0.4875000E+01  0.5000000E+01  0.1000000E+01  0.3000000E-01
  0.4298611E+01  0.8175817E-02  0.4870000E+01  0.5000000E+01  0.1000000E+01  0.3000000E-01
  0.4298610E+01  0.8180820E-02  0.4865000E+01  0.5000000E+01  0.1000000E+01  0.3000000E-01
  0.4298609E+01  0.8185835E-02  0.4860000E+01  0.5000000E+01  0.1000000E+01  0.3000000E-01
  0.4298608E+01  0.8190862E-02  0.4855000E+01  0.5000000E+01  0.1000000E+01  0.3000000E-01
  0.4298608E+01  0.8195901E-02  0.4850000E+01  0.5000000E+01  0.1000000E+01  0.3000000E-01
  0.4298607E+01  0.8200953E-02  0.4845000E+01  0.5000000E+01  0.1000000E+01  0.3000000E-01
  0.4298606E+01  0.8206017E-02  0.4840000E+01  0.5000000E+01  0.1000000E+01  0.3000000E-01
  0.4298605E+01  0.8211093E-02  0.4835000E+01  0.5000000E+01  0.1000000E+01  0.3000000E-01
  0.4298605E+01  0.8216182E-02  0.4830000E+01  0.5000000E+01  0.1000000E+01  0.3000000E-01
  0.4298604E+01  0.8221284E-02  0.4825000E+01  0.5000000E+01  0.1000000E+01  0.3000000E-01
  0.4298603E+01  0.8226397E-02  0.4820000E+01  0.5000000E+01  0.1000000E+01  0.3000000E-01
  0.4298603E+01  0.8231524E-02  0.4815000E+01  0.5000000E+01  0.1000000E+01  0.3000000E-01
  0.4298602E+01  0.8236663E-02  0.4810000E+01  0.5000000E+01  0.1000000E+01  0.3000000E-01
  0.4298601E+01  0.8241814E-02  0.4805000E+01  0.5000000E+01  0.1000000E+01  0.3000000E-01
  0.4298600E+01  0.8246978E-02  0.4800000E+01  0.5000000E+01  0.1000000E+01  0.3000000E-01
  0.4298600E+01  0.8252155E-02  0.4795000E+01  0.5000000E+01  0.1000000E+01  0.3000000E-01
  0.4298599E+01  0.8257345E-02  0.4790000E+01  0.5000000E+01  0.1000000E+01  0.3000000E-01
  0.4298598E+01  0.8262548E-02  0.4785000E+01  0.5000000E+01  0.1000000E+01  0.3000000E-01
  0.4298598E+01  0.8267763E-02  0.4780000E+01  0.5000000E+01  0.1000000E+01  0.3000000E-01
  0.4298597E+01  0.8272991E-02  0.4775000E+01  0.5000000E+01  0.1000000E+01  0.3000000E-01
  0.4298596E+01  0.8278232E-02  0.4770000E+01  0.5000000E+01  0.1000000E+01  0.3000000E-01
  0.4298596E+01  0.8283486E-02  0.4765000E+01  0.5000000E+01  0.1000000E+01  0.3000000E-01
  0.4298595E+01  0.8288754E-02  0.4760000E+01  0.5000000E+01  0.1000000E+01  0.3000000E-01
  0.4298594E+01  0.8294034E-02  0.4755000E+01  0.5000000E+01  0.1000000E+01  0.3000000E-01
  0.4298593E+01  0.8299327E-02  0.4750000E+01  0.5000000E+01  0.1000000E+01  0.3000000E-01
  0.4298593E+01  0.8304634E-02  0.4745000E+01  0.5000000E+01  0.1000000E+01  0.3000000E-01
  0.4298592E+01  0.8309953E-02  0.4740000E+01  0.5000000E+01  0.1000000E+01  0.3000000E-01
  0.4298591E+01  0.8315286E-02  0.4735000E+01  0.5000000E+01  0.1000000E+01  0.3000000E-01
  0.4298591E+01  0.8320633E-02  0.4730000E+01  0.5000000E+01  0.1000000E+01  0.3000000E-01
  0.4298590E+01  0.8325992E-02  0.4725000E+01  0.5000000E+01  0.1000000E+01  0.3000000E-01
  0.4298589E+01  0.8331365E-02  0.4720000E+01  0.5000000E+01  0.1000000E+01  0.3000000E-01
  0.4298589E+01  0.8336752E-02  0.4715000E+01  0.5000000E+01  0.1000000E+01  0.3000000E-01
  0.4298588E+01  0.8342152E-02  0.4710000E+01  0.5000000E+01  0.1000000E+01  0.3000000E-01
  0.4298587E+01  0.8347565E-02  0.4705000E+01  0.5000000E+01  0.1000000E+01  0.3000000E-01
  0.4298587E+01  0.8352992E-02  0.4700000E+01  0.5000000E+01  0.1000000E+01  0.3000000E-01
  0.4298586E+01  0.8358433E-02  0.4695000E+01  0.5000000E+01  0.1000000E+01  0.3000000E-01
  0.4298585E+01  0.8363887E-02  0.4690000E+01  0.5000000E+01  0.1000000E+01  0.3000000E-01
  0.4298585E+01  0.8369355E-02  0.4685000E+01  0.5000000E+01  0.1000000E+01  0.3000000E-01
  0.4298584E+01  0.8374837E-02  0.4680000E+01  0.5000000E+01  0.1000000E+01  0.3000000E-01
  0.4298583E+01  0.8380333E-02  0.4675000E+01  0.5000000E+01  0.1000000E+01  0.3000000E-01
  0.4298583E+01  0.8385842E-02  0.4670000E+01  0.5000000E+01  0.1000000E+01  0.3000000E-01
  0.4298582E+01  0.8391365E-02  0.4665000E+01  0.5000000E+01  0.1000000E+01  0.3000000E-01
  0.4298581E+01  0.8396903E-02  0.4660000E+01  0.5000000E+01  0.1000000E+01  0.3000000E-01
  0.4298581E+01  0.8402454E-02  0.4655000E+01  0.5000000E+01  0.1000000E+01  0.3000000E-01
  0.4298580E+01  0.8408020E-02  0.4650000E+01  0.5000000E+01  0.1000000E+01  0.3000000E-01
  0.4298579E+01  0.8413599E-02  0.4645000E+01  0.5000000E+01  0.1000000E+01  0.3000000E-01
  0.4298579E+01  0.8419193E-02  0.4640000E+01  0.5000000E+01  0.1000000E+01  0.3000000E-01
  0.4298578E+01  0.8424801E-02  0.4635000E+01  0.5000000E+01  0.1000000E+01  0.3000000E-01
  0.4298577E+01  0.8430423E-02  0.4630000E+01  0.5000000E+01  0.1000000E+01  0.3000000E-01
  0.4298577E+01  0.8436059E-02  0.4625000E+01  0.5000000E+01  0.1000000E+01  0.3000000E-01
  0.4298576E+01  0.8441710E-02  0.4620000E+01  0.5000000E+01  0.1000000E+01  0.3000000E-01
  0.4298576E+01  0.8447375E-02  0.4615000E+01  0.5000000E+01  0.1000000E+01  0.3000000E-01
  0.4298575E+01  0.8453055E-02  0.4610000E+01  0.5000000E+01  0.1000000E+01  0.3000000E-01
  0.4298574E+01  0.8458749E-02  0.4605000E+01  0.5000000E+01  0.1000000E+01  0.3000000E-01
  0.4298574E+01  0.8464458E-02  0.4600000E+01  0.5000000E+01  0.1000000E+01  0.3000000E-01
  0.4298573E+01  0.8470182E-02  0.4595000E+01  0.5000000E+01  0.1000000E+01  0.3000000E-01
  0.4298572E+01  0.8475920E-02  0.4590000E+01  0.5000000E+01  0.1000000E+01  0.3000000E-01
  0.4298572E+01  0.8481672E-02  0.4585000E+01  0.5000000E+01  0.1000000E+01  0.3000000E-01
  0.4298571E+01  0.8487440E-02  0.4580000E+01  0.5000000E+01  0.1000000E+01  0.3000000E-01
  0.4298571E+01  0.8493222E-02  0.4575000E+01  0.5000000E+01  0.1000000E+01  0.3000000E-01
  0.4298570E+01  0.8499020E-02  0.4570000E+01  0.5000000E+01  0.1000000E+01  0.3000000E-01
  0.4298569E+01  0.8504832E-02  0.4565000E+01  0.5000000E+01  0.1000000E+01  0.3000000E-01
  0.4298569E+01  0.8510659E-02  0.4560000E+01  0.5000000E+01  0.1000000E+01  0.3000000E-01
  0.4298568E+01  0.8516501E-02  0.4555000E+01  0.5000000E+01  0.1000000E+01  0.3000000E-01
  0.4298567E+01  0.8522358E-02  0.4550000E+01  0.5000000E+01  0.1000000E+01  0.3000000E-01
  0.4298567E+01  0.8528231E-02  0.4545000E+01  0.5000000E+01  0.1000000E+01  0.3000000E-01
  0.4298566E+01  0.8534118E-02  0.4540000E+01  0.5000000E+01  0.1000000E+01  0.3000000E-01
  0.4298566E+01  0.8540021E-02  0.4535000E+01  0.5000000E+01  0.1000000E+01  0.3000000E-01
  0.4298565E+01  0.8545939E-02  0.4530000E+01  0.5000000E+01  0.1000000E+01  0.3000000E-01
  0.4298564E+01  0.8551873E-02  0.4525000E+01  0.5000000E+01  0.1000000E+01  0.3000000E-01
  0.4298564E+01  0.8557822E-02  0.4520000E+01  0.5000000E+01  0.1000000E+01  0.3000000E-01
  0.4298563E+01  0.8563786E-02  0.4515000E+01  0.5000000E+01  0.1000000E+01  0.3000000E-01
  0.4298563E+01  0.8569766E-02  0.4510000E+01  0.5000000E+01  0.1000000E+01  0.3000000E-01
  0.4298562E+01  0.8575762E-02  0.4505000E+01  0.5000000E+01  0.1000000E+01  0.3000000E-01
  0.4298562E+01  0.8581773E-02  0.4500000E+01  0.5000000E+01  0.1000000E+01  0.3000000E-01
  0.4298561E+01  0.8587800E-02  0.4495000E+01  0.5000000E+01  0.1000000E+01  0.3000000E-01
  0.4298560E+01  0.8593843E-02  0.4490000E+01  0.5000000E+01  0.1000000E+01  0.3000000E-01
  0.4298560E+01  0.8599901E-02  0.4485000E+01  0.5000000E+01  0.1000000E+01  0.3000000E-01
  0.4298559E+01  0.8605975E-02  0.4480000E+01  0.5000000E+01  0.1000000E+01  0.3000000E-01
  0.4298559E+01  0.8612066E-02  0.4475000E+01  0.5000000E+01  0.1000000E+01  0.3000000E-01
  0.4298558E+01  0.8618172E-02  0.4470000E+01  0.5000000E+01  0.1000000E+01  0.3000000E-01
  0.4298558E+01  0.8624294E-02  0.4465000E+01  0.5000000E+01  0.1000000E+01  0.3000000E-01
  0.4298557E+01  0.8630432E-02  0.4460000E+01  0.5000000E+01  0.1000000E+01  0.3000000E-01
  0.4298556E+01  0.8636587E-02  0.4455000E+01  0.5000000E+01  0.1000000E+01  0.3000000E-01
  0.4298556E+01  0.8642758E-02  0.4450000E+01  0.5000000E+01  0.1000000E+01  0.3000000E-01
  0.4298555E+01  0.8648945E-02  0.4445000E+01  0.5000000E+01  0.1000000E+01  0.3000000E-01
  0.4298555E+01  0.8655148E-02  0.4440000E+01  0.5000000E+01  0.1000000E+01  0.3000000E-01
  0.4298554E+01  0.8661368E-02  0.4435000E+01  0.5000000E+01  0.1000000E+01  0.3000000E-01
  0.4298554E+01  0.8667604E-02  0.4430000E+01  0.5000000E+01  0.1000000E+01  0.3000000E-01
  0.4298553E+01  0.8673856E-02  0.4425000E+01  0.5000000E+01  0.1000000E+01  0.3000000E-01
  0.4298552E+01  0.8680126E-02  0.4420000E+01  0.5000000E+01  0.1000000E+01  0.3000000E-01
  0.4298552E+01  0.8686412E-02  0.4415000E+01  0.5000000E+01  0.1000000E+01  0.3000000E-01
  0.4298551E+01  0.8692714E-02  0.4410000E+01  0.5000000E+01  0.1000000E+01  0.3000000E-01
  0.4298551E+01  0.8699033E-02  0.4405000E+01  0.5000000E+01  0.1000000E+01  0.3000000E-01
  0.4298550E+01  0.8705370E-02  0.4400000E+01  0.5000000E+01  0.1000000E+01  0.3000000E-01
  0.4298550E+01  0.8711723E-02  0.4395000E+01  0.5000000E+01  0.1000000E+01  0.3000000E-01
  0.4298549E+01  0.8718093E-02  0.4390000E+01  0.5000000E+01  0.1000000E+01  0.3000000E-01
  0.4298549E+01  0.8724479E-02  0.4385000E+01  0.5000000E+01  0.1000000E+01  0.3000000E-01
  0.4298548E+01  0.8730883E-02  0.4380000E+01  0.5000000E+01  0.1000000E+01  0.3000000E-01
  0.4298548E+01  0.8737305E-02  0.4375000E+01  0.5000000E+01  0.1000000E+01  0.3000000E-01
  0.4298547E+01  0.8743743E-02  0.4370000E+01  0.5000000E+01  0.1000000E+01  0.3000000E-01
  0.4298547E+01  0.8750199E-02  0.4365000E+01  0.5000000E+01  0.1000000E+01  0.3000000E-01
  0.4298546E+01  0.8756671E-02  0.4360000E+01  0.5000000E+01  0.1000000E+01  0.3000000E-01
  0.4298546E+01  0.8763162E-02  0.4355000E+01  0.5000000E+01  0.1000000E+01  0.3000000E-01
  0.4298545E+01  0.8769669E-02  0.4350000E+01  0.5000000E+01  0.1000000E+01  0.3000000E-01
  0.4298545E+01  0.8776195E-02  0.4345000E+01  0.5000000E+01  0.1000000E+01  0.3000000E-01
  0.4298544E+01  0.8782737E-02  0.4340000E+01  0.5000000E+01  0.1000000E+01  0.3000000E-01
  0.4298544E+01  0.8789298E-02  0.4335000E+01  0.5000000E+01  0.1000000E+01  0.3000000E-01
  0.4298543E+01  0.8795876E-02  0.4330000E+01  0.5000000E+01  0.1000000E+01  0.3000000E-01
  0.4298543E+01  0.8802472E-02  0.4325000E+01  0.5000000E+01  0.1000000E+01  0.3000000E-01
  0.4298542E+01  0.8809086E-02  0.4320000E+01  0.5000000E+01  0.1000000E+01  0.3000000E-01
  0.4298542E+01  0.8815717E-02  0.4315000E+01  0.5000000E+01  0.1000000E+01  0.3000000E-01
  0.4298541E+01  0.8822367E-02  0.4310000E+01  0.5000000E+01  0.1000000E+01  0.3000000E-01
  0.4298541E+01  0.8829035E-02  0.4305000E+01  0.5000000E+01  0.1000000E+01  0.3000000E-01
  0.4298540E+01  0.8835720E-02  0.4300000E+01  0.5000000E+01  0.1000000E+01  0.3000000E-01
  0.4298540E+01  0.8842424E-02  0.4295000E+01  0.5000000E+01  0.1000000E+01  0.3000000E-01
  0.4298539E+01  0.8849147E-02  0.4290000E+01  0.5000000E+01  0.1000000E+01  0.3000000E-01
  0.4298539E+01  0.8855887E-02  0.4285000E+01  0.5000000E+01  0.1000000E+01  0.3000000E-01
  0.4298538E+01  0.8862646E-02  0.4280000E+01  0.5000000E+01  0.1000000E+01  0.3000000E-01
  0.4298538E+01  0.8869423E-02  0.4275000E+01  0.5000000E+01  0.1000000E+01  0.3000000E-01
  0.4298537E+01  0.8876219E-02  0.4270000E+01  0.5000000E+01  0.1000000E+01  0.3000000E-01
  0.4298537E+01  0.8883033E-02  0.4265000E+01  0.5000000E+01  0.1000000E+01  0.3000000E-01
  0.4298536E+01  0.8889866E-02  0.4260000E+01  0.5000000E+01  0.1000000E+01  0.3000000E-01
  0.4298536E+01  0.8896718E-02  0.4255000E+01  0.5000000E+01  0.1000000E+01  0.3000000E-01
  0.4298535E+01  0.8903589E-02  0.4250000E+01  0.5000000E+01  0.1000000E+01  0.3000000E-01
  0.4298535E+01  0.8910478E-02  0.4245000E+01  0.5000000E+01  0.1000000E+01  0.3000000E-01
  0.4298534E+01  0.8917387E-02  0.4240000E+01  0.5000000E+01  0.1000000E+01  0.3000000E-01
  0.4298534E+01  0.8924314E-02  0.4235000E+01  0.5000000E+01  0.1000000E+01  0.3000000E-01
  0.4298534E+01  0.8931260E-02  0.4230000E+01  0.5000000E+01  0.1000000E+01  0.3000000E-01
  0.4298533E+01  0.8938226E-02  0.4225000E+01  0.5000000E+01  0.1000000E+01  0.3000000E-01
  0.4298533E+01  0.8945211E-02  0.4220000E+01  0.5000000E+01  0.1000000E+01  0.3000000E-01
  0.4298532E+01  0.8952215E-02  0.4215000E+01  0.5000000E+01  0.1000000E+01  0.3000000E-01
  0.4298532E+01  0.8959238E-02  0.4210000E+01  0.5000000E+01  0.1000000E+01  0.3000000E-01
  0.4298531E+01  0.8966281E-02  0.4205000E+01  0.5000000E+01  0.1000000E+01  0.3000000E-01
  0.4298531E+01  0.8973344E-02  0.4200000E+01  0.5000000E+01  0.1000000E+01  0.3000000E-01
  0.4298531E+01  0.8980426E-02  0.4195000E+01  0.5000000E+01  0.1000000E+01  0.3000000E-01
  0.4298530E+01  0.8987527E-02  0.4190000E+01  0.5000000E+01  0.1000000E+01  0.3000000E-01
  0.4298530E+01  0.8994649E-02  0.4185000E+01  0.5000000E+01  0.1000000E+01  0.3000000E-01
  0.4298529E+01  0.9001790E-02  0.4180000E+01  0.5000000E+01  0.1000000E+01  0.3000000E-01
  0.4298529E+01  0.9008951E-02  0.4175000E+01  0.5000000E+01  0.1000000E+01  0.3000000E-01
  0.4298528E+01  0.9016132E-02  0.4170000E+01  0.5000000E+01  0.1000000E+01  0.3000000E-01
  0.4298528E+01  0.9023333E-02  0.4165000E+01  0.5000000E+01  0.1000000E+01  0.3000000E-01
  0.4298528E+01  0.9030555E-02  0.4160000E+01  0.5000000E+01  0.1000000E+01  0.3000000E-01
  0.4298527E+01  0.9037796E-02  0.4155000E+01  0.5000000E+01  0.1000000E+01  0.3000000E-01
  0.4298527E+01  0.9045058E-02  0.4150000E+01  0.5000000E+01  0.1000000E+01  0.3000000E-01
  0.4298526E+01  0.9052340E-02  0.4145000E+01  0.5000000E+01  0.1000000E+01  0.3000000E-01
  0.4298526E+01  0.9059642E-02  0.4140000E+01  0.5000000E+01  0.1000000E+01  0.3000000E-01
  0.4298526E+01  0.9066965E-02  0.4135000E+01  0.5000000E+01  0.1000000E+01  0.3000000E-01
  0.4298525E+01  0.9074309E-02  0.4130000E+01  0.5000000E+01  0.1000000E+01  0.3000000E-01
  0.4298525E+01  0.9081673E-02  0.4125000E+01  0.5000000E+01  0.1000000E+01  0.3000000E-01
  0.4298524E+01  0.9089058E-02  0.4120000E+01  0.5000000E+01  0.1000000E+01  0.3000000E-01
  0.4298524E+01  0.9096464E-02  0.4115000E+01  0.5000000E+01  0.1000000E+01  0.3000000E-01
  0.4298524E+01  0.9103891E-02  0.4110000E+01  0.5000000E+01  0.1000000E+01  0.3000000E-01
  0.4298523E+01  0.9111338E-02  0.4105000E+01  0.5000000E+01  0.1000000E+01  0.3000000E-01
  0.4298523E+01  0.9118807E-02  0.4100000E+01  0.5000000E+01  0.1000000E+01  0.3000000E-01
  0.4298523E+01  0.9126297E-02  0.4095000E+01  0.5000000E+01  0.1000000E+01  0.3000000E-01
  0.4298522E+01  0.9133808E-02  0.4090000E+01  0.5000000E+01  0.1000000E+01  0.3000000E-01
  0.4298522E+01  0.9141341E-02  0.4085000E+01  0.5000000E+01  0.1000000E+01  0.3000000E-01
  0.4298521E+01  0.9148895E-02  0.4080000E+01  0.5000000E+01  0.1000000E+01  0.3000000E-01
  0.4298521E+01  0.9156470E-02  0.4075000E+01  0.5000000E+01  0.1000000E+01  0.3000000E-01
  0.4298521E+01  0.9164067E-02  0.4070000E+01  0.5000000E+01  0.1000000E+01  0.3000000E-01
  0.4298520E+01  0.9171686E-02  0.4065000E+01  0.5000000E+01  0.1000000E+01  0.3000000E-01
  0.4298520E+01  0.9179326E-02  0.4060000E+01  0.5000000E+01  0.1000000E+01  0.3000000E-01
  0.4298520E+01  0.9186988E-02  0.4055000E+01  0.5000000E+01  0.1000000E+01  0.3000000E-01
  0.4298519E+01  0.9194672E-02  0.4050000E+01  0.5000000E+01  0.1000000E+01  0.3000000E-01
  0.4298519E+01  0.9202378E-02  0.4045000E+01  0.5000000E+01  0.1000000E+01  0.3000000E-01
  0.4298519E+01  0.9210106E-02  0.4040000E+01  0.5000000E+01  0.1000000E+01  0.3000000E-01
  0.4298518E+01  0.9217857E-02  0.4035000E+01  0.5000000E+01  0.1000000E+01  0.3000000E-01
  0.4298518E+01  0.9225629E-02  0.4030000E+01  0.5000000E+01  0.1000000E+01  0.3000000E-01
  0.4298518E+01  0.9233424E-02  0.4025000E+01  0.5000000E+01  0.1000000E+01  0.3000000E-01
  0.4298517E+01  0.9241241E-02  0.4020000E+01  0.5000000E+01  0.1000000E+01  0.3000000E-01
  0.4298517E+01  0.9249081E-02  0.4015000E+01  0.5000000E+01  0.1000000E+01  0.3000000E-01
  0.4298517E+01  0.9256943E-02  0.4010000E+01  0.5000000E+01  0.1000000E+01  0.3000000E-01
  0.4298516E+01  0.9264828E-02  0.4005000E+01  0.5000000E+01  0.1000000E+01  0.3000000E-01
  0.4298516E+01  0.9272736E-02  0.4000000E+01  0.5000000E+01  0.1000000E+01  0.3000000E-01
  0.4298516E+01  0.9280667E-02  0.3995000E+01  0.5000000E+01  0.1000000E+01  0.3000000E-01
  0.4298516E+01  0.9288621E-02  0.3990000E+01  0.5000000E+01  0.1000000E+01  0.3000000E-01
  0.4298515E+01  0.9296597E-02  0.3985000E+01  0.5000000E+01  0.1000000E+01  0.3000000E-01
  0.4298515E+01  0.9304597E-02  0.3980000E+01  0.5000000E+01  0.1000000E+01  0.3000000E-01
  0.4298515E+01  0.9312620E-02  0.3975000E+01  0.5000000E+01  0.1000000E+01  0.3000000E-01
  0.4298514E+01  0.9320667E-02  0.3970000E+01  0.5000000E+01  0.1000000E+01  0.3000000E-01
  0.4298514E+01  0.9328737E-02  0.3965000E+01  0.5000000E+01  0.1000000E+01  0.3000000E-01
  0.4298514E+01  0.9336830E-02  0.3960000E+01  0.5000000E+01  0.1000000E+01  0.3000000E-01
  0.4298513E+01  0.9344947E-02  0.3955000E+01  0.5000000E+01  0.1000000E+01  0.3000000E-01
  0.4298513E+01  0.9353088E-02  0.3950000E+01  0.5000000E+01  0.1000000E+01  0.3000000E-01
  0.4298513E+01  0.9361252E-02  0.3945000E+01  0.5000000E+01  0.1000000E+01  0.3000000E-01
  0.4298513E+01  0.9369441E-02  0.3940000E+01  0.5000000E+01  0.1000000E+01  0.3000000E-01
  0.4298512E+01  0.9377653E-02  0.3935000E+01  0.5000000E+01  0.1000000E+01  0.3000000E-01
  0.4298512E+01  0.9385889E-02  0.3930000E+01  0.5000000E+01  0.1000000E+01  0.3000000E-01
  0.4298512E+01  0.9394150E-02  0.3925000E+01  0.5000000E+01  0.1000000E+01  0.3000000E-01
  0.4298512E+01  0.9402435E-02  0.3920000E+01  0.5000000E+01  0.1000000E+01  0.3000000E-01
  0.4298511E+01  0.9410744E-02  0.3915000E+01  0.5000000E+01  0.1000000E+01  0.3000000E-01
  0.4298511E+01  0.9419078E-02  0.3910000E+01  0.5000000E+01  0.1000000E+01  0.3000000E-01
  0.4298511E+01  0.9427436E-02  0.3905000E+01  0.5000000E+01  0.1000000E+01  0.3000000E-01
  0.4298511E+01  0.9435819E-02  0.3900000E+01  0.5000000E+01  0.1000000E+01  0.3000000E-01
  0.4298510E+01  0.9444227E-02  0.3895000E+01  0.5000000E+01  0.1000000E+01  0.3000000E-01
  0.4298510E+01  0.9452660E-02  0.3890000E+01  0.5000000E+01  0.1000000E+01  0.3000000E-01
  0.4298510E+01  0.9461117E-02  0.3885000E+01  0.5000000E+01  0.1000000E+01  0.3000000E-01
  0.4298510E+01  0.9469600E-02  0.3880000E+01  0.5000000E+01  0.1000000E+01  0.3000000E-01
  0.4298509E+01  0.9478108E-02  0.3875000E+01  0.5000000E+01  0.1000000E+01  0.3000000E-01
  0.4298509E+01  0.9486641E-02  0.3870000E+01  0.5000000E+01  0.1000000E+01  0.3000000E-01
  0.4298509E+01  0.9495199E-02  0.3865000E+01  0.5000000E+01  0.1000000E+01  0.3000000E-01
  0.4298509E+01  0.9503783E-02  0.3860000E+01  0.5000000E+01  0.1000000E+01  0.3000000E-01
  0.4298509E+01  0.9512393E-02  0.3855000E+01  0.5000000E+01  0.1000000E+01  0.3000000E-01
  0.4298508E+01  0.9521028E-02  0.3850000E+01  0.5000000E+01  0.1000000E+01  0.3000000E-01
  0.4298508E+01  0.9529689E-02  0.3845000E+01  0.5000000E+01  0.1000000E+01  0.3000000E-01
  0.4298508E+01  0.9538376E-02  0.3840000E+01  0.5000000E+01  0.1000000E+01  0.3000000E-01
  0.4298508E+01  0.9547089E-02  0.3835000E+01  0.5000000E+01  0.1000000E+01  0.3000000E-01
  0.4298508E+01  0.9555828E-02  0.3830000E+01  0.5000000E+01  0.1000000E+01  0.3000000E-01
  0.4298507E+01  0.9564594E-02  0.3825000E+01  0.5000000E+01  0.1000000E+01  0.3000000E-01
  0.4298507E+01  0.9573385E-02  0.3820000E+01  0.5000000E+01  0.1000000E+01  0.3000000E-01
  0.4298507E+01  0.9582203E-02  0.3815000E+01  0.5000000E+01  0.1000000E+01  0.3000000E-01
  0.4298507E+01  0.9591048E-02  0.3810000E+01  0.5000000E+01  0.1000000E+01  0.3000000E-01
  0.4298507E+01  0.9599919E-02  0.3805000E+01  0.5000000E+01  0.1000000E+01  0.3000000E-01
  0.4298507E+01  0.9608817E-02  0.3800000E+01  0.5000000E+01  0.1000000E+01  0.3000000E-01
  0.4298506E+01  0.9617742E-02  0.3795000E+01  0.5000000E+01  0.1000000E+01  0.3000000E-01
  0.4298506E+01  0.9626694E-02  0.3790000E+01  0.5000000E+01  0.1000000E+01  0.3000000E-01
  0.4298506E+01  0.9635673E-02  0.3785000E+01  0.5000000E+01  0.1000000E+01  0.3000000E-01
  0.4298506E+01  0.9644679E-02  0.3780000E+01  0.5000000E+01  0.1000000E+01  0.3000000E-01
  0.4298506E+01  0.9653713E-02  0.3775000E+01  0.5000000E+01  0.1000000E+01  0.3000000E-01
  0.4298506E+01  0.9662774E-02  0.3770000E+01  0.5000000E+01  0.1000000E+01  0.3000000E-01
  0.4298505E+01  0.9671862E-02  0.3765000E+01  0.5000000E+01  0.1000000E+01  0.3000000E-01
  0.4298505E+01  0.9680978E-02  0.3760000E+01  0.5000000E+01  0.1000000E+01  0.3000000E-01
  0.4298505E+01  0.9690122E-02  0.3755000E+01  0.5000000E+01  0.1000000E+01  0.3000000E-01
  0.4298505E+01  0.9699294E-02  0.3750000E+01  0.5000000E+01  0.1000000E+01  0.3000000E-01
  0.4298505E+01  0.9708494E-02  0.3745000E+01  0.5000000E+01  0.1000000E+01  0.3000000E-01
  0.4298505E+01  0.9717722E-02  0.3740000E+01  0.5000000E+01  0.1000000E+01  0.3000000E-01
  0.4298505E+01  0.9726978E-02  0.3735000E+01  0.5000000E+01  0.1000000E+01  0.3000000E-01
  0.4298505E+01  0.9736263E-02  0.3730000E+01  0.5000000E+01  0.1000000E+01  0.3000000E-01
  0.4298504E+01  0.9745576E-02  0.3725000E+01  0.5000000E+01  0.1000000E+01  0.3000000E-01
  0.4298504E+01  0.9754917E-02  0.3720000E+01  0.5000000E+01  0.1000000E+01  0.3000000E-01
  0.4298504E+01  0.9764288E-02  0.3715000E+01  0.5000000E+01  0.1000000E+01  0.3000000E-01
  0.4298504E+01  0.9773687E-02  0.3710000E+01  0.5000000E+01  0.1000000E+01  0.3000000E-01
  0.4298504E+01  0.9783115E-02  0.3705000E+01  0.5000000E+01  0.1000000E+01  0.3000000E-01
  0.4298504E+01  0.9792573E-02  0.3700000E+01  0.5000000E+01  0.1000000E+01  0.3000000E-01
  0.4298504E+01  0.9802059E-02  0.3695000E+01  0.5000000E+01  0.1000000E+01  0.3000000E-01
  0.4298504E+01  0.9811575E-02  0.3690000E+01  0.5000000E+01  0.1000000E+01  0.3000000E-01
  0.4298504E+01  0.9821120E-02  0.3685000E+01  0.5000000E+01  0.1000000E+01  0.3000000E-01
  0.4298504E+01  0.9830695E-02  0.3680000E+01  0.5000000E+01  0.1000000E+01  0.3000000E-01
  0.4298504E+01  0.9840300E-02  0.3675000E+01  0.5000000E+01  0.1000000E+01  0.3000000E-01
  0.4298504E+01  0.9849934E-02  0.3670000E+01  0.5000000E+01  0.1000000E+01  0.3000000E-01
  0.4298503E+01  0.9859598E-02  0.3665000E+01  0.5000000E+01  0.1000000E+01  0.3000000E-01
  0.4298503E+01  0.9869293E-02  0.3660000E+01  0.5000000E+01  0.1000000E+01  0.3000000E-01
  0.4298503E+01  0.9879018E-02  0.3655000E+01  0.5000000E+01  0.1000000E+01  0.3000000E-01
  0.4298503E+01  0.9888773E-02  0.3650000E+01  0.5000000E+01  0.1000000E+01  0.3000000E-01
  0.4298503E+01  0.9898558E-02  0.3645000E+01  0.5000000E+01  0.1000000E+01  0.3000000E-01
  0.4298503E+01  0.9908374E-02  0.3640000E+01  0.5000000E+01  0.1000000E+01  0.3000000E-01
  0.4298503E+01  0.9918221E-02  0.3635000E+01  0.5000000E+01  0.1000000E+01  0.3000000E-01
  0.4298503E+01  0.9928099E-02  0.3630000E+01  0.5000000E+01  0.1000000E+01  0.3000000E-01
  0.4298503E+01  0.9938008E-02  0.3625000E+01  0.5000000E+01  0.1000000E+01  0.3000000E-01
  0.4298503E+01  0.9947948E-02  0.3620000E+01  0.5000000E+01  0.1000000E+01  0.3000000E-01
  0.4298503E+01  0.9957919E-02  0.3615000E+01  0.5000000E+01  0.1000000E+01  0.3000000E-01
  0.4298503E+01  0.9967921E-02  0.3610000E+01  0.5000000E+01  0.1000000E+01  0.3000000E-01
  0.4298503E+01  0.9977955E-02  0.3605000E+01  0.5000000E+01  0.1000000E+01  0.3000000E-01
  0.4298503E+01  0.9988021E-02  0.3600000E+01  0.5000000E+01  0.1000000E+01  0.3000000E-01
  0.4298503E+01  0.9998119E-02  0.3595000E+01  0.5000000E+01  0.1000000E+01  0.3000000E-01
  0.4298503E+01  0.1000825E-01  0.3590000E+01  0.5000000E+01  0.1000000E+01  0.3000000E-01
  0.4298503E+01  0.1001841E-01  0.3585000E+01  0.5000000E+01  0.1000000E+01  0.3000000E-01
  0.4298503E+01  0.1002860E-01  0.3580000E+01  0.5000000E+01  0.1000000E+01  0.3000000E-01
  0.4298503E+01  0.1003883E-01  0.3575000E+01  0.5000000E+01  0.1000000E+01  0.3000000E-01
  0.4298503E+01  0.1004909E-01  0.3570000E+01  0.5000000E+01  0.1000000E+01  0.3000000E-01
  0.4298503E+01  0.1005938E-01  0.3565000E+01  0.5000000E+01  0.1000000E+01  0.3000000E-01
  0.4298503E+01  0.1006970E-01  0.3560000E+01  0.5000000E+01  0.1000000E+01  0.3000000E-01
  0.4298503E+01  0.1008006E-01  0.3555000E+01  0.5000000E+01  0.1000000E+01  0.3000000E-01
  0.4298503E+01  0.1009045E-01  0.3550000E+01  0.5000000E+01  0.1000000E+01  0.3000000E-01
  0.4298503E+01  0.1010087E-01  0.3545000E+01  0.5000000E+01  0.1000000E+01  0.3000000E-01
  0.4298503E+01  0.1011133E-01  0.3540000E+01  0.5000000E+01  0.1000000E+01  0.3000000E-01
  0.4298503E+01  0.1012182E-01  0.3535000E+01  0.5000000E+01  0.1000000E+01  0.3000000E-01
  0.4298503E+01  0.1013235E-01  0.3530000E+01  0.5000000E+01  0.1000000E+01  0.3000000E-01
  0.4298504E+01  0.1014290E-01  0.3525000E+01  0.5000000E+01  0.1000000E+01  0.3000000E-01
  0.4298504E+01  0.1015350E-01  0.3520000E+01  0.5000000E+01  0.1000000E+01  0.3000000E-01
  0.4298504E+01  0.1016412E-01  0.3515000E+01  0.5000000E+01  0.1000000E+01  0.3000000E-01
  0.4298504E+01  0.1017478E-01  0.3510000E+01  0.5000000E+01  0.1000000E+01  0.3000000E-01
  0.4298504E+01  0.1018548E-01  0.3505000E+01  0.5000000E+01  0.1000000E+01  0.3000000E-01
  0.4298504E+01  0.1019621E-01  0.3500000E+01  0.5000000E+01  0.1000000E+01  0.3000000E-01
  0.4298504E+01  0.1020697E-01  0.3495000E+01  0.5000000E+01  0.1000000E+01  0.3000000E-01
  0.4298504E+01  0.1021777E-01  0.3490000E+01  0.5000000E+01  0.1000000E+01  0.3000000E-01
  0.4298504E+01  0.1022860E-01  0.3485000E+01  0.5000000E+01  0.1000000E+01  0.3000000E-01
  0.4298504E+01  0.1023947E-01  0.3480000E+01  0.5000000E+01  0.1000000E+01  0.3000000E-01
  0.4298504E+01  0.1025037E-01  0.3475000E+01  0.5000000E+01  0.1000000E+01  0.3000000E-01
  0.4298505E+01  0.1026131E-01  0.3470000E+01  0.5000000E+01  0.1000000E+01  0.3000000E-01
  0.4298505E+01  0.1027229E-01  0.3465000E+01  0.5000000E+01  0.1000000E+01  0.3000000E-01
  0.4298505E+01  0.1028330E-01  0.3460000E+01  0.5000000E+01  0.1000000E+01  0.3000000E-01
  0.4298505E+01  0.1029435E-01  0.3455000E+01  0.5000000E+01  0.1000000E+01  0.3000000E-01
  0.4298505E+01  0.1030543E-01  0.3450000E+01  0.5000000E+01  0.1000000E+01  0.3000000E-01
  0.4298505E+01  0.1031655E-01  0.3445000E+01  0.5000000E+01  0.1000000E+01  0.3000000E-01
  0.4298505E+01  0.1032771E-01  0.3440000E+01  0.5000000E+01  0.1000000E+01  0.3000000E-01
  0.4298506E+01  0.1033890E-01  0.3435000E+01  0.5000000E+01  0.1000000E+01  0.3000000E-01
  0.4298506E+01  0.1035013E-01  0.3430000E+01  0.5000000E+01  0.1000000E+01  0.3000000E-01
  0.4298506E+01  0.1036140E-01  0.3425000E+01  0.5000000E+01  0.1000000E+01  0.3000000E-01
  0.4298506E+01  0.1037270E-01  0.3420000E+01  0.5000000E+01  0.1000000E+01  0.3000000E-01
  0.4298506E+01  0.1038404E-01  0.3415000E+01  0.5000000E+01  0.1000000E+01  0.3000000E-01
  0.4298506E+01  0.1039542E-01  0.3410000E+01  0.5000000E+01  0.1000000E+01  0.3000000E-01
  0.4298507E+01  0.1040683E-01  0.3405000E+01  0.5000000E+01  0.1000000E+01  0.3000000E-01
  0.4298507E+01  0.1041829E-01  0.3400000E+01  0.5000000E+01  0.1000000E+01  0.3000000E-01
  0.4298507E+01  0.1042978E-01  0.3395000E+01  0.5000000E+01  0.1000000E+01  0.3000000E-01
  0.4298507E+01  0.1044131E-01  0.3390000E+01  0.5000000E+01  0.1000000E+01  0.3000000E-01
  0.4298507E+01  0.1045288E-01  0.3385000E+01  0.5000000E+01  0.1000000E+01  0.3000000E-01
  0.4298508E+01  0.1046448E-01  0.3380000E+01  0.5000000E+01  0.1000000E+01  0.3000000E-01
  0.4298508E+01  0.1047613E-01  0.3375000E+01  0.5000000E+01  0.1000000E+01  0.3000000E-01
  0.4298508E+01  0.1048781E-01  0.3370000E+01  0.5000000E+01  0.1000000E+01  0.3000000E-01
  0.4298508E+01  0.1049954E-01  0.3365000E+01  0.5000000E+01  0.1000000E+01  0.3000000E-01
  0.4298508E+01  0.1051130E-01  0.3360000E+01  0.5000000E+01  0.1000000E+01  0.3000000E-01
  0.4298509E+01  0.1052310E-01  0.3355000E+01  0.5000000E+01  0.1000000E+01  0.3000000E-01
  0.4298509E+01  0.1053494E-01  0.3350000E+01  0.5000000E+01  0.1000000E+01  0.3000000E-01
  0.4298509E+01  0.1054682E-01  0.3345000E+01  0.5000000E+01  0.1000000E+01  0.3000000E-01
  0.4298509E+01  0.1055875E-01  0.3340000E+01  0.5000000E+01  0.1000000E+01  0.3000000E-01
  0.4298510E+01  0.1057071E-01  0.3335000E+01  0.5000000E+01  0.1000000E+01  0.3000000E-01
  0.4298510E+01  0.1058271E-01  0.3330000E+01  0.5000000E+01  0.1000000E+01  0.3000000E-01
  0.4298510E+01  0.1059475E-01  0.3325000E+01  0.5000000E+01  0.1000000E+01  0.3000000E-01
  0.4298511E+01  0.1060683E-01  0.3320000E+01  0.5000000E+01  0.1000000E+01  0.3000000E-01
  0.4298511E+01  0.1061896E-01  0.3315000E+01  0.5000000E+01  0.1000000E+01  0.3000000E-01
  0.4298511E+01  0.1063112E-01  0.3310000E+01  0.5000000E+01  0.1000000E+01  0.3000000E-01
  0.4298511E+01  0.1064333E-01  0.3305000E+01  0.5000000E+01  0.1000000E+01  0.3000000E-01
  0.4298512E+01  0.1065557E-01  0.3300000E+01  0.5000000E+01  0.1000000E+01  0.3000000E-01
  0.4298512E+01  0.1066786E-01  0.3295000E+01  0.5000000E+01  0.1000000E+01  0.3000000E-01
  0.4298512E+01  0.1068019E-01  0.3290000E+01  0.5000000E+01  0.1000000E+01  0.3000000E-01
  0.4298513E+01  0.1069257E-01  0.3285000E+01  0.5000000E+01  0.1000000E+01  0.3000000E-01
  0.4298513E+01  0.1070498E-01  0.3280000E+01  0.5000000E+01  0.1000000E+01  0.3000000E-01
  0.4298513E+01  0.1071744E-01  0.3275000E+01  0.5000000E+01  0.1000000E+01  0.3000000E-01
  0.4298514E+01  0.1072994E-01  0.3270000E+01  0.5000000E+01  0.1000000E+01  0.3000000E-01
  0.4298514E+01  0.1074248E-01  0.3265000E+01  0.5000000E+01  0.1000000E+01  0.3000000E-01
  0.4298514E+01  0.1075507E-01  0.3260000E+01  0.5000000E+01  0.1000000E+01  0.3000000E-01
  0.4298515E+01  0.1076770E-01  0.3255000E+01  0.5000000E+01  0.1000000E+01  0.3000000E-01
  0.4298515E+01  0.1078037E-01  0.3250000E+01  0.5000000E+01  0.1000000E+01  0.3000000E-01
  0.4298515E+01  0.1079309E-01  0.3245000E+01  0.5000000E+01  0.1000000E+01  0.3000000E-01
  0.4298516E+01  0.1080585E-01  0.3240000E+01  0.5000000E+01  0.1000000E+01  0.3000000E-01
  0.4298516E+01  0.1081865E-01  0.3235000E+01  0.5000000E+01  0.1000000E+01  0.3000000E-01
  0.4298517E+01  0.1083150E-01  0.3230000E+01  0.5000000E+01  0.1000000E+01  0.3000000E-01
  0.4298517E+01  0.1084439E-01  0.3225000E+01  0.5000000E+01  0.1000000E+01  0.3000000E-01
  0.4298517E+01  0.1085733E-01  0.3220000E+01  0.5000000E+01  0.1000000E+01  0.3000000E-01
  0.4298518E+01  0.1087031E-01  0.3215000E+01  0.5000000E+01  0.1000000E+01  0.3000000E-01
  0.4298518E+01  0.1088334E-01  0.3210000E+01  0.5000000E+01  0.1000000E+01  0.3000000E-01
  0.4298519E+01  0.1089641E-01  0.3205000E+01  0.5000000E+01  0.1000000E+01  0.3000000E-01
  0.4298519E+01  0.1090953E-01  0.3200000E+01  0.5000000E+01  0.1000000E+01  0.3000000E-01
  0.4298519E+01  0.1092269E-01  0.3195000E+01  0.5000000E+01  0.1000000E+01  0.3000000E-01
  0.4298520E+01  0.1093590E-01  0.3190000E+01  0.5000000E+01  0.1000000E+01  0.3000000E-01
  0.4298520E+01  0.1094916E-01  0.3185000E+01  0.5000000E+01  0.1000000E+01  0.3000000E-01
  0.4298521E+01  0.1096246E-01  0.3180000E+01  0.5000000E+01  0.1000000E+01  0.3000000E-01
  0.4298521E+01  0.1097581E-01  0.3175000E+01  0.5000000E+01  0.1000000E+01  0.3000000E-01
  0.4298522E+01  0.1098921E-01  0.3170000E+01  0.5000000E+01  0.1000000E+01  0.3000000E-01
  0.4298522E+01  0.1100265E-01  0.3165000E+01  0.5000000E+01  0.1000000E+01  0.3000000E-01
  0.4298523E+01  0.1101614E-01  0.3160000E+01  0.5000000E+01  0.1000000E+01  0.3000000E-01
  0.4298523E+01  0.1102968E-01  0.3155000E+01  0.5000000E+01  0.1000000E+01  0.3000000E-01
  0.4298524E+01  0.1104327E-01  0.3150000E+01  0.5000000E+01  0.1000000E+01  0.3000000E-01
  0.4298524E+01  0.1105690E-01  0.3145000E+01  0.5000000E+01  0.1000000E+01  0.3000000E-01
  0.4298525E+01  0.1107058E-01  0.3140000E+01  0.5000000E+01  0.1000000E+01  0.3000000E-01
  0.4298525E+01  0.1108432E-01  0.3135000E+01  0.5000000E+01  0.1000000E+01  0.3000000E-01
  0.4298526E+01  0.1109809E-01  0.3130000E+01  0.5000000E+01  0.1000000E+01  0.3000000E-01
  0.4298526E+01  0.1111192E-01  0.3125000E+01  0.5000000E+01  0.1000000E+01  0.3000000E-01
  0.4298527E+01  0.1112580E-01  0.3120000E+01  0.5000000E+01  0.1000000E+01  0.3000000E-01
  0.4298527E+01  0.1113973E-01  0.3115000E+01  0.5000000E+01  0.1000000E+01  0.3000000E-01
  0.4298528E+01  0.1115371E-01  0.3110000E+01  0.5000000E+01  0.1000000E+01  0.3000000E-01
  0.4298528E+01  0.1116773E-01  0.3105000E+01  0.5000000E+01  0.1000000E+01  0.3000000E-01
  0.4298529E+01  0.1118181E-01  0.3100000E+01  0.5000000E+01  0.1000000E+01  0.3000000E-01
  0.4298530E+01  0.1119594E-01  0.3095000E+01  0.5000000E+01  0.1000000E+01  0.3000000E-01
  0.4298530E+01  0.1121011E-01  0.3090000E+01  0.5000000E+01  0.1000000E+01  0.3000000E-01
  0.4298531E+01  0.1122434E-01  0.3085000E+01  0.5000000E+01  0.1000000E+01  0.3000000E-01
  0.4298531E+01  0.1123862E-01  0.3080000E+01  0.5000000E+01  0.1000000E+01  0.3000000E-01
  0.4298532E+01  0.1125296E-01  0.3075000E+01  0.5000000E+01  0.1000000E+01  0.3000000E-01
  0.4298532E+01  0.1126734E-01  0.3070000E+01  0.5000000E+01  0.1000000E+01  0.3000000E-01
  0.4298533E+01  0.1128178E-01  0.3065000E+01  0.5000000E+01  0.1000000E+01  0.3000000E-01
  0.4298534E+01  0.1129626E-01  0.3060000E+01  0.5000000E+01  0.1000000E+01  0.3000000E-01
  0.4298534E+01  0.1131080E-01  0.3055000E+01  0.5000000E+01  0.1000000E+01  0.3000000E-01
  0.4298535E+01  0.1132540E-01  0.3050000E+01  0.5000000E+01  0.1000000E+01  0.3000000E-01
  0.4298536E+01  0.1134004E-01  0.3045000E+01  0.5000000E+01  0.1000000E+01  0.3000000E-01
  0.4298536E+01  0.1135474E-01  0.3040000E+01  0.5000000E+01  0.1000000E+01  0.3000000E-01
  0.4298537E+01  0.1136949E-01  0.3035000E+01  0.5000000E+01  0.1000000E+01  0.3000000E-01
  0.4298538E+01  0.1138430E-01  0.3030000E+01  0.5000000E+01  0.1000000E+01  0.3000000E-01
  0.4298538E+01  0.1139916E-01  0.3025000E+01  0.5000000E+01  0.1000000E+01  0.3000000E-01
  0.4298539E+01  0.1141408E-01  0.3020000E+01  0.5000000E+01  0.1000000E+01  0.3000000E-01
  0.4298540E+01  0.1142905E-01  0.3015000E+01  0.5000000E+01  0.1000000E+01  0.3000000E-01
  0.4298540E+01  0.1144407E-01  0.3010000E+01  0.5000000E+01  0.1000000E+01  0.3000000E-01
  0.4298541E+01  0.1145915E-01  0.3005000E+01  0.5000000E+01  0.1000000E+01  0.3000000E-01
  0.4298542E+01  0.1147428E-01  0.3000000E+01  0.5000000E+01  0.1000000E+01  0.3000000E-01
  0.4298542E+01  0.1148948E-01  0.2995000E+01  0.5000000E+01  0.1000000E+01  0.3000000E-01
  0.4298543E+01  0.1150472E-01  0.2990000E+01  0.5000000E+01  0.1000000E+01  0.3000000E-01
  0.4298544E+01  0.1152003E-01  0.2985000E+01  0.5000000E+01  0.1000000E+01  0.3000000E-01
  0.4298545E+01  0.1153539E-01  0.2980000E+01  0.5000000E+01  0.1000000E+01  0.3000000E-01
  0.4298545E+01  0.1155080E-01  0.2975000E+01  0.5000000E+01  0.1000000E+01  0.3000000E-01
  0.4298546E+01  0.1156628E-01  0.2970000E+01  0.5000000E+01  0.1000000E+01  0.3000000E-01
  0.4298547E+01  0.1158181E-01  0.2965000E+01  0.5000000E+01  0.1000000E+01  0.3000000E-01
  0.4298548E+01  0.1159740E-01  0.2960000E+01  0.5000000E+01  0.1000000E+01  0.3000000E-01
  0.4298548E+01  0.1161304E-01  0.2955000E+01  0.5000000E+01  0.1000000E+01  0.3000000E-01
  0.4298549E+01  0.1162875E-01  0.2950000E+01  0.5000000E+01  0.1000000E+01  0.3000000E-01
  0.4298550E+01  0.1164451E-01  0.2945000E+01  0.5000000E+01  0.1000000E+01  0.3000000E-01
  0.4298551E+01  0.1166034E-01  0.2940000E+01  0.5000000E+01  0.1000000E+01  0.3000000E-01
  0.4298552E+01  0.1167622E-01  0.2935000E+01  0.5000000E+01  0.1000000E+01  0.3000000E-01
  0.4298553E+01  0.1169216E-01  0.2930000E+01  0.5000000E+01  0.1000000E+01  0.3000000E-01
  0.4298553E+01  0.1170817E-01  0.2925000E+01  0.5000000E+01  0.1000000E+01  0.3000000E-01
  0.4298554E+01  0.1172423E-01  0.2920000E+01  0.5000000E+01  0.1000000E+01  0.3000000E-01
  0.4298555E+01  0.1174035E-01  0.2915000E+01  0.5000000E+01  0.1000000E+01  0.3000000E-01
  0.4298556E+01  0.1175653E-01  0.2910000E+01  0.5000000E+01  0.1000000E+01  0.3000000E-01
  0.4298557E+01  0.1177278E-01  0.2905000E+01  0.5000000E+01  0.1000000E+01  0.3000000E-01
  0.4298558E+01  0.1178909E-01  0.2900000E+01  0.5000000E+01  0.1000000E+01  0.3000000E-01
  0.4298559E+01  0.1180545E-01  0.2895000E+01  0.5000000E+01  0.1000000E+01  0.3000000E-01
  0.4298559E+01  0.1182188E-01  0.2890000E+01  0.5000000E+01  0.1000000E+01  0.3000000E-01
  0.4298560E+01  0.1183838E-01  0.2885000E+01  0.5000000E+01  0.1000000E+01  0.3000000E-01
  0.4298561E+01  0.1185493E-01  0.2880000E+01  0.5000000E+01  0.1000000E+01  0.3000000E-01
  0.4298562E+01  0.1187155E-01  0.2875000E+01  0.5000000E+01  0.1000000E+01  0.3000000E-01
  0.4298563E+01  0.1188823E-01  0.2870000E+01  0.5000000E+01  0.1000000E+01  0.3000000E-01
  0.4298564E+01  0.1190498E-01  0.2865000E+01  0.5000000E+01  0.1000000E+01  0.3000000E-01
  0.4298565E+01  0.1192179E-01  0.2860000E+01  0.5000000E+01  0.1000000E+01  0.3000000E-01
  0.4298566E+01  0.1193867E-01  0.2855000E+01  0.5000000E+01  0.1000000E+01  0.3000000E-01
  0.4298567E+01  0.1195561E-01  0.2850000E+01  0.5000000E+01  0.1000000E+01  0.3000000E-01
  0.4298568E+01  0.1197261E-01  0.2845000E+01  0.5000000E+01  0.1000000E+01  0.3000000E-01
  0.4298569E+01  0.1198968E-01  0.2840000E+01  0.5000000E+01  0.1000000E+01  0.3000000E-01
  0.4298570E+01  0.1200682E-01  0.2835000E+01  0.5000000E+01  0.1000000E+01  0.3000000E-01
  0.4298571E+01  0.1202402E-01  0.2830000E+01  0.5000000E+01  0.1000000E+01  0.3000000E-01
  0.4298572E+01  0.1204129E-01  0.2825000E+01  0.5000000E+01  0.1000000E+01  0.3000000E-01
  0.4298573E+01  0.1205862E-01  0.2820000E+01  0.5000000E+01  0.1000000E+01  0.3000000E-01
  0.4298574E+01  0.1207603E-01  0.2815000E+01  0.5000000E+01  0.1000000E+01  0.3000000E-01
  0.4298575E+01  0.1209350E-01  0.2810000E+01  0.5000000E+01  0.1000000E+01  0.3000000E-01
  0.4298576E+01  0.1211104E-01  0.2805000E+01  0.5000000E+01  0.1000000E+01  0.3000000E-01
  0.4298577E+01  0.1212864E-01  0.2800000E+01  0.5000000E+01  0.1000000E+01  0.3000000E-01
  0.4298578E+01  0.1214632E-01  0.2795000E+01  0.5000000E+01  0.1000000E+01  0.3000000E-01
  0.4298579E+01  0.1216407E-01  0.2790000E+01  0.5000000E+01  0.1000000E+01  0.3000000E-01
  0.4298580E+01  0.1218188E-01  0.2785000E+01  0.5000000E+01  0.1000000E+01  0.3000000E-01
  0.4298582E+01  0.1219977E-01  0.2780000E+01  0.5000000E+01  0.1000000E+01  0.3000000E-01
  0.4298583E+01  0.1221772E-01  0.2775000E+01  0.5000000E+01  0.1000000E+01  0.3000000E-01
  0.4298584E+01  0.1223575E-01  0.2770000E+01  0.5000000E+01  0.1000000E+01  0.3000000E-01
  0.4298585E+01  0.1225384E-01  0.2765000E+01  0.5000000E+01  0.1000000E+01  0.3000000E-01
  0.4298586E+01  0.1227201E-01  0.2760000E+01  0.5000000E+01  0.1000000E+01  0.3000000E-01
  0.4298587E+01  0.1229025E-01  0.2755000E+01  0.5000000E+01  0.1000000E+01  0.3000000E-01
  0.4298588E+01  0.1230856E-01  0.2750000E+01  0.5000000E+01  0.1000000E+01  0.3000000E-01
  0.4298590E+01  0.1232695E-01  0.2745000E+01  0.5000000E+01  0.1000000E+01  0.3000000E-01
  0.4298591E+01  0.1234541E-01  0.2740000E+01  0.5000000E+01  0.1000000E+01  0.3000000E-01
  0.4298592E+01  0.1236394E-01  0.2735000E+01  0.5000000E+01  0.1000000E+01  0.3000000E-01
  0.4298593E+01  0.1238254E-01  0.2730000E+01  0.5000000E+01  0.1000000E+01  0.3000000E-01
  0.4298594E+01  0.1240122E-01  0.2725000E+01  0.5000000E+01  0.1000000E+01  0.3000000E-01
  0.4298596E+01  0.1241998E-01  0.2720000E+01  0.5000000E+01  0.1000000E+01  0.3000000E-01
  0.4298597E+01  0.1243881E-01  0.2715000E+01  0.5000000E+01  0.1000000E+01  0.3000000E-01
  0.4298598E+01  0.1245771E-01  0.2710000E+01  0.5000000E+01  0.1000000E+01  0.3000000E-01
  0.4298599E+01  0.1247669E-01  0.2705000E+01  0.5000000E+01  0.1000000E+01  0.3000000E-01
  0.4298601E+01  0.1249575E-01  0.2700000E+01  0.5000000E+01  0.1000000E+01  0.3000000E-01
  0.4298602E+01  0.1251489E-01  0.2695000E+01  0.5000000E+01  0.1000000E+01  0.3000000E-01
  0.4298603E+01  0.1253410E-01  0.2690000E+01  0.5000000E+01  0.1000000E+01  0.3000000E-01
  0.4298605E+01  0.1255339E-01  0.2685000E+01  0.5000000E+01  0.1000000E+01  0.3000000E-01
  0.4298606E+01  0.1257275E-01  0.2680000E+01  0.5000000E+01  0.1000000E+01  0.3000000E-01
  0.4298607E+01  0.1259220E-01  0.2675000E+01  0.5000000E+01  0.1000000E+01  0.3000000E-01
  0.4298609E+01  0.1261172E-01  0.2670000E+01  0.5000000E+01  0.1000000E+01  0.3000000E-01
  0.4298610E+01  0.1263133E-01  0.2665000E+01  0.5000000E+01  0.1000000E+01  0.3000000E-01
  0.4298611E+01  0.1265101E-01  0.2660000E+01  0.5000000E+01  0.1000000E+01  0.3000000E-01
  0.4298613E+01  0.1267078E-01  0.2655000E+01  0.5000000E+01  0.1000000E+01  0.3000000E-01
  0.4298614E+01  0.1269062E-01  0.2650000E+01  0.5000000E+01  0.1000000E+01  0.3000000E-01
  0.4298615E+01  0.1271055E-01  0.2645000E+01  0.5000000E+01  0.1000000E+01  0.3000000E-01
  0.4298617E+01  0.1273056E-01  0.2640000E+01  0.5000000E+01  0.1000000E+01  0.3000000E-01
  0.4298618E+01  0.1275065E-01  0.2635000E+01  0.5000000E+01  0.1000000E+01  0.3000000E-01
  0.4298620E+01  0.1277082E-01  0.2630000E+01  0.5000000E+01  0.1000000E+01  0.3000000E-01
  0.4298621E+01  0.1279108E-01  0.2625000E+01  0.5000000E+01  0.1000000E+01  0.3000000E-01
  0.4298623E+01  0.1281142E-01  0.2620000E+01  0.5000000E+01  0.1000000E+01  0.3000000E-01
  0.4298624E+01  0.1283184E-01  0.2615000E+01  0.5000000E+01  0.1000000E+01  0.3000000E-01
  0.4298626E+01  0.1285235E-01  0.2610000E+01  0.5000000E+01  0.1000000E+01  0.3000000E-01
  0.4298627E+01  0.1287294E-01  0.2605000E+01  0.5000000E+01  0.1000000E+01  0.3000000E-01
  0.4298629E+01  0.1289362E-01  0.2600000E+01  0.5000000E+01  0.1000000E+01  0.3000000E-01
  0.4298630E+01  0.1291439E-01  0.2595000E+01  0.5000000E+01  0.1000000E+01  0.3000000E-01
  0.4298632E+01  0.1293524E-01  0.2590000E+01  0.5000000E+01  0.1000000E+01  0.3000000E-01
  0.4298633E+01  0.1295618E-01  0.2585000E+01  0.5000000E+01  0.1000000E+01  0.3000000E-01
  0.4298635E+01  0.1297720E-01  0.2580000E+01  0.5000000E+01  0.1000000E+01  0.3000000E-01
  0.4298636E+01  0.1299832E-01  0.2575000E+01  0.5000000E+01  0.1000000E+01  0.3000000E-01
  0.4298638E+01  0.1301952E-01  0.2570000E+01  0.5000000E+01  0.1000000E+01  0.3000000E-01
  0.4298640E+01  0.1304082E-01  0.2565000E+01  0.5000000E+01  0.1000000E+01  0.3000000E-01
  0.4298641E+01  0.1306220E-01  0.2560000E+01  0.5000000E+01  0.1000000E+01  0.3000000E-01
  0.4298643E+01  0.1308367E-01  0.2555000E+01  0.5000000E+01  0.1000000E+01  0.3000000E-01
  0.4298645E+01  0.1310523E-01  0.2550000E+01  0.5000000E+01  0.1000000E+01  0.3000000E-01
  0.4298646E+01  0.1312689E-01  0.2545000E+01  0.5000000E+01  0.1000000E+01  0.3000000E-01
  0.4298648E+01  0.1314864E-01  0.2540000E+01  0.5000000E+01  0.1000000E+01  0.3000000E-01
  0.4298650E+01  0.1317047E-01  0.2535000E+01  0.5000000E+01  0.1000000E+01  0.3000000E-01
  0.4298651E+01  0.1319241E-01  0.2530000E+01  0.5000000E+01  0.1000000E+01  0.3000000E-01
  0.4298653E+01  0.1321443E-01  0.2525000E+01  0.5000000E+01  0.1000000E+01  0.3000000E-01
  0.4298655E+01  0.1323655E-01  0.2520000E+01  0.5000000E+01  0.1000000E+01  0.3000000E-01
  0.4298657E+01  0.1325877E-01  0.2515000E+01  0.5000000E+01  0.1000000E+01  0.3000000E-01
  0.4298658E+01  0.1328107E-01  0.2510000E+01  0.5000000E+01  0.1000000E+01  0.3000000E-01
  0.4298660E+01  0.1330348E-01  0.2505000E+01  0.5000000E+01  0.1000000E+01  0.3000000E-01
  0.4298662E+01  0.1332598E-01  0.2500000E+01  0.5000000E+01  0.1000000E+01  0.3000000E-01
  0.4298664E+01  0.1334858E-01  0.2495000E+01  0.5000000E+01  0.1000000E+01  0.3000000E-01
  0.4298665E+01  0.1337128E-01  0.2490000E+01  0.5000000E+01  0.1000000E+01  0.3000000E-01
  0.4298667E+01  0.1339407E-01  0.2485000E+01  0.5000000E+01  0.1000000E+01  0.3000000E-01
  0.4298669E+01  0.1341696E-01  0.2480000E+01  0.5000000E+01  0.1000000E+01  0.3000000E-01
  0.4298671E+01  0.1343995E-01  0.2475000E+01  0.5000000E+01  0.1000000E+01  0.3000000E-01
  0.4298673E+01  0.1346305E-01  0.2470000E+01  0.5000000E+01  0.1000000E+01  0.3000000E-01
  0.4298675E+01  0.1348624E-01  0.2465000E+01  0.5000000E+01  0.1000000E+01  0.3000000E-01
  0.4298677E+01  0.1350953E-01  0.2460000E+01  0.5000000E+01  0.1000000E+01  0.3000000E-01
  0.4298679E+01  0.1353293E-01  0.2455000E+01  0.5000000E+01  0.1000000E+01  0.3000000E-01
  0.4298681E+01  0.1355642E-01  0.2450000E+01  0.5000000E+01  0.1000000E+01  0.3000000E-01
  0.4298683E+01  0.1358003E-01  0.2445000E+01  0.5000000E+01  0.1000000E+01  0.3000000E-01
  0.4298684E+01  0.1360373E-01  0.2440000E+01  0.5000000E+01  0.1000000E+01  0.3000000E-01
  0.4298686E+01  0.1362754E-01  0.2435000E+01  0.5000000E+01  0.1000000E+01  0.3000000E-01
  0.4298688E+01  0.1365145E-01  0.2430000E+01  0.5000000E+01  0.1000000E+01  0.3000000E-01
  0.4298690E+01  0.1367547E-01  0.2425000E+01  0.5000000E+01  0.1000000E+01  0.3000000E-01
  0.4298693E+01  0.1369960E-01  0.2420000E+01  0.5000000E+01  0.1000000E+01  0.3000000E-01
  0.4298695E+01  0.1372383E-01  0.2415000E+01  0.5000000E+01  0.1000000E+01  0.3000000E-01
  0.4298697E+01  0.1374817E-01  0.2410000E+01  0.5000000E+01  0.1000000E+01  0.3000000E-01
  0.4298699E+01  0.1377262E-01  0.2405000E+01  0.5000000E+01  0.1000000E+01  0.3000000E-01
  0.4298701E+01  0.1379717E-01  0.2400000E+01  0.5000000E+01  0.1000000E+01  0.3000000E-01
  0.4298703E+01  0.1382184E-01  0.2395000E+01  0.5000000E+01  0.1000000E+01  0.3000000E-01
  0.4298705E+01  0.1384662E-01  0.2390000E+01  0.5000000E+01  0.1000000E+01  0.3000000E-01
  0.4298707E+01  0.1387151E-01  0.2385000E+01  0.5000000E+01  0.1000000E+01  0.3000000E-01
  0.4298709E+01  0.1389651E-01  0.2380000E+01  0.5000000E+01  0.1000000E+01  0.3000000E-01
  0.4298712E+01  0.1392162E-01  0.2375000E+01  0.5000000E+01  0.1000000E+01  0.3000000E-01
  0.4298714E+01  0.1394684E-01  0.2370000E+01  0.5000000E+01  0.1000000E+01  0.3000000E-01
  0.4298716E+01  0.1397218E-01  0.2365000E+01  0.5000000E+01  0.1000000E+01  0.3000000E-01
  0.4298718E+01  0.1399764E-01  0.2360000E+01  0.5000000E+01  0.1000000E+01  0.3000000E-01
  0.4298721E+01  0.1402321E-01  0.2355000E+01  0.5000000E+01  0.1000000E+01  0.3000000E-01
  0.4298723E+01  0.1404889E-01  0.2350000E+01  0.5000000E+01  0.1000000E+01  0.3000000E-01
  0.4298725E+01  0.1407469E-01  0.2345000E+01  0.5000000E+01  0.1000000E+01  0.3000000E-01
  0.4298727E+01  0.1410061E-01  0.2340000E+01  0.5000000E+01  0.1000000E+01  0.3000000E-01
  0.4298730E+01  0.1412665E-01  0.2335000E+01  0.5000000E+01  0.1000000E+01  0.3000000E-01
  0.4298732E+01  0.1415281E-01  0.2330000E+01  0.5000000E+01  0.1000000E+01  0.3000000E-01
  0.4298734E+01  0.1417909E-01  0.2325000E+01  0.5000000E+01  0.1000000E+01  0.3000000E-01
  0.4298737E+01  0.1420548E-01  0.2320000E+01  0.5000000E+01  0.1000000E+01  0.3000000E-01
  0.4298739E+01  0.1423200E-01  0.2315000E+01  0.5000000E+01  0.1000000E+01  0.3000000E-01
  0.4298742E+01  0.1425864E-01  0.2310000E+01  0.5000000E+01  0.1000000E+01  0.3000000E-01
  0.4298744E+01  0.1428541E-01  0.2305000E+01  0.5000000E+01  0.1000000E+01  0.3000000E-01
  0.4298747E+01  0.1431230E-01  0.2300000E+01  0.5000000E+01  0.1000000E+01  0.3000000E-01
  0.4298749E+01  0.1433931E-01  0.2295000E+01  0.5000000E+01  0.1000000E+01  0.3000000E-01
  0.4298752E+01  0.1436645E-01  0.2290000E+01  0.5000000E+01  0.1000000E+01  0.3000000E-01
  0.4298754E+01  0.1439371E-01  0.2285000E+01  0.5000000E+01  0.1000000E+01  0.3000000E-01
  0.4298757E+01  0.1442110E-01  0.2280000E+01  0.5000000E+01  0.1000000E+01  0.3000000E-01
  0.4298759E+01  0.1444862E-01  0.2275000E+01  0.5000000E+01  0.1000000E+01  0.3000000E-01
  0.4298762E+01  0.1447627E-01  0.2270000E+01  0.5000000E+01  0.1000000E+01  0.3000000E-01
  0.4298764E+01  0.1450405E-01  0.2265000E+01  0.5000000E+01  0.1000000E+01  0.3000000E-01
  0.4298767E+01  0.1453196E-01  0.2260000E+01  0.5000000E+01  0.1000000E+01  0.3000000E-01
  0.4298770E+01  0.1456000E-01  0.2255000E+01  0.5000000E+01  0.1000000E+01  0.3000000E-01
  0.4298772E+01  0.1458817E-01  0.2250000E+01  0.5000000E+01  0.1000000E+01  0.3000000E-01
  0.4298775E+01  0.1461647E-01  0.2245000E+01  0.5000000E+01  0.1000000E+01  0.3000000E-01
  0.4298778E+01  0.1464491E-01  0.2240000E+01  0.5000000E+01  0.1000000E+01  0.3000000E-01
  0.4298781E+01  0.1467349E-01  0.2235000E+01  0.5000000E+01  0.1000000E+01  0.3000000E-01
  0.4298783E+01  0.1470220E-01  0.2230000E+01  0.5000000E+01  0.1000000E+01  0.3000000E-01
  0.4298786E+01  0.1473104E-01  0.2225000E+01  0.5000000E+01  0.1000000E+01  0.3000000E-01
  0.4298789E+01  0.1476003E-01  0.2220000E+01  0.5000000E+01  0.1000000E+01  0.3000000E-01
  0.4298792E+01  0.1478915E-01  0.2215000E+01  0.5000000E+01  0.1000000E+01  0.3000000E-01
  0.4298795E+01  0.1481841E-01  0.2210000E+01  0.5000000E+01  0.1000000E+01  0.3000000E-01
  0.4298797E+01  0.1484781E-01  0.2205000E+01  0.5000000E+01  0.1000000E+01  0.3000000E-01
  0.4298800E+01  0.1487736E-01  0.2200000E+01  0.5000000E+01  0.1000000E+01  0.3000000E-01
  0.4298803E+01  0.1490705E-01  0.2195000E+01  0.5000000E+01  0.1000000E+01  0.3000000E-01
  0.4298806E+01  0.1493688E-01  0.2190000E+01  0.5000000E+01  0.1000000E+01  0.3000000E-01
  0.4298809E+01  0.1496685E-01  0.2185000E+01  0.5000000E+01  0.1000000E+01  0.3000000E-01
  0.4298812E+01  0.1499697E-01  0.2180000E+01  0.5000000E+01  0.1000000E+01  0.3000000E-01
  0.4298815E+01  0.1502724E-01  0.2175000E+01  0.5000000E+01  0.1000000E+01  0.3000000E-01
  0.4298818E+01  0.1505765E-01  0.2170000E+01  0.5000000E+01  0.1000000E+01  0.3000000E-01
  0.4298821E+01  0.1508821E-01  0.2165000E+01  0.5000000E+01  0.1000000E+01  0.3000000E-01
  0.4298824E+01  0.1511892E-01  0.2160000E+01  0.5000000E+01  0.1000000E+01  0.3000000E-01
  0.4298827E+01  0.1514979E-01  0.2155000E+01  0.5000000E+01  0.1000000E+01  0.3000000E-01
  0.4298830E+01  0.1518080E-01  0.2150000E+01  0.5000000E+01  0.1000000E+01  0.3000000E-01
  0.4298834E+01  0.1521197E-01  0.2145000E+01  0.5000000E+01  0.1000000E+01  0.3000000E-01
  0.4298837E+01  0.1524329E-01  0.2140000E+01  0.5000000E+01  0.1000000E+01  0.3000000E-01
  0.4298840E+01  0.1527476E-01  0.2135000E+01  0.5000000E+01  0.1000000E+01  0.3000000E-01
  0.4298843E+01  0.1530639E-01  0.2130000E+01  0.5000000E+01  0.1000000E+01  0.3000000E-01
  0.4298846E+01  0.1533818E-01  0.2125000E+01  0.5000000E+01  0.1000000E+01  0.3000000E-01
  0.4298850E+01  0.1537013E-01  0.2120000E+01  0.5000000E+01  0.1000000E+01  0.3000000E-01
  0.4298853E+01  0.1540223E-01  0.2115000E+01  0.5000000E+01  0.1000000E+01  0.3000000E-01
  0.4298856E+01  0.1543450E-01  0.2110000E+01  0.5000000E+01  0.1000000E+01  0.3000000E-01
  0.4298860E+01  0.1546692E-01  0.2105000E+01  0.5000000E+01  0.1000000E+01  0.3000000E-01
  0.4298863E+01  0.1549951E-01  0.2100000E+01  0.5000000E+01  0.1000000E+01  0.3000000E-01
  0.4298867E+01  0.1553227E-01  0.2095000E+01  0.5000000E+01  0.1000000E+01  0.3000000E-01
  0.4298870E+01  0.1556518E-01  0.2090000E+01  0.5000000E+01  0.1000000E+01  0.3000000E-01
  0.4298873E+01  0.1559827E-01  0.2085000E+01  0.5000000E+01  0.1000000E+01  0.3000000E-01
  0.4298877E+01  0.1563152E-01  0.2080000E+01  0.5000000E+01  0.1000000E+01  0.3000000E-01
  0.4298880E+01  0.1566494E-01  0.2075000E+01  0.5000000E+01  0.1000000E+01  0.3000000E-01
  0.4298884E+01  0.1569853E-01  0.2070000E+01  0.5000000E+01  0.1000000E+01  0.3000000E-01
  0.4298888E+01  0.1573229E-01  0.2065000E+01  0.5000000E+01  0.1000000E+01  0.3000000E-01
  0.4298891E+01  0.1576622E-01  0.2060000E+01  0.5000000E+01  0.1000000E+01  0.3000000E-01
  0.4298895E+01  0.1580033E-01  0.2055000E+01  0.5000000E+01  0.1000000E+01  0.3000000E-01
  0.4298898E+01  0.1583461E-01  0.2050000E+01  0.5000000E+01  0.1000000E+01  0.3000000E-01
  0.4298902E+01  0.1586907E-01  0.2045000E+01  0.5000000E+01  0.1000000E+01  0.3000000E-01
  0.4298906E+01  0.1590370E-01  0.2040000E+01  0.5000000E+01  0.1000000E+01  0.3000000E-01
  0.4298910E+01  0.1593852E-01  0.2035000E+01  0.5000000E+01  0.1000000E+01  0.3000000E-01
  0.4298913E+01  0.1597351E-01  0.2030000E+01  0.5000000E+01  0.1000000E+01  0.3000000E-01
  0.4298917E+01  0.1600868E-01  0.2025000E+01  0.5000000E+01  0.1000000E+01  0.3000000E-01
  0.4298921E+01  0.1604404E-01  0.2020000E+01  0.5000000E+01  0.1000000E+01  0.3000000E-01
  0.4298925E+01  0.1607958E-01  0.2015000E+01  0.5000000E+01  0.1000000E+01  0.3000000E-01
  0.4298929E+01  0.1611531E-01  0.2010000E+01  0.5000000E+01  0.1000000E+01  0.3000000E-01
  0.4298933E+01  0.1615122E-01  0.2005000E+01  0.5000000E+01  0.1000000E+01  0.3000000E-01
  0.4298937E+01  0.1618733E-01  0.2000000E+01  0.5000000E+01  0.1000000E+01  0.3000000E-01
  0.4298941E+01  0.1622362E-01  0.1995000E+01  0.5000000E+01  0.1000000E+01  0.3000000E-01
  0.4298945E+01  0.1626010E-01  0.1990000E+01  0.5000000E+01  0.1000000E+01  0.3000000E-01
  0.4298949E+01  0.1629677E-01  0.1985000E+01  0.5000000E+01  0.1000000E+01  0.3000000E-01
  0.4298953E+01  0.1633364E-01  0.1980000E+01  0.5000000E+01  0.1000000E+01  0.3000000E-01
  0.4298957E+01  0.1637071E-01  0.1975000E+01  0.5000000E+01  0.1000000E+01  0.3000000E-01
  0.4298961E+01  0.1640797E-01  0.1970000E+01  0.5000000E+01  0.1000000E+01  0.3000000E-01
  0.4298966E+01  0.1644543E-01  0.1965000E+01  0.5000000E+01  0.1000000E+01  0.3000000E-01
  0.4298970E+01  0.1648309E-01  0.1960000E+01  0.5000000E+01  0.1000000E+01  0.3000000E-01
  0.4298974E+01  0.1652095E-01  0.1955000E+01  0.5000000E+01  0.1000000E+01  0.3000000E-01
  0.4298978E+01  0.1655901E-01  0.1950000E+01  0.5000000E+01  0.1000000E+01  0.3000000E-01
  0.4298983E+01  0.1659728E-01  0.1945000E+01  0.5000000E+01  0.1000000E+01  0.3000000E-01
  0.4298987E+01  0.1663575E-01  0.1940000E+01  0.5000000E+01  0.1000000E+01  0.3000000E-01
  0.4298992E+01  0.1667443E-01  0.1935000E+01  0.5000000E+01  0.1000000E+01  0.3000000E-01
  0.4298996E+01  0.1671332E-01  0.1930000E+01  0.5000000E+01  0.1000000E+01  0.3000000E-01
  0.4299001E+01  0.1675243E-01  0.1925000E+01  0.5000000E+01  0.1000000E+01  0.3000000E-01
  0.4299005E+01  0.1679174E-01  0.1920000E+01  0.5000000E+01  0.1000000E+01  0.3000000E-01
  0.4299010E+01  0.1683127E-01  0.1915000E+01  0.5000000E+01  0.1000000E+01  0.3000000E-01
  0.4299014E+01  0.1687101E-01  0.1910000E+01  0.5000000E+01  0.1000000E+01  0.3000000E-01
  0.4299019E+01  0.1691098E-01  0.1905000E+01  0.5000000E+01  0.1000000E+01  0.3000000E-01
  0.4299024E+01  0.1695116E-01  0.1900000E+01  0.5000000E+01  0.1000000E+01  0.3000000E-01
  0.4299028E+01  0.1699156E-01  0.1895000E+01  0.5000000E+01  0.1000000E+01  0.3000000E-01
  0.4299033E+01  0.1703218E-01  0.1890000E+01  0.5000000E+01  0.1000000E+01  0.3000000E-01
  0.4299038E+01  0.1707303E-01  0.1885000E+01  0.5000000E+01  0.1000000E+01  0.3000000E-01
  0.4299043E+01  0.1711411E-01  0.1880000E+01  0.5000000E+01  0.1000000E+01  0.3000000E-01
  0.4299048E+01  0.1715541E-01  0.1875000E+01  0.5000000E+01  0.1000000E+01  0.3000000E-01
  0.4299053E+01  0.1719695E-01  0.1870000E+01  0.5000000E+01  0.1000000E+01  0.3000000E-01
  0.4299057E+01  0.1723872E-01  0.1865000E+01  0.5000000E+01  0.1000000E+01  0.3000000E-01
  0.4299062E+01  0.1728071E-01  0.1860000E+01  0.5000000E+01  0.1000000E+01  0.3000000E-01
  0.4299068E+01  0.1732295E-01  0.1855000E+01  0.5000000E+01  0.1000000E+01  0.3000000E-01
  0.4299073E+01  0.1736542E-01  0.1850000E+01  0.5000000E+01  0.1000000E+01  0.3000000E-01
  0.4299078E+01  0.1740814E-01  0.1845000E+01  0.5000000E+01  0.1000000E+01  0.3000000E-01
  0.4299083E+01  0.1745109E-01  0.1840000E+01  0.5000000E+01  0.1000000E+01  0.3000000E-01
  0.4299088E+01  0.1749429E-01  0.1835000E+01  0.5000000E+01  0.1000000E+01  0.3000000E-01
  0.4299093E+01  0.1753773E-01  0.1830000E+01  0.5000000E+01  0.1000000E+01  0.3000000E-01
  0.4299099E+01  0.1758142E-01  0.1825000E+01  0.5000000E+01  0.1000000E+01  0.3000000E-01
  0.4299104E+01  0.1762536E-01  0.1820000E+01  0.5000000E+01  0.1000000E+01  0.3000000E-01
  0.4299110E+01  0.1766955E-01  0.1815000E+01  0.5000000E+01  0.1000000E+01  0.3000000E-01
  0.4299115E+01  0.1771399E-01  0.1810000E+01  0.5000000E+01  0.1000000E+01  0.3000000E-01
  0.4299120E+01  0.1775869E-01  0.1805000E+01  0.5000000E+01  0.1000000E+01  0.3000000E-01
  0.4299126E+01  0.1780365E-01  0.1800000E+01  0.5000000E+01  0.1000000E+01  0.3000000E-01
  0.4299132E+01  0.1784886E-01  0.1795000E+01  0.5000000E+01  0.1000000E+01  0.3000000E-01
  0.4299137E+01  0.1789434E-01  0.1790000E+01  0.5000000E+01  0.1000000E+01  0.3000000E-01
  0.4299143E+01  0.1794008E-01  0.1785000E+01  0.5000000E+01  0.1000000E+01  0.3000000E-01
  0.4299149E+01  0.1798609E-01  0.1780000E+01  0.5000000E+01  0.1000000E+01  0.3000000E-01
  0.4299154E+01  0.1803237E-01  0.1775000E+01  0.5000000E+01  0.1000000E+01  0.3000000E-01
  0.4299160E+01  0.1807892E-01  0.1770000E+01  0.5000000E+01  0.1000000E+01  0.3000000E-01
  0.4299166E+01  0.1812574E-01  0.1765000E+01  0.5000000E+01  0.1000000E+01  0.3000000E-01
  0.4299172E+01  0.1817284E-01  0.1760000E+01  0.5000000E+01  0.1000000E+01  0.3000000E-01
  0.4299178E+01  0.1822021E-01  0.1755000E+01  0.5000000E+01  0.1000000E+01  0.3000000E-01
  0.4299184E+01  0.1826787E-01  0.1750000E+01  0.5000000E+01  0.1000000E+01  0.3000000E-01
  0.4299190E+01  0.1831581E-01  0.1745000E+01  0.5000000E+01  0.1000000E+01  0.3000000E-01
  0.4299196E+01  0.1836403E-01  0.1740000E+01  0.5000000E+01  0.1000000E+01  0.3000000E-01
  0.4299203E+01  0.1841254E-01  0.1735000E+01  0.5000000E+01  0.1000000E+01  0.3000000E-01
  0.4299209E+01  0.1846134E-01  0.1730000E+01  0.5000000E+01  0.1000000E+01  0.3000000E-01
  0.4299215E+01  0.1851043E-01  0.1725000E+01  0.5000000E+01  0.1000000E+01  0.3000000E-01
  0.4299222E+01  0.1855982E-01  0.1720000E+01  0.5000000E+01  0.1000000E+01  0.3000000E-01
  0.4299228E+01  0.1860951E-01  0.1715000E+01  0.5000000E+01  0.1000000E+01  0.3000000E-01
  0.4299234E+01  0.1865949E-01  0.1710000E+01  0.5000000E+01  0.1000000E+01  0.3000000E-01
  0.4299241E+01  0.1870978E-01  0.1705000E+01  0.5000000E+01  0.1000000E+01  0.3000000E-01
  0.4299248E+01  0.1876038E-01  0.1700000E+01  0.5000000E+01  0.1000000E+01  0.3000000E-01
  0.4299254E+01  0.1881128E-01  0.1695000E+01  0.5000000E+01  0.1000000E+01  0.3000000E-01
  0.4299261E+01  0.1886249E-01  0.1690000E+01  0.5000000E+01  0.1000000E+01  0.3000000E-01
  0.4299268E+01  0.1891402E-01  0.1685000E+01  0.5000000E+01  0.1000000E+01  0.3000000E-01
  0.4299275E+01  0.1896586E-01  0.1680000E+01  0.5000000E+01  0.1000000E+01  0.3000000E-01
  0.4299282E+01  0.1901803E-01  0.1675000E+01  0.5000000E+01  0.1000000E+01  0.3000000E-01
  0.4299288E+01  0.1907051E-01  0.1670000E+01  0.5000000E+01  0.1000000E+01  0.3000000E-01
  0.4299295E+01  0.1912332E-01  0.1665000E+01  0.5000000E+01  0.1000000E+01  0.3000000E-01
  0.4299303E+01  0.1917646E-01  0.1660000E+01  0.5000000E+01  0.1000000E+01  0.3000000E-01
  0.4299310E+01  0.1922993E-01  0.1655000E+01  0.5000000E+01  0.1000000E+01  0.3000000E-01
  0.4299317E+01  0.1928373E-01  0.1650000E+01  0.5000000E+01  0.1000000E+01  0.3000000E-01
  0.4299324E+01  0.1933787E-01  0.1645000E+01  0.5000000E+01  0.1000000E+01  0.3000000E-01
  0.4299332E+01  0.1939235E-01  0.1640000E+01  0.5000000E+01  0.1000000E+01  0.3000000E-01
  0.4299339E+01  0.1944717E-01  0.1635000E+01  0.5000000E+01  0.1000000E+01  0.3000000E-01
  0.4299347E+01  0.1950234E-01  0.1630000E+01  0.5000000E+01  0.1000000E+01  0.3000000E-01
  0.4299354E+01  0.1955786E-01  0.1625000E+01  0.5000000E+01  0.1000000E+01  0.3000000E-01
  0.4299362E+01  0.1961373E-01  0.1620000E+01  0.5000000E+01  0.1000000E+01  0.3000000E-01
  0.4299369E+01  0.1966995E-01  0.1615000E+01  0.5000000E+01  0.1000000E+01  0.3000000E-01
  0.4299377E+01  0.1972654E-01  0.1610000E+01  0.5000000E+01  0.1000000E+01  0.3000000E-01
  0.4299385E+01  0.1978348E-01  0.1605000E+01  0.5000000E+01  0.1000000E+01  0.3000000E-01
  0.4299393E+01  0.1984080E-01  0.1600000E+01  0.5000000E+01  0.1000000E+01  0.3000000E-01
  0.4299401E+01  0.1989848E-01  0.1595000E+01  0.5000000E+01  0.1000000E+01  0.3000000E-01
  0.4299409E+01  0.1995653E-01  0.1590000E+01  0.5000000E+01  0.1000000E+01  0.3000000E-01
  0.4299417E+01  0.2001497E-01  0.1585000E+01  0.5000000E+01  0.1000000E+01  0.3000000E-01
  0.4299425E+01  0.2007378E-01  0.1580000E+01  0.5000000E+01  0.1000000E+01  0.3000000E-01
  0.4299434E+01  0.2013297E-01  0.1575000E+01  0.5000000E+01  0.1000000E+01  0.3000000E-01
  0.4299442E+01  0.2019255E-01  0.1570000E+01  0.5000000E+01  0.1000000E+01  0.3000000E-01
  0.4299450E+01  0.2025252E-01  0.1565000E+01  0.5000000E+01  0.1000000E+01  0.3000000E-01
  0.4299459E+01  0.2031289E-01  0.1560000E+01  0.5000000E+01  0.1000000E+01  0.3000000E-01
  0.4299468E+01  0.2037366E-01  0.1555000E+01  0.5000000E+01  0.1000000E+01  0.3000000E-01
  0.4299476E+01  0.2043482E-01  0.1550000E+01  0.5000000E+01  0.1000000E+01  0.3000000E-01
  0.4299485E+01  0.2049639E-01  0.1545000E+01  0.5000000E+01  0.1000000E+01  0.3000000E-01
  0.4299494E+01  0.2055838E-01  0.1540000E+01  0.5000000E+01  0.1000000E+01  0.3000000E-01
  0.4299503E+01  0.2062077E-01  0.1535000E+01  0.5000000E+01  0.1000000E+01  0.3000000E-01
  0.4299512E+01  0.2068359E-01  0.1530000E+01  0.5000000E+01  0.1000000E+01  0.3000000E-01
  0.4299521E+01  0.2074682E-01  0.1525000E+01  0.5000000E+01  0.1000000E+01  0.3000000E-01
  0.4299530E+01  0.2081048E-01  0.1520000E+01  0.5000000E+01  0.1000000E+01  0.3000000E-01
  0.4299540E+01  0.2087457E-01  0.1515000E+01  0.5000000E+01  0.1000000E+01  0.3000000E-01
  0.4299549E+01  0.2093910E-01  0.1510000E+01  0.5000000E+01  0.1000000E+01  0.3000000E-01
  0.4299559E+01  0.2100406E-01  0.1505000E+01  0.5000000E+01  0.1000000E+01  0.3000000E-01
  0.4299568E+01  0.2106947E-01  0.1500000E+01  0.5000000E+01  0.1000000E+01  0.3000000E-01
  0.4299578E+01  0.2113533E-01  0.1495000E+01  0.5000000E+01  0.1000000E+01  0.3000000E-01
  0.4299588E+01  0.2120163E-01  0.1490000E+01  0.5000000E+01  0.1000000E+01  0.3000000E-01
  0.4299597E+01  0.2126840E-01  0.1485000E+01  0.5000000E+01  0.1000000E+01  0.3000000E-01
  0.4299607E+01  0.2133562E-01  0.1480000E+01  0.5000000E+01  0.1000000E+01  0.3000000E-01
  0.4299617E+01  0.2140331E-01  0.1475000E+01  0.5000000E+01  0.1000000E+01  0.3000000E-01
  0.4299628E+01  0.2147147E-01  0.1470000E+01  0.5000000E+01  0.1000000E+01  0.3000000E-01
  0.4299638E+01  0.2154011E-01  0.1465000E+01  0.5000000E+01  0.1000000E+01  0.3000000E-01
  0.4299648E+01  0.2160922E-01  0.1460000E+01  0.5000000E+01  0.1000000E+01  0.3000000E-01
  0.4299659E+01  0.2167882E-01  0.1455000E+01  0.5000000E+01  0.1000000E+01  0.3000000E-01
  0.4299669E+01  0.2174891E-01  0.1450000E+01  0.5000000E+01  0.1000000E+01  0.3000000E-01
  0.4299680E+01  0.2181950E-01  0.1445000E+01  0.5000000E+01  0.1000000E+01  0.3000000E-01
  0.4299691E+01  0.2189058E-01  0.1440000E+01  0.5000000E+01  0.1000000E+01  0.3000000E-01
  0.4299702E+01  0.2196218E-01  0.1435000E+01  0.5000000E+01  0.1000000E+01  0.3000000E-01
  0.4299713E+01  0.2203428E-01  0.1430000E+01  0.5000000E+01  0.1000000E+01  0.3000000E-01
  0.4299724E+01  0.2210689E-01  0.1425000E+01  0.5000000E+01  0.1000000E+01  0.3000000E-01
  0.4299735E+01  0.2218003E-01  0.1420000E+01  0.5000000E+01  0.1000000E+01  0.3000000E-01
  0.4299747E+01  0.2225370E-01  0.1415000E+01  0.5000000E+01  0.1000000E+01  0.3000000E-01
  0.4299758E+01  0.2232789E-01  0.1410000E+01  0.5000000E+01  0.1000000E+01  0.3000000E-01
  0.4299770E+01  0.2240263E-01  0.1405000E+01  0.5000000E+01  0.1000000E+01  0.3000000E-01
  0.4299781E+01  0.2247790E-01  0.1400000E+01  0.5000000E+01  0.1000000E+01  0.3000000E-01
  0.4299793E+01  0.2255373E-01  0.1395000E+01  0.5000000E+01  0.1000000E+01  0.3000000E-01
  0.4299805E+01  0.2263011E-01  0.1390000E+01  0.5000000E+01  0.1000000E+01  0.3000000E-01
  0.4299817E+01  0.2270706E-01  0.1385000E+01  0.5000000E+01  0.1000000E+01  0.3000000E-01
  0.4299830E+01  0.2278457E-01  0.1380000E+01  0.5000000E+01  0.1000000E+01  0.3000000E-01
  0.4299842E+01  0.2286265E-01  0.1375000E+01  0.5000000E+01  0.1000000E+01  0.3000000E-01
  0.4299854E+01  0.2294131E-01  0.1370000E+01  0.5000000E+01  0.1000000E+01  0.3000000E-01
  0.4299867E+01  0.2302056E-01  0.1365000E+01  0.5000000E+01  0.1000000E+01  0.3000000E-01
  0.4299880E+01  0.2310041E-01  0.1360000E+01  0.5000000E+01  0.1000000E+01  0.3000000E-01
  0.4299893E+01  0.2318084E-01  0.1355000E+01  0.5000000E+01  0.1000000E+01  0.3000000E-01
  0.4299906E+01  0.2326189E-01  0.1350000E+01  0.5000000E+01  0.1000000E+01  0.3000000E-01
  0.4299919E+01  0.2334355E-01  0.1345000E+01  0.5000000E+01  0.1000000E+01  0.3000000E-01
  0.4299932E+01  0.2342582E-01  0.1340000E+01  0.5000000E+01  0.1000000E+01  0.3000000E-01
  0.4299946E+01  0.2350872E-01  0.1335000E+01  0.5000000E+01  0.1000000E+01  0.3000000E-01
  0.4299959E+01  0.2359226E-01  0.1330000E+01  0.5000000E+01  0.1000000E+01  0.3000000E-01
  0.4299973E+01  0.2367643E-01  0.1325000E+01  0.5000000E+01  0.1000000E+01  0.3000000E-01
  0.4299987E+01  0.2376125E-01  0.1320000E+01  0.5000000E+01  0.1000000E+01  0.3000000E-01
  0.4300001E+01  0.2384673E-01  0.1315000E+01  0.5000000E+01  0.1000000E+01  0.3000000E-01
  0.4300015E+01  0.2393286E-01  0.1310000E+01  0.5000000E+01  0.1000000E+01  0.3000000E-01
  0.4300030E+01  0.2401967E-01  0.1305000E+01  0.5000000E+01  0.1000000E+01  0.3000000E-01
  0.4300044E+01  0.2410715E-01  0.1300000E+01  0.5000000E+01  0.1000000E+01  0.3000000E-01
  0.4300059E+01  0.2419531E-01  0.1295000E+01  0.5000000E+01  0.1000000E+01  0.3000000E-01
  0.4300074E+01  0.2428417E-01  0.1290000E+01  0.5000000E+01  0.1000000E+01  0.3000000E-01
  0.4300089E+01  0.2437373E-01  0.1285000E+01  0.5000000E+01  0.1000000E+01  0.3000000E-01
  0.4300104E+01  0.2446400E-01  0.1280000E+01  0.5000000E+01  0.1000000E+01  0.3000000E-01
  0.4300119E+01  0.2455498E-01  0.1275000E+01  0.5000000E+01  0.1000000E+01  0.3000000E-01
  0.4300135E+01  0.2464669E-01  0.1270000E+01  0.5000000E+01  0.1000000E+01  0.3000000E-01
  0.4300151E+01  0.2473913E-01  0.1265000E+01  0.5000000E+01  0.1000000E+01  0.3000000E-01
  0.4300167E+01  0.2483231E-01  0.1260000E+01  0.5000000E+01  0.1000000E+01  0.3000000E-01
  0.4300183E+01  0.2492625E-01  0.1255000E+01  0.5000000E+01  0.1000000E+01  0.3000000E-01
  0.4300199E+01  0.2502094E-01  0.1250000E+01  0.5000000E+01  0.1000000E+01  0.3000000E-01
  0.4300216E+01  0.2511640E-01  0.1245000E+01  0.5000000E+01  0.1000000E+01  0.3000000E-01
  0.4300232E+01  0.2521264E-01  0.1240000E+01  0.5000000E+01  0.1000000E+01  0.3000000E-01
  0.4300249E+01  0.2530967E-01  0.1235000E+01  0.5000000E+01  0.1000000E+01  0.3000000E-01
  0.4300266E+01  0.2540749E-01  0.1230000E+01  0.5000000E+01  0.1000000E+01  0.3000000E-01
  0.4300284E+01  0.2550612E-01  0.1225000E+01  0.5000000E+01  0.1000000E+01  0.3000000E-01
  0.4300301E+01  0.2560557E-01  0.1220000E+01  0.5000000E+01  0.1000000E+01  0.3000000E-01
  0.4300319E+01  0.2570584E-01  0.1215000E+01  0.5000000E+01  0.1000000E+01  0.3000000E-01
  0.4300337E+01  0.2580695E-01  0.1210000E+01  0.5000000E+01  0.1000000E+01  0.3000000E-01
  0.4300355E+01  0.2590891E-01  0.1205000E+01  0.5000000E+01  0.1000000E+01  0.3000000E-01
  0.4300373E+01  0.2601172E-01  0.1200000E+01  0.5000000E+01  0.1000000E+01  0.3000000E-01
  0.4300392E+01  0.2611540E-01  0.1195000E+01  0.5000000E+01  0.1000000E+01  0.3000000E-01
  0.4300410E+01  0.2621995E-01  0.1190000E+01  0.5000000E+01  0.1000000E+01  0.3000000E-01
  0.4300429E+01  0.2632540E-01  0.1185000E+01  0.5000000E+01  0.1000000E+01  0.3000000E-01
  0.4300449E+01  0.2643175E-01  0.1180000E+01  0.5000000E+01  0.1000000E+01  0.3000000E-01
  0.4300468E+01  0.2653900E-01  0.1175000E+01  0.5000000E+01  0.1000000E+01  0.3000000E-01
  0.4300488E+01  0.2664718E-01  0.1170000E+01  0.5000000E+01  0.1000000E+01  0.3000000E-01
  0.4300508E+01  0.2675630E-01  0.1165000E+01  0.5000000E+01  0.1000000E+01  0.3000000E-01
  0.4300528E+01  0.2686636E-01  0.1160000E+01  0.5000000E+01  0.1000000E+01  0.3000000E-01
  0.4300549E+01  0.2697738E-01  0.1155000E+01  0.5000000E+01  0.1000000E+01  0.3000000E-01
  0.4300569E+01  0.2708937E-01  0.1150000E+01  0.5000000E+01  0.1000000E+01  0.3000000E-01
  0.4300590E+01  0.2720235E-01  0.1145000E+01  0.5000000E+01  0.1000000E+01  0.3000000E-01
  0.4300612E+01  0.2731632E-01  0.1140000E+01  0.5000000E+01  0.1000000E+01  0.3000000E-01
  0.4300633E+01  0.2743130E-01  0.1135000E+01  0.5000000E+01  0.1000000E+01  0.3000000E-01
  0.4300655E+01  0.2754731E-01  0.1130000E+01  0.5000000E+01  0.1000000E+01  0.3000000E-01
  0.4300677E+01  0.2766434E-01  0.1125000E+01  0.5000000E+01  0.1000000E+01  0.3000000E-01
  0.4300699E+01  0.2778243E-01  0.1120000E+01  0.5000000E+01  0.1000000E+01  0.3000000E-01
  0.4300722E+01  0.2790158E-01  0.1115000E+01  0.5000000E+01  0.1000000E+01  0.3000000E-01
  0.4300745E+01  0.2802181E-01  0.1110000E+01  0.5000000E+01  0.1000000E+01  0.3000000E-01
  0.4300768E+01  0.2814314E-01  0.1105000E+01  0.5000000E+01  0.1000000E+01  0.3000000E-01
  0.4300792E+01  0.2826556E-01  0.1100000E+01  0.5000000E+01  0.1000000E+01  0.3000000E-01
  0.4300816E+01  0.2838911E-01  0.1095000E+01  0.5000000E+01  0.1000000E+01  0.3000000E-01
  0.4300840E+01  0.2851380E-01  0.1090000E+01  0.5000000E+01  0.1000000E+01  0.3000000E-01
  0.4300864E+01  0.2863963E-01  0.1085000E+01  0.5000000E+01  0.1000000E+01  0.3000000E-01
  0.4300889E+01  0.2876664E-01  0.1080000E+01  0.5000000E+01  0.1000000E+01  0.3000000E-01
  0.4300914E+01  0.2889483E-01  0.1075000E+01  0.5000000E+01  0.1000000E+01  0.3000000E-01
  0.4300940E+01  0.2902422E-01  0.1070000E+01  0.5000000E+01  0.1000000E+01  0.3000000E-01
  0.4300966E+01  0.2915482E-01  0.1065000E+01  0.5000000E+01  0.1000000E+01  0.3000000E-01
  0.4300992E+01  0.2928666E-01  0.1060000E+01  0.5000000E+01  0.1000000E+01  0.3000000E-01
  0.4301019E+01  0.2941975E-01  0.1055000E+01  0.5000000E+01  0.1000000E+01  0.3000000E-01
  0.4301046E+01  0.2955411E-01  0.1050000E+01  0.5000000E+01  0.1000000E+01  0.3000000E-01
  0.4301073E+01  0.2968975E-01  0.1045000E+01  0.5000000E+01  0.1000000E+01  0.3000000E-01
  0.4301101E+01  0.2982670E-01  0.1040000E+01  0.5000000E+01  0.1000000E+01  0.3000000E-01
  0.4301129E+01  0.2996497E-01  0.1035000E+01  0.5000000E+01  0.1000000E+01  0.3000000E-01
  0.4301157E+01  0.3010458E-01  0.1030000E+01  0.5000000E+01  0.1000000E+01  0.3000000E-01
  0.4301186E+01  0.3024555E-01  0.1025000E+01  0.5000000E+01  0.1000000E+01  0.3000000E-01
  0.4301215E+01  0.3038790E-01  0.1020000E+01  0.5000000E+01  0.1000000E+01  0.3000000E-01
  0.4301245E+01  0.3053165E-01  0.1015000E+01  0.5000000E+01  0.1000000E+01  0.3000000E-01
  0.4301275E+01  0.3067683E-01  0.1010000E+01  0.5000000E+01  0.1000000E+01  0.3000000E-01
  0.4301306E+01  0.3082344E-01  0.1005000E+01  0.5000000E+01  0.1000000E+01  0.3000000E-01
  0.4301337E+01  0.3097152E-01  0.1000000E+01  0.5000000E+01  0.1000000E+01  0.3000000E-01
  0.4301368E+01  0.3112108E-01  0.9950000E+00  0.5000000E+01  0.1000000E+01  0.3000000E-01
  0.4301400E+01  0.3127215E-01  0.9900000E+00  0.5000000E+01  0.1000000E+01  0.3000000E-01
  0.4301433E+01  0.3142474E-01  0.9850000E+00  0.5000000E+01  0.1000000E+01  0.3000000E-01
  0.4301466E+01  0.3157889E-01  0.9800000E+00  0.5000000E+01  0.1000000E+01  0.3000000E-01
  0.4301499E+01  0.3173461E-01  0.9750000E+00  0.5000000E+01  0.1000000E+01  0.3000000E-01
  0.4301533E+01  0.3189193E-01  0.9700000E+00  0.5000000E+01  0.1000000E+01  0.3000000E-01
  0.4301567E+01  0.3205087E-01  0.9650000E+00  0.5000000E+01  0.1000000E+01  0.3000000E-01
  0.4301602E+01  0.3221146E-01  0.9600000E+00  0.5000000E+01  0.1000000E+01  0.3000000E-01
  0.4301638E+01  0.3237373E-01  0.9550000E+00  0.5000000E+01  0.1000000E+01  0.3000000E-01
  0.4301674E+01  0.3253769E-01  0.9500000E+00  0.5000000E+01  0.1000000E+01  0.3000000E-01
  0.4301710E+01  0.3270337E-01  0.9450000E+00  0.5000000E+01  0.1000000E+01  0.3000000E-01
  0.4301747E+01  0.3287081E-01  0.9400000E+00  0.5000000E+01  0.1000000E+01  0.3000000E-01
  0.4301785E+01  0.3304003E-01  0.9350000E+00  0.5000000E+01  0.1000000E+01  0.3000000E-01
  0.4301823E+01  0.3321105E-01  0.9300000E+00  0.5000000E+01  0.1000000E+01  0.3000000E-01
  0.4301862E+01  0.3338391E-01  0.9250000E+00  0.5000000E+01  0.1000000E+01  0.3000000E-01
  0.4301901E+01  0.3355863E-01  0.9200000E+00  0.5000000E+01  0.1000000E+01  0.3000000E-01
  0.4301941E+01  0.3373525E-01  0.9150000E+00  0.5000000E+01  0.1000000E+01  0.3000000E-01
  0.4301982E+01  0.3391380E-01  0.9100000E+00  0.5000000E+01  0.1000000E+01  0.3000000E-01
  0.4302024E+01  0.3409429E-01  0.9050000E+00  0.5000000E+01  0.1000000E+01  0.3000000E-01
  0.4302066E+01  0.3427678E-01  0.9000000E+00  0.5000000E+01  0.1000000E+01  0.3000000E-01
  0.4302108E+01  0.3446129E-01  0.8950000E+00  0.5000000E+01  0.1000000E+01  0.3000000E-01
  0.4302152E+01  0.3464785E-01  0.8900000E+00  0.5000000E+01  0.1000000E+01  0.3000000E-01
  0.4302196E+01  0.3483649E-01  0.8850000E+00  0.5000000E+01  0.1000000E+01  0.3000000E-01
  0.4302241E+01  0.3502726E-01  0.8800000E+00  0.5000000E+01  0.1000000E+01  0.3000000E-01
  0.4302286E+01  0.3522018E-01  0.8750000E+00  0.5000000E+01  0.1000000E+01  0.3000000E-01
  0.4302333E+01  0.3541530E-01  0.8700000E+00  0.5000000E+01  0.1000000E+01  0.3000000E-01
  0.4302380E+01  0.3561264E-01  0.8650000E+00  0.5000000E+01  0.1000000E+01  0.3000000E-01
  0.4302428E+01  0.3581225E-01  0.8600000E+00  0.5000000E+01  0.1000000E+01  0.3000000E-01
  0.4302477E+01  0.3601417E-01  0.8550000E+00  0.5000000E+01  0.1000000E+01  0.3000000E-01
  0.4302526E+01  0.3621843E-01  0.8500000E+00  0.5000000E+01  0.1000000E+01  0.3000000E-01
  0.4302577E+01  0.3642508E-01  0.8450000E+00  0.5000000E+01  0.1000000E+01  0.3000000E-01
  0.4302628E+01  0.3663416E-01  0.8400000E+00  0.5000000E+01  0.1000000E+01  0.3000000E-01
  0.4302680E+01  0.3684570E-01  0.8350000E+00  0.5000000E+01  0.1000000E+01  0.3000000E-01
  0.4302734E+01  0.3705976E-01  0.8300000E+00  0.5000000E+01  0.1000000E+01  0.3000000E-01
  0.4302788E+01  0.3727637E-01  0.8250000E+00  0.5000000E+01  0.1000000E+01  0.3000000E-01
  0.4302843E+01  0.3749558E-01  0.8200000E+00  0.5000000E+01  0.1000000E+01  0.3000000E-01
  0.4302899E+01  0.3771744E-01  0.8150000E+00  0.5000000E+01  0.1000000E+01  0.3000000E-01
  0.4302956E+01  0.3794199E-01  0.8100000E+00  0.5000000E+01  0.1000000E+01  0.3000000E-01
  0.4303014E+01  0.3816929E-01  0.8050000E+00  0.5000000E+01  0.1000000E+01  0.3000000E-01
  0.4303073E+01  0.3839938E-01  0.8000000E+00  0.5000000E+01  0.1000000E+01  0.3000000E-01
  0.4303133E+01  0.3863231E-01  0.7950000E+00  0.5000000E+01  0.1000000E+01  0.3000000E-01
  0.4303195E+01  0.3886814E-01  0.7900000E+00  0.5000000E+01  0.1000000E+01  0.3000000E-01
  0.4303257E+01  0.3910691E-01  0.7850000E+00  0.5000000E+01  0.1000000E+01  0.3000000E-01
  0.4303321E+01  0.3934869E-01  0.7800000E+00  0.5000000E+01  0.1000000E+01  0.3000000E-01
  0.4303385E+01  0.3959352E-01  0.7750000E+00  0.5000000E+01  0.1000000E+01  0.3000000E-01
  0.4303452E+01  0.3984148E-01  0.7700000E+00  0.5000000E+01  0.1000000E+01  0.3000000E-01
  0.4303519E+01  0.4009260E-01  0.7650000E+00  0.5000000E+01  0.1000000E+01  0.3000000E-01
  0.4303588E+01  0.4034696E-01  0.7600000E+00  0.5000000E+01  0.1000000E+01  0.3000000E-01
  0.4303657E+01  0.4060462E-01  0.7550000E+00  0.5000000E+01  0.1000000E+01  0.3000000E-01
  0.4303729E+01  0.4086564E-01  0.7500000E+00  0.5000000E+01  0.1000000E+01  0.3000000E-01
  0.4303802E+01  0.4113007E-01  0.7450000E+00  0.5000000E+01  0.1000000E+01  0.3000000E-01
  0.4303876E+01  0.4139800E-01  0.7400000E+00  0.5000000E+01  0.1000000E+01  0.3000000E-01
  0.4303951E+01  0.4166949E-01  0.7350000E+00  0.5000000E+01  0.1000000E+01  0.3000000E-01
  0.4304029E+01  0.4194460E-01  0.7300000E+00  0.5000000E+01  0.1000000E+01  0.3000000E-01
  0.4304107E+01  0.4222342E-01  0.7250000E+00  0.5000000E+01  0.1000000E+01  0.3000000E-01
  0.4304188E+01  0.4250600E-01  0.7200000E+00  0.5000000E+01  0.1000000E+01  0.3000000E-01
  0.4304270E+01  0.4279243E-01  0.7150000E+00  0.5000000E+01  0.1000000E+01  0.3000000E-01
  0.4304353E+01  0.4308279E-01  0.7100000E+00  0.5000000E+01  0.1000000E+01  0.3000000E-01
  0.4304439E+01  0.4337715E-01  0.7050000E+00  0.5000000E+01  0.1000000E+01  0.3000000E-01
  0.4304526E+01  0.4367560E-01  0.7000000E+00  0.5000000E+01  0.1000000E+01  0.3000000E-01
  0.4304615E+01  0.4397822E-01  0.6950000E+00  0.5000000E+01  0.1000000E+01  0.3000000E-01
  0.4304706E+01  0.4428509E-01  0.6900000E+00  0.5000000E+01  0.1000000E+01  0.3000000E-01
  0.4304799E+01  0.4459630E-01  0.6850000E+00  0.5000000E+01  0.1000000E+01  0.3000000E-01
  0.4304893E+01  0.4491195E-01  0.6800000E+00  0.5000000E+01  0.1000000E+01  0.3000000E-01
  0.4304990E+01  0.4523213E-01  0.6750000E+00  0.5000000E+01  0.1000000E+01  0.3000000E-01
  0.4305090E+01  0.4555693E-01  0.6700000E+00  0.5000000E+01  0.1000000E+01  0.3000000E-01
  0.4305191E+01  0.4588644E-01  0.6650000E+00  0.5000000E+01  0.1000000E+01  0.3000000E-01
  0.4305294E+01  0.4622078E-01  0.6600000E+00  0.5000000E+01  0.1000000E+01  0.3000000E-01
  0.4305400E+01  0.4656004E-01  0.6550000E+00  0.5000000E+01  0.1000000E+01  0.3000000E-01
  0.4305508E+01  0.4690434E-01  0.6500000E+00  0.5000000E+01  0.1000000E+01  0.3000000E-01
  0.4305619E+01  0.4725377E-01  0.6450000E+00  0.5000000E+01  0.1000000E+01  0.3000000E-01
  0.4305732E+01  0.4760846E-01  0.6400000E+00  0.5000000E+01  0.1000000E+01  0.3000000E-01
  0.4305848E+01  0.4796852E-01  0.6350000E+00  0.5000000E+01  0.1000000E+01  0.3000000E-01
  0.4305967E+01  0.4833406E-01  0.6300000E+00  0.5000000E+01  0.1000000E+01  0.3000000E-01
  0.4306088E+01  0.4870522E-01  0.6250000E+00  0.5000000E+01  0.1000000E+01  0.3000000E-01
  0.4306213E+01  0.4908211E-01  0.6200000E+00  0.5000000E+01  0.1000000E+01  0.3000000E-01
  0.4306340E+01  0.4946487E-01  0.6150000E+00  0.5000000E+01  0.1000000E+01  0.3000000E-01
  0.4306470E+01  0.4985363E-01  0.6100000E+00  0.5000000E+01  0.1000000E+01  0.3000000E-01
  0.4306604E+01  0.5024852E-01  0.6050000E+00  0.5000000E+01  0.1000000E+01  0.3000000E-01
  0.4306741E+01  0.5064970E-01  0.6000000E+00  0.5000000E+01  0.1000000E+01  0.3000000E-01
  0.4306881E+01  0.5105730E-01  0.5950000E+00  0.5000000E+01  0.1000000E+01  0.3000000E-01
  0.4307025E+01  0.5147148E-01  0.5900000E+00  0.5000000E+01  0.1000000E+01  0.3000000E-01
  0.4307172E+01  0.5189238E-01  0.5850000E+00  0.5000000E+01  0.1000000E+01  0.3000000E-01
  0.4307323E+01  0.5232017E-01  0.5800000E+00  0.5000000E+01  0.1000000E+01  0.3000000E-01
  0.4307478E+01  0.5275502E-01  0.5750000E+00  0.5000000E+01  0.1000000E+01  0.3000000E-01
  0.4307637E+01  0.5319709E-01  0.5700000E+00  0.5000000E+01  0.1000000E+01  0.3000000E-01
  0.4307800E+01  0.5364655E-01  0.5650000E+00  0.5000000E+01  0.1000000E+01  0.3000000E-01
  0.4307968E+01  0.5410359E-01  0.5600000E+00  0.5000000E+01  0.1000000E+01  0.3000000E-01
  0.4308140E+01  0.5456839E-01  0.5550000E+00  0.5000000E+01  0.1000000E+01  0.3000000E-01
  0.4308317E+01  0.5504114E-01  0.5500000E+00  0.5000000E+01  0.1000000E+01  0.3000000E-01
  0.4308498E+01  0.5552203E-01  0.5450000E+00  0.5000000E+01  0.1000000E+01  0.3000000E-01
  0.4308684E+01  0.5601128E-01  0.5400000E+00  0.5000000E+01  0.1000000E+01  0.3000000E-01
  0.4308876E+01  0.5650908E-01  0.5350000E+00  0.5000000E+01  0.1000000E+01  0.3000000E-01
  0.4309073E+01  0.5701565E-01  0.5300000E+00  0.5000000E+01  0.1000000E+01  0.3000000E-01
  0.4309276E+01  0.5753123E-01  0.5250000E+00  0.5000000E+01  0.1000000E+01  0.3000000E-01
  0.4309484E+01  0.5805603E-01  0.5200000E+00  0.5000000E+01  0.1000000E+01  0.3000000E-01
  0.4309698E+01  0.5859028E-01  0.5150000E+00  0.5000000E+01  0.1000000E+01  0.3000000E-01
  0.4309919E+01  0.5913425E-01  0.5100000E+00  0.5000000E+01  0.1000000E+01  0.3000000E-01
  0.4310146E+01  0.5968817E-01  0.5050000E+00  0.5000000E+01  0.1000000E+01  0.3000000E-01
  0.4310380E+01  0.6025231E-01  0.5000000E+00  0.5000000E+01  0.1000000E+01  0.3000000E-01
  0.4310621E+01  0.6082693E-01  0.4950000E+00  0.5000000E+01  0.1000000E+01  0.3000000E-01
  0.4310869E+01  0.6141231E-01  0.4900000E+00  0.5000000E+01  0.1000000E+01  0.3000000E-01
  0.4311124E+01  0.6200873E-01  0.4850000E+00  0.5000000E+01  0.1000000E+01  0.3000000E-01
  0.4311388E+01  0.6261649E-01  0.4800000E+00  0.5000000E+01  0.1000000E+01  0.3000000E-01
  0.4311660E+01  0.6323590E-01  0.4750000E+00  0.5000000E+01  0.1000000E+01  0.3000000E-01
  0.4311941E+01  0.6386725E-01  0.4700000E+00  0.5000000E+01  0.1000000E+01  0.3000000E-01
  0.4312230E+01  0.6451089E-01  0.4650000E+00  0.5000000E+01  0.1000000E+01  0.3000000E-01
  0.4312529E+01  0.6516713E-01  0.4600000E+00  0.5000000E+01  0.1000000E+01  0.3000000E-01
  0.4312838E+01  0.6583632E-01  0.4550000E+00  0.5000000E+01  0.1000000E+01  0.3000000E-01
  0.4313157E+01  0.6651882E-01  0.4500000E+00  0.5000000E+01  0.1000000E+01  0.3000000E-01
  0.4313486E+01  0.6721499E-01  0.4450000E+00  0.5000000E+01  0.1000000E+01  0.3000000E-01
  0.4313827E+01  0.6792520E-01  0.4400000E+00  0.5000000E+01  0.1000000E+01  0.3000000E-01
  0.4314180E+01  0.6864984E-01  0.4350000E+00  0.5000000E+01  0.1000000E+01  0.3000000E-01
  0.4314544E+01  0.6938930E-01  0.4300000E+00  0.5000000E+01  0.1000000E+01  0.3000000E-01
  0.4314922E+01  0.7014400E-01  0.4250000E+00  0.5000000E+01  0.1000000E+01  0.3000000E-01
  0.4315312E+01  0.7091436E-01  0.4200000E+00  0.5000000E+01  0.1000000E+01  0.3000000E-01
  0.4315717E+01  0.7170081E-01  0.4150000E+00  0.5000000E+01  0.1000000E+01  0.3000000E-01
  0.4316136E+01  0.7250380E-01  0.4100000E+00  0.5000000E+01  0.1000000E+01  0.3000000E-01
  0.4316571E+01  0.7332377E-01  0.4050000E+00  0.5000000E+01  0.1000000E+01  0.3000000E-01
  0.4317022E+01  0.7416120E-01  0.4000000E+00  0.5000000E+01  0.1000000E+01  0.3000000E-01
  0.4317490E+01  0.7501657E-01  0.3950000E+00  0.5000000E+01  0.1000000E+01  0.3000000E-01
  0.4317976E+01  0.7589037E-01  0.3900000E+00  0.5000000E+01  0.1000000E+01  0.3000000E-01
  0.4318480E+01  0.7678310E-01  0.3850000E+00  0.5000000E+01  0.1000000E+01  0.3000000E-01
  0.4319004E+01  0.7769526E-01  0.3800000E+00  0.5000000E+01  0.1000000E+01  0.3000000E-01
  0.4319549E+01  0.7862739E-01  0.3750000E+00  0.5000000E+01  0.1000000E+01  0.3000000E-01
  0.4320115E+01  0.7958001E-01  0.3700000E+00  0.5000000E+01  0.1000000E+01  0.3000000E-01
  0.4320705E+01  0.8055366E-01  0.3650000E+00  0.5000000E+01  0.1000000E+01  0.3000000E-01
  0.4321318E+01  0.8154888E-01  0.3600000E+00  0.5000000E+01  0.1000000E+01  0.3000000E-01
  0.4321957E+01  0.8256621E-01  0.3550000E+00  0.5000000E+01  0.1000000E+01  0.3000000E-01
  0.4322623E+01  0.8360622E-01  0.3500000E+00  0.5000000E+01  0.1000000E+01  0.3000000E-01
  0.4323317E+01  0.8466944E-01  0.3450000E+00  0.5000000E+01  0.1000000E+01  0.3000000E-01
  0.4324041E+01  0.8575644E-01  0.3400000E+00  0.5000000E+01  0.1000000E+01  0.3000000E-01
  0.4324796E+01  0.8686774E-01  0.3350000E+00  0.5000000E+01  0.1000000E+01  0.3000000E-01
  0.4325585E+01  0.8800389E-01  0.3300000E+00  0.5000000E+01  0.1000000E+01  0.3000000E-01
  0.4326409E+01  0.8916540E-01  0.3250000E+00  0.5000000E+01  0.1000000E+01  0.3000000E-01
  0.4327270E+01  0.9035277E-01  0.3200000E+00  0.5000000E+01  0.1000000E+01  0.3000000E-01
  0.4328171E+01  0.9156648E-01  0.3150000E+00  0.5000000E+01  0.1000000E+01  0.3000000E-01
  0.4329113E+01  0.9280696E-01  0.3100000E+00  0.5000000E+01  0.1000000E+01  0.3000000E-01
  0.4330100E+01  0.9407463E-01  0.3050000E+00  0.5000000E+01  0.1000000E+01  0.3000000E-01
  0.4331133E+01  0.9536981E-01  0.3000000E+00  0.5000000E+01  0.1000000E+01  0.3000000E-01
  0.4332216E+01  0.9669282E-01  0.2950000E+00  0.5000000E+01  0.1000000E+01  0.3000000E-01
  0.4333351E+01  0.9804387E-01  0.2900000E+00  0.5000000E+01  0.1000000E+01  0.3000000E-01
  0.4334542E+01  0.9942307E-01  0.2850000E+00  0.5000000E+01  0.1000000E+01  0.3000000E-01
  0.4335793E+01  0.1008305E+00  0.2800000E+00  0.5000000E+01  0.1000000E+01  0.3000000E-01
  0.4337106E+01  0.1022660E+00  0.2750000E+00  0.5000000E+01  0.1000000E+01  0.3000000E-01
  0.4338485E+01  0.1037293E+00  0.2700000E+00  0.5000000E+01  0.1000000E+01  0.3000000E-01
  0.4339935E+01  0.1052201E+00  0.2650000E+00  0.5000000E+01  0.1000000E+01  0.3000000E-01
  0.4341460E+01  0.1067378E+00  0.2600000E+00  0.5000000E+01  0.1000000E+01  0.3000000E-01
  0.4343065E+01  0.1082816E+00  0.2550000E+00  0.5000000E+01  0.1000000E+01  0.3000000E-01
  0.4344753E+01  0.1098503E+00  0.2500000E+00  0.5000000E+01  0.1000000E+01  0.3000000E-01
  0.4346531E+01  0.1114427E+00  0.2450000E+00  0.5000000E+01  0.1000000E+01  0.3000000E-01
  0.4348403E+01  0.1130571E+00  0.2400000E+00  0.5000000E+01  0.1000000E+01  0.3000000E-01
  0.4350376E+01  0.1146915E+00  0.2350000E+00  0.5000000E+01  0.1000000E+01  0.3000000E-01
  0.4352454E+01  0.1163433E+00  0.2300000E+00  0.5000000E+01  0.1000000E+01  0.3000000E-01
  0.4354645E+01  0.1180098E+00  0.2250000E+00  0.5000000E+01  0.1000000E+01  0.3000000E-01
  0.4356954E+01  0.1196874E+00  0.2200000E+00  0.5000000E+01  0.1000000E+01  0.3000000E-01
  0.4359389E+01  0.1213723E+00  0.2150000E+00  0.5000000E+01  0.1000000E+01  0.3000000E-01
  0.4361954E+01  0.1230598E+00  0.2100000E+00  0.5000000E+01  0.1000000E+01  0.3000000E-01
  0.4364659E+01  0.1247447E+00  0.2050000E+00  0.5000000E+01  0.1000000E+01  0.3000000E-01
  0.4367509E+01  0.1264209E+00  0.2000000E+00  0.5000000E+01  0.1000000E+01  0.3000000E-01
  0.4370511E+01  0.1280818E+00  0.1950000E+00  0.5000000E+01  0.1000000E+01  0.3000000E-01
  0.4373673E+01  0.1297197E+00  0.1900000E+00  0.5000000E+01  0.1000000E+01  0.3000000E-01
  0.4377002E+01  0.1313263E+00  0.1850000E+00  0.5000000E+01  0.1000000E+01  0.3000000E-01
  0.4380504E+01  0.1328920E+00  0.1800000E+00  0.5000000E+01  0.1000000E+01  0.3000000E-01
  0.4384185E+01  0.1344066E+00  0.1750000E+00  0.5000000E+01  0.1000000E+01  0.3000000E-01
  0.4388052E+01  0.1358588E+00  0.1700000E+00  0.5000000E+01  0.1000000E+01  0.3000000E-01
  0.4392111E+01  0.1372364E+00  0.1650000E+00  0.5000000E+01  0.1000000E+01  0.3000000E-01
  0.4396367E+01  0.1385260E+00  0.1600000E+00  0.5000000E+01  0.1000000E+01  0.3000000E-01
  0.4400825E+01  0.1397136E+00  0.1550000E+00  0.5000000E+01  0.1000000E+01  0.3000000E-01
  0.4405488E+01  0.1407838E+00  0.1500000E+00  0.5000000E+01  0.1000000E+01  0.3000000E-01
  0.4410359E+01  0.1417207E+00  0.1450000E+00  0.5000000E+01  0.1000000E+01  0.3000000E-01
  0.4415442E+01  0.1425071E+00  0.1400000E+00  0.5000000E+01  0.1000000E+01  0.3000000E-01
  0.4420736E+01  0.1431252E+00  0.1350000E+00  0.5000000E+01  0.1000000E+01  0.3000000E-01
  0.4426243E+01  0.1435562E+00  0.1300000E+00  0.5000000E+01  0.1000000E+01  0.3000000E-01
  0.4431962E+01  0.1437805E+00  0.1250000E+00  0.5000000E+01  0.1000000E+01  0.3000000E-01
  0.4437891E+01  0.1437778E+00  0.1200000E+00  0.5000000E+01  0.1000000E+01  0.3000000E-01
  0.4444027E+01  0.1435267E+00  0.1150000E+00  0.5000000E+01  0.1000000E+01  0.3000000E-01
  0.4450366E+01  0.1430052E+00  0.1100000E+00  0.5000000E+01  0.1000000E+01  0.3000000E-01
  0.4456903E+01  0.1421902E+00  0.1050000E+00  0.5000000E+01  0.1000000E+01  0.3000000E-01
  0.4463630E+01  0.1410578E+00  0.1000000E+00  0.5000000E+01  0.1000000E+01  0.3000000E-01
  0.4470541E+01  0.1395827E+00  0.9500000E-01  0.5000000E+01  0.1000000E+01  0.3000000E-01
  0.4477625E+01  0.1377385E+00  0.9000000E-01  0.5000000E+01  0.1000000E+01  0.3000000E-01
  0.4484870E+01  0.1354972E+00  0.8500000E-01  0.5000000E+01  0.1000000E+01  0.3000000E-01
  0.4492265E+01  0.1328291E+00  0.8000000E-01  0.5000000E+01  0.1000000E+01  0.3000000E-01
  0.4499793E+01  0.1297025E+00  0.7500000E-01  0.5000000E+01  0.1000000E+01  0.3000000E-01
  0.4507436E+01  0.1260831E+00  0.7000000E-01  0.5000000E+01  0.1000000E+01  0.3000000E-01
  0.4515172E+01  0.1219341E+00  0.6500000E-01  0.5000000E+01  0.1000000E+01  0.3000000E-01
  0.4522975E+01  0.1172153E+00  0.6000000E-01  0.5000000E+01  0.1000000E+01  0.3000000E-01
  0.4530812E+01  0.1118828E+00  0.5500000E-01  0.5000000E+01  0.1000000E+01  0.3000000E-01
  0.4538644E+01  0.1058892E+00  0.5000000E-01  0.5000000E+01  0.1000000E+01  0.3000000E-01

