  0.2558634E+01  0.9118806E-01  0.5000000E+01  0.5000000E+01  0.1000000E+01  0.3000000E-01
  0.2558651E+01  0.9128093E-01  0.4995000E+01  0.5000000E+01  0.1000000E+01  0.3000000E-01
  0.2558667E+01  0.9137399E-01  0.4990000E+01  0.5000000E+01  0.1000000E+01  0.3000000E-01
  0.2558684E+01  0.9146724E-01  0.4985000E+01  0.5000000E+01  0.1000000E+01  0.3000000E-01
  0.2558701E+01  0.9156069E-01  0.4980000E+01  0.5000000E+01  0.1000000E+01  0.3000000E-01
  0.2558718E+01  0.9165433E-01  0.4975000E+01  0.5000000E+01  0.1000000E+01  0.3000000E-01
  0.2558735E+01  0.9174816E-01  0.4970000E+01  0.5000000E+01  0.1000000E+01  0.3000000E-01
  0.2558752E+01  0.9184220E-01  0.4965000E+01  0.5000000E+01  0.1000000E+01  0.3000000E-01
  0.2558769E+01  0.9193642E-01  0.4960000E+01  0.5000000E+01  0.1000000E+01  0.3000000E-01
  0.2558786E+01  0.9203085E-01  0.4955000E+01  0.5000000E+01  0.1000000E+01  0.3000000E-01
  0.2558804E+01  0.9212547E-01  0.4950000E+01  0.5000000E+01  0.1000000E+01  0.3000000E-01
  0.2558821E+01  0.9222029E-01  0.4945000E+01  0.5000000E+01  0.1000000E+01  0.3000000E-01
  0.2558838E+01  0.9231531E-01  0.4940000E+01  0.5000000E+01  0.1000000E+01  0.3000000E-01
  0.2558856E+01  0.9241052E-01  0.4935000E+01  0.5000000E+01  0.1000000E+01  0.3000000E-01
  0.2558873E+01  0.9250594E-01  0.4930000E+01  0.5000000E+01  0.1000000E+01  0.3000000E-01
  0.2558890E+01  0.9260156E-01  0.4925000E+01  0.5000000E+01  0.1000000E+01  0.3000000E-01
  0.2558908E+01  0.9269738E-01  0.4920000E+01  0.5000000E+01  0.1000000E+01  0.3000000E-01
  0.2558926E+01  0.9279339E-01  0.4915000E+01  0.5000000E+01  0.1000000E+01  0.3000000E-01
  0.2558943E+01  0.9288962E-01  0.4910000E+01  0.5000000E+01  0.1000000E+01  0.3000000E-01
  0.2558961E+01  0.9298604E-01  0.4905000E+01  0.5000000E+01  0.1000000E+01  0.3000000E-01
  0.2558979E+01  0.9308267E-01  0.4900000E+01  0.5000000E+01  0.1000000E+01  0.3000000E-01
  0.2558997E+01  0.9317950E-01  0.4895000E+01  0.5000000E+01  0.1000000E+01  0.3000000E-01
  0.2559015E+01  0.9327654E-01  0.4890000E+01  0.5000000E+01  0.1000000E+01  0.3000000E-01
  0.2559033E+01  0.9337379E-01  0.4885000E+01  0.5000000E+01  0.1000000E+01  0.3000000E-01
  0.2559051E+01  0.9347124E-01  0.4880000E+01  0.5000000E+01  0.1000000E+01  0.3000000E-01
  0.2559069E+01  0.9356889E-01  0.4875000E+01  0.5000000E+01  0.1000000E+01  0.3000000E-01
  0.2559087E+01  0.9366676E-01  0.4870000E+01  0.5000000E+01  0.1000000E+01  0.3000000E-01
  0.2559105E+01  0.9376483E-01  0.4865000E+01  0.5000000E+01  0.1000000E+01  0.3000000E-01
  0.2559123E+01  0.9386311E-01  0.4860000E+01  0.5000000E+01  0.1000000E+01  0.3000000E-01
  0.2559142E+01  0.9396160E-01  0.4855000E+01  0.5000000E+01  0.1000000E+01  0.3000000E-01
  0.2559160E+01  0.9406030E-01  0.4850000E+01  0.5000000E+01  0.1000000E+01  0.3000000E-01
  0.2559178E+01  0.9415921E-01  0.4845000E+01  0.5000000E+01  0.1000000E+01  0.3000000E-01
  0.2559197E+01  0.9425833E-01  0.4840000E+01  0.5000000E+01  0.1000000E+01  0.3000000E-01
  0.2559216E+01  0.9435767E-01  0.4835000E+01  0.5000000E+01  0.1000000E+01  0.3000000E-01
  0.2559234E+01  0.9445722E-01  0.4830000E+01  0.5000000E+01  0.1000000E+01  0.3000000E-01
  0.2559253E+01  0.9455698E-01  0.4825000E+01  0.5000000E+01  0.1000000E+01  0.3000000E-01
  0.2559272E+01  0.9465696E-01  0.4820000E+01  0.5000000E+01  0.1000000E+01  0.3000000E-01
  0.2559290E+01  0.9475715E-01  0.4815000E+01  0.5000000E+01  0.1000000E+01  0.3000000E-01
  0.2559309E+01  0.9485755E-01  0.4810000E+01  0.5000000E+01  0.1000000E+01  0.3000000E-01
  0.2559328E+01  0.9495817E-01  0.4805000E+01  0.5000000E+01  0.1000000E+01  0.3000000E-01
  0.2559347E+01  0.9505901E-01  0.4800000E+01  0.5000000E+01  0.1000000E+01  0.3000000E-01
  0.2559366E+01  0.9516007E-01  0.4795000E+01  0.5000000E+01  0.1000000E+01  0.3000000E-01
  0.2559386E+01  0.9526135E-01  0.4790000E+01  0.5000000E+01  0.1000000E+01  0.3000000E-01
  0.2559405E+01  0.9536284E-01  0.4785000E+01  0.5000000E+01  0.1000000E+01  0.3000000E-01
  0.2559424E+01  0.9546456E-01  0.4780000E+01  0.5000000E+01  0.1000000E+01  0.3000000E-01
  0.2559443E+01  0.9556649E-01  0.4775000E+01  0.5000000E+01  0.1000000E+01  0.3000000E-01
  0.2559463E+01  0.9566865E-01  0.4770000E+01  0.5000000E+01  0.1000000E+01  0.3000000E-01
  0.2559482E+01  0.9577102E-01  0.4765000E+01  0.5000000E+01  0.1000000E+01  0.3000000E-01
  0.2559502E+01  0.9587362E-01  0.4760000E+01  0.5000000E+01  0.1000000E+01  0.3000000E-01
  0.2559522E+01  0.9597645E-01  0.4755000E+01  0.5000000E+01  0.1000000E+01  0.3000000E-01
  0.2559541E+01  0.9607950E-01  0.4750000E+01  0.5000000E+01  0.1000000E+01  0.3000000E-01
  0.2559561E+01  0.9618277E-01  0.4745000E+01  0.5000000E+01  0.1000000E+01  0.3000000E-01
  0.2559581E+01  0.9628627E-01  0.4740000E+01  0.5000000E+01  0.1000000E+01  0.3000000E-01
  0.2559601E+01  0.9638999E-01  0.4735000E+01  0.5000000E+01  0.1000000E+01  0.3000000E-01
  0.2559621E+01  0.9649394E-01  0.4730000E+01  0.5000000E+01  0.1000000E+01  0.3000000E-01
  0.2559641E+01  0.9659812E-01  0.4725000E+01  0.5000000E+01  0.1000000E+01  0.3000000E-01
  0.2559661E+01  0.9670253E-01  0.4720000E+01  0.5000000E+01  0.1000000E+01  0.3000000E-01
  0.2559681E+01  0.9680717E-01  0.4715000E+01  0.5000000E+01  0.1000000E+01  0.3000000E-01
  0.2559701E+01  0.9691204E-01  0.4710000E+01  0.5000000E+01  0.1000000E+01  0.3000000E-01
  0.2559721E+01  0.9701713E-01  0.4705000E+01  0.5000000E+01  0.1000000E+01  0.3000000E-01
  0.2559742E+01  0.9712246E-01  0.4700000E+01  0.5000000E+01  0.1000000E+01  0.3000000E-01
  0.2559762E+01  0.9722803E-01  0.4695000E+01  0.5000000E+01  0.1000000E+01  0.3000000E-01
  0.2559783E+01  0.9733382E-01  0.4690000E+01  0.5000000E+01  0.1000000E+01  0.3000000E-01
  0.2559803E+01  0.9743985E-01  0.4685000E+01  0.5000000E+01  0.1000000E+01  0.3000000E-01
  0.2559824E+01  0.9754611E-01  0.4680000E+01  0.5000000E+01  0.1000000E+01  0.3000000E-01
  0.2559845E+01  0.9765261E-01  0.4675000E+01  0.5000000E+01  0.1000000E+01  0.3000000E-01
  0.2559866E+01  0.9775935E-01  0.4670000E+01  0.5000000E+01  0.1000000E+01  0.3000000E-01
  0.2559887E+01  0.9786632E-01  0.4665000E+01  0.5000000E+01  0.1000000E+01  0.3000000E-01
  0.2559907E+01  0.9797353E-01  0.4660000E+01  0.5000000E+01  0.1000000E+01  0.3000000E-01
  0.2559929E+01  0.9808098E-01  0.4655000E+01  0.5000000E+01  0.1000000E+01  0.3000000E-01
  0.2559950E+01  0.9818866E-01  0.4650000E+01  0.5000000E+01  0.1000000E+01  0.3000000E-01
  0.2559971E+01  0.9829659E-01  0.4645000E+01  0.5000000E+01  0.1000000E+01  0.3000000E-01
  0.2559992E+01  0.9840476E-01  0.4640000E+01  0.5000000E+01  0.1000000E+01  0.3000000E-01
  0.2560013E+01  0.9851317E-01  0.4635000E+01  0.5000000E+01  0.1000000E+01  0.3000000E-01
  0.2560035E+01  0.9862182E-01  0.4630000E+01  0.5000000E+01  0.1000000E+01  0.3000000E-01
  0.2560056E+01  0.9873072E-01  0.4625000E+01  0.5000000E+01  0.1000000E+01  0.3000000E-01
  0.2560078E+01  0.9883986E-01  0.4620000E+01  0.5000000E+01  0.1000000E+01  0.3000000E-01
  0.2560099E+01  0.9894924E-01  0.4615000E+01  0.5000000E+01  0.1000000E+01  0.3000000E-01
  0.2560121E+01  0.9905887E-01  0.4610000E+01  0.5000000E+01  0.1000000E+01  0.3000000E-01
  0.2560143E+01  0.9916875E-01  0.4605000E+01  0.5000000E+01  0.1000000E+01  0.3000000E-01
  0.2560165E+01  0.9927887E-01  0.4600000E+01  0.5000000E+01  0.1000000E+01  0.3000000E-01
  0.2560187E+01  0.9938924E-01  0.4595000E+01  0.5000000E+01  0.1000000E+01  0.3000000E-01
  0.2560209E+01  0.9949987E-01  0.4590000E+01  0.5000000E+01  0.1000000E+01  0.3000000E-01
  0.2560231E+01  0.9961074E-01  0.4585000E+01  0.5000000E+01  0.1000000E+01  0.3000000E-01
  0.2560253E+01  0.9972186E-01  0.4580000E+01  0.5000000E+01  0.1000000E+01  0.3000000E-01
  0.2560275E+01  0.9983323E-01  0.4575000E+01  0.5000000E+01  0.1000000E+01  0.3000000E-01
  0.2560298E+01  0.9994486E-01  0.4570000E+01  0.5000000E+01  0.1000000E+01  0.3000000E-01
  0.2560320E+01  0.1000567E+00  0.4565000E+01  0.5000000E+01  0.1000000E+01  0.3000000E-01
  0.2560343E+01  0.1001689E+00  0.4560000E+01  0.5000000E+01  0.1000000E+01  0.3000000E-01
  0.2560365E+01  0.1002813E+00  0.4555000E+01  0.5000000E+01  0.1000000E+01  0.3000000E-01
  0.2560388E+01  0.1003939E+00  0.4550000E+01  0.5000000E+01  0.1000000E+01  0.3000000E-01
  0.2560411E+01  0.1005068E+00  0.4545000E+01  0.5000000E+01  0.1000000E+01  0.3000000E-01
  0.2560434E+01  0.1006200E+00  0.4540000E+01  0.5000000E+01  0.1000000E+01  0.3000000E-01
  0.2560456E+01  0.1007334E+00  0.4535000E+01  0.5000000E+01  0.1000000E+01  0.3000000E-01
  0.2560479E+01  0.1008471E+00  0.4530000E+01  0.5000000E+01  0.1000000E+01  0.3000000E-01
  0.2560503E+01  0.1009610E+00  0.4525000E+01  0.5000000E+01  0.1000000E+01  0.3000000E-01
  0.2560526E+01  0.1010752E+00  0.4520000E+01  0.5000000E+01  0.1000000E+01  0.3000000E-01
  0.2560549E+01  0.1011897E+00  0.4515000E+01  0.5000000E+01  0.1000000E+01  0.3000000E-01
  0.2560572E+01  0.1013044E+00  0.4510000E+01  0.5000000E+01  0.1000000E+01  0.3000000E-01
  0.2560596E+01  0.1014194E+00  0.4505000E+01  0.5000000E+01  0.1000000E+01  0.3000000E-01
  0.2560619E+01  0.1015346E+00  0.4500000E+01  0.5000000E+01  0.1000000E+01  0.3000000E-01
  0.2560643E+01  0.1016501E+00  0.4495000E+01  0.5000000E+01  0.1000000E+01  0.3000000E-01
  0.2560667E+01  0.1017659E+00  0.4490000E+01  0.5000000E+01  0.1000000E+01  0.3000000E-01
  0.2560690E+01  0.1018820E+00  0.4485000E+01  0.5000000E+01  0.1000000E+01  0.3000000E-01
  0.2560714E+01  0.1019983E+00  0.4480000E+01  0.5000000E+01  0.1000000E+01  0.3000000E-01
  0.2560738E+01  0.1021149E+00  0.4475000E+01  0.5000000E+01  0.1000000E+01  0.3000000E-01
  0.2560762E+01  0.1022317E+00  0.4470000E+01  0.5000000E+01  0.1000000E+01  0.3000000E-01
  0.2560786E+01  0.1023489E+00  0.4465000E+01  0.5000000E+01  0.1000000E+01  0.3000000E-01
  0.2560811E+01  0.1024663E+00  0.4460000E+01  0.5000000E+01  0.1000000E+01  0.3000000E-01
  0.2560835E+01  0.1025839E+00  0.4455000E+01  0.5000000E+01  0.1000000E+01  0.3000000E-01
  0.2560859E+01  0.1027019E+00  0.4450000E+01  0.5000000E+01  0.1000000E+01  0.3000000E-01
  0.2560884E+01  0.1028201E+00  0.4445000E+01  0.5000000E+01  0.1000000E+01  0.3000000E-01
  0.2560908E+01  0.1029386E+00  0.4440000E+01  0.5000000E+01  0.1000000E+01  0.3000000E-01
  0.2560933E+01  0.1030574E+00  0.4435000E+01  0.5000000E+01  0.1000000E+01  0.3000000E-01
  0.2560958E+01  0.1031764E+00  0.4430000E+01  0.5000000E+01  0.1000000E+01  0.3000000E-01
  0.2560983E+01  0.1032958E+00  0.4425000E+01  0.5000000E+01  0.1000000E+01  0.3000000E-01
  0.2561008E+01  0.1034154E+00  0.4420000E+01  0.5000000E+01  0.1000000E+01  0.3000000E-01
  0.2561033E+01  0.1035353E+00  0.4415000E+01  0.5000000E+01  0.1000000E+01  0.3000000E-01
  0.2561058E+01  0.1036555E+00  0.4410000E+01  0.5000000E+01  0.1000000E+01  0.3000000E-01
  0.2561083E+01  0.1037759E+00  0.4405000E+01  0.5000000E+01  0.1000000E+01  0.3000000E-01
  0.2561108E+01  0.1038967E+00  0.4400000E+01  0.5000000E+01  0.1000000E+01  0.3000000E-01
  0.2561134E+01  0.1040177E+00  0.4395000E+01  0.5000000E+01  0.1000000E+01  0.3000000E-01
  0.2561159E+01  0.1041390E+00  0.4390000E+01  0.5000000E+01  0.1000000E+01  0.3000000E-01
  0.2561185E+01  0.1042606E+00  0.4385000E+01  0.5000000E+01  0.1000000E+01  0.3000000E-01
  0.2561211E+01  0.1043825E+00  0.4380000E+01  0.5000000E+01  0.1000000E+01  0.3000000E-01
  0.2561237E+01  0.1045046E+00  0.4375000E+01  0.5000000E+01  0.1000000E+01  0.3000000E-01
  0.2561262E+01  0.1046271E+00  0.4370000E+01  0.5000000E+01  0.1000000E+01  0.3000000E-01
  0.2561288E+01  0.1047499E+00  0.4365000E+01  0.5000000E+01  0.1000000E+01  0.3000000E-01
  0.2561315E+01  0.1048729E+00  0.4360000E+01  0.5000000E+01  0.1000000E+01  0.3000000E-01
  0.2561341E+01  0.1049962E+00  0.4355000E+01  0.5000000E+01  0.1000000E+01  0.3000000E-01
  0.2561367E+01  0.1051199E+00  0.4350000E+01  0.5000000E+01  0.1000000E+01  0.3000000E-01
  0.2561394E+01  0.1052438E+00  0.4345000E+01  0.5000000E+01  0.1000000E+01  0.3000000E-01
  0.2561420E+01  0.1053680E+00  0.4340000E+01  0.5000000E+01  0.1000000E+01  0.3000000E-01
  0.2561447E+01  0.1054926E+00  0.4335000E+01  0.5000000E+01  0.1000000E+01  0.3000000E-01
  0.2561473E+01  0.1056174E+00  0.4330000E+01  0.5000000E+01  0.1000000E+01  0.3000000E-01
  0.2561500E+01  0.1057425E+00  0.4325000E+01  0.5000000E+01  0.1000000E+01  0.3000000E-01
  0.2561527E+01  0.1058679E+00  0.4320000E+01  0.5000000E+01  0.1000000E+01  0.3000000E-01
  0.2561554E+01  0.1059936E+00  0.4315000E+01  0.5000000E+01  0.1000000E+01  0.3000000E-01
  0.2561581E+01  0.1061196E+00  0.4310000E+01  0.5000000E+01  0.1000000E+01  0.3000000E-01
  0.2561609E+01  0.1062460E+00  0.4305000E+01  0.5000000E+01  0.1000000E+01  0.3000000E-01
  0.2561636E+01  0.1063726E+00  0.4300000E+01  0.5000000E+01  0.1000000E+01  0.3000000E-01
  0.2561663E+01  0.1064995E+00  0.4295000E+01  0.5000000E+01  0.1000000E+01  0.3000000E-01
  0.2561691E+01  0.1066268E+00  0.4290000E+01  0.5000000E+01  0.1000000E+01  0.3000000E-01
  0.2561719E+01  0.1067543E+00  0.4285000E+01  0.5000000E+01  0.1000000E+01  0.3000000E-01
  0.2561746E+01  0.1068822E+00  0.4280000E+01  0.5000000E+01  0.1000000E+01  0.3000000E-01
  0.2561774E+01  0.1070103E+00  0.4275000E+01  0.5000000E+01  0.1000000E+01  0.3000000E-01
  0.2561802E+01  0.1071388E+00  0.4270000E+01  0.5000000E+01  0.1000000E+01  0.3000000E-01
  0.2561830E+01  0.1072676E+00  0.4265000E+01  0.5000000E+01  0.1000000E+01  0.3000000E-01
  0.2561859E+01  0.1073967E+00  0.4260000E+01  0.5000000E+01  0.1000000E+01  0.3000000E-01
  0.2561887E+01  0.1075261E+00  0.4255000E+01  0.5000000E+01  0.1000000E+01  0.3000000E-01
  0.2561915E+01  0.1076559E+00  0.4250000E+01  0.5000000E+01  0.1000000E+01  0.3000000E-01
  0.2561944E+01  0.1077859E+00  0.4245000E+01  0.5000000E+01  0.1000000E+01  0.3000000E-01
  0.2561973E+01  0.1079163E+00  0.4240000E+01  0.5000000E+01  0.1000000E+01  0.3000000E-01
  0.2562001E+01  0.1080470E+00  0.4235000E+01  0.5000000E+01  0.1000000E+01  0.3000000E-01
  0.2562030E+01  0.1081780E+00  0.4230000E+01  0.5000000E+01  0.1000000E+01  0.3000000E-01
  0.2562059E+01  0.1083093E+00  0.4225000E+01  0.5000000E+01  0.1000000E+01  0.3000000E-01
  0.2562088E+01  0.1084410E+00  0.4220000E+01  0.5000000E+01  0.1000000E+01  0.3000000E-01
  0.2562118E+01  0.1085729E+00  0.4215000E+01  0.5000000E+01  0.1000000E+01  0.3000000E-01
  0.2562147E+01  0.1087052E+00  0.4210000E+01  0.5000000E+01  0.1000000E+01  0.3000000E-01
  0.2562177E+01  0.1088378E+00  0.4205000E+01  0.5000000E+01  0.1000000E+01  0.3000000E-01
  0.2562206E+01  0.1089708E+00  0.4200000E+01  0.5000000E+01  0.1000000E+01  0.3000000E-01
  0.2562236E+01  0.1091041E+00  0.4195000E+01  0.5000000E+01  0.1000000E+01  0.3000000E-01
  0.2562266E+01  0.1092377E+00  0.4190000E+01  0.5000000E+01  0.1000000E+01  0.3000000E-01
  0.2562296E+01  0.1093716E+00  0.4185000E+01  0.5000000E+01  0.1000000E+01  0.3000000E-01
  0.2562326E+01  0.1095059E+00  0.4180000E+01  0.5000000E+01  0.1000000E+01  0.3000000E-01
  0.2562356E+01  0.1096405E+00  0.4175000E+01  0.5000000E+01  0.1000000E+01  0.3000000E-01
  0.2562386E+01  0.1097754E+00  0.4170000E+01  0.5000000E+01  0.1000000E+01  0.3000000E-01
  0.2562417E+01  0.1099107E+00  0.4165000E+01  0.5000000E+01  0.1000000E+01  0.3000000E-01
  0.2562447E+01  0.1100463E+00  0.4160000E+01  0.5000000E+01  0.1000000E+01  0.3000000E-01
  0.2562478E+01  0.1101823E+00  0.4155000E+01  0.5000000E+01  0.1000000E+01  0.3000000E-01
  0.2562509E+01  0.1103186E+00  0.4150000E+01  0.5000000E+01  0.1000000E+01  0.3000000E-01
  0.2562540E+01  0.1104552E+00  0.4145000E+01  0.5000000E+01  0.1000000E+01  0.3000000E-01
  0.2562571E+01  0.1105922E+00  0.4140000E+01  0.5000000E+01  0.1000000E+01  0.3000000E-01
  0.2562602E+01  0.1107295E+00  0.4135000E+01  0.5000000E+01  0.1000000E+01  0.3000000E-01
  0.2562633E+01  0.1108671E+00  0.4130000E+01  0.5000000E+01  0.1000000E+01  0.3000000E-01
  0.2562665E+01  0.1110051E+00  0.4125000E+01  0.5000000E+01  0.1000000E+01  0.3000000E-01
  0.2562696E+01  0.1111435E+00  0.4120000E+01  0.5000000E+01  0.1000000E+01  0.3000000E-01
  0.2562728E+01  0.1112822E+00  0.4115000E+01  0.5000000E+01  0.1000000E+01  0.3000000E-01
  0.2562760E+01  0.1114212E+00  0.4110000E+01  0.5000000E+01  0.1000000E+01  0.3000000E-01
  0.2562792E+01  0.1115606E+00  0.4105000E+01  0.5000000E+01  0.1000000E+01  0.3000000E-01
  0.2562824E+01  0.1117004E+00  0.4100000E+01  0.5000000E+01  0.1000000E+01  0.3000000E-01
  0.2562856E+01  0.1118405E+00  0.4095000E+01  0.5000000E+01  0.1000000E+01  0.3000000E-01
  0.2562888E+01  0.1119810E+00  0.4090000E+01  0.5000000E+01  0.1000000E+01  0.3000000E-01
  0.2562921E+01  0.1121218E+00  0.4085000E+01  0.5000000E+01  0.1000000E+01  0.3000000E-01
  0.2562953E+01  0.1122630E+00  0.4080000E+01  0.5000000E+01  0.1000000E+01  0.3000000E-01
  0.2562986E+01  0.1124045E+00  0.4075000E+01  0.5000000E+01  0.1000000E+01  0.3000000E-01
  0.2563019E+01  0.1125464E+00  0.4070000E+01  0.5000000E+01  0.1000000E+01  0.3000000E-01
  0.2563052E+01  0.1126886E+00  0.4065000E+01  0.5000000E+01  0.1000000E+01  0.3000000E-01
  0.2563085E+01  0.1128312E+00  0.4060000E+01  0.5000000E+01  0.1000000E+01  0.3000000E-01
  0.2563119E+01  0.1129742E+00  0.4055000E+01  0.5000000E+01  0.1000000E+01  0.3000000E-01
  0.2563152E+01  0.1131176E+00  0.4050000E+01  0.5000000E+01  0.1000000E+01  0.3000000E-01
  0.2563186E+01  0.1132613E+00  0.4045000E+01  0.5000000E+01  0.1000000E+01  0.3000000E-01
  0.2563219E+01  0.1134054E+00  0.4040000E+01  0.5000000E+01  0.1000000E+01  0.3000000E-01
  0.2563253E+01  0.1135498E+00  0.4035000E+01  0.5000000E+01  0.1000000E+01  0.3000000E-01
  0.2563287E+01  0.1136946E+00  0.4030000E+01  0.5000000E+01  0.1000000E+01  0.3000000E-01
  0.2563321E+01  0.1138398E+00  0.4025000E+01  0.5000000E+01  0.1000000E+01  0.3000000E-01
  0.2563356E+01  0.1139854E+00  0.4020000E+01  0.5000000E+01  0.1000000E+01  0.3000000E-01
  0.2563390E+01  0.1141314E+00  0.4015000E+01  0.5000000E+01  0.1000000E+01  0.3000000E-01
  0.2563425E+01  0.1142777E+00  0.4010000E+01  0.5000000E+01  0.1000000E+01  0.3000000E-01
  0.2563460E+01  0.1144244E+00  0.4005000E+01  0.5000000E+01  0.1000000E+01  0.3000000E-01
  0.2563494E+01  0.1145714E+00  0.4000000E+01  0.5000000E+01  0.1000000E+01  0.3000000E-01
  0.2563530E+01  0.1147189E+00  0.3995000E+01  0.5000000E+01  0.1000000E+01  0.3000000E-01
  0.2563565E+01  0.1148668E+00  0.3990000E+01  0.5000000E+01  0.1000000E+01  0.3000000E-01
  0.2563600E+01  0.1150150E+00  0.3985000E+01  0.5000000E+01  0.1000000E+01  0.3000000E-01
  0.2563636E+01  0.1151636E+00  0.3980000E+01  0.5000000E+01  0.1000000E+01  0.3000000E-01
  0.2563671E+01  0.1153126E+00  0.3975000E+01  0.5000000E+01  0.1000000E+01  0.3000000E-01
  0.2563707E+01  0.1154620E+00  0.3970000E+01  0.5000000E+01  0.1000000E+01  0.3000000E-01
  0.2563743E+01  0.1156118E+00  0.3965000E+01  0.5000000E+01  0.1000000E+01  0.3000000E-01
  0.2563779E+01  0.1157619E+00  0.3960000E+01  0.5000000E+01  0.1000000E+01  0.3000000E-01
  0.2563815E+01  0.1159125E+00  0.3955000E+01  0.5000000E+01  0.1000000E+01  0.3000000E-01
  0.2563852E+01  0.1160634E+00  0.3950000E+01  0.5000000E+01  0.1000000E+01  0.3000000E-01
  0.2563888E+01  0.1162148E+00  0.3945000E+01  0.5000000E+01  0.1000000E+01  0.3000000E-01
  0.2563925E+01  0.1163665E+00  0.3940000E+01  0.5000000E+01  0.1000000E+01  0.3000000E-01
  0.2563962E+01  0.1165187E+00  0.3935000E+01  0.5000000E+01  0.1000000E+01  0.3000000E-01
  0.2563999E+01  0.1166712E+00  0.3930000E+01  0.5000000E+01  0.1000000E+01  0.3000000E-01
  0.2564036E+01  0.1168242E+00  0.3925000E+01  0.5000000E+01  0.1000000E+01  0.3000000E-01
  0.2564073E+01  0.1169775E+00  0.3920000E+01  0.5000000E+01  0.1000000E+01  0.3000000E-01
  0.2564111E+01  0.1171313E+00  0.3915000E+01  0.5000000E+01  0.1000000E+01  0.3000000E-01
  0.2564149E+01  0.1172855E+00  0.3910000E+01  0.5000000E+01  0.1000000E+01  0.3000000E-01
  0.2564187E+01  0.1174400E+00  0.3905000E+01  0.5000000E+01  0.1000000E+01  0.3000000E-01
  0.2564225E+01  0.1175950E+00  0.3900000E+01  0.5000000E+01  0.1000000E+01  0.3000000E-01
  0.2564263E+01  0.1177504E+00  0.3895000E+01  0.5000000E+01  0.1000000E+01  0.3000000E-01
  0.2564301E+01  0.1179062E+00  0.3890000E+01  0.5000000E+01  0.1000000E+01  0.3000000E-01
  0.2564340E+01  0.1180625E+00  0.3885000E+01  0.5000000E+01  0.1000000E+01  0.3000000E-01
  0.2564378E+01  0.1182191E+00  0.3880000E+01  0.5000000E+01  0.1000000E+01  0.3000000E-01
  0.2564417E+01  0.1183762E+00  0.3875000E+01  0.5000000E+01  0.1000000E+01  0.3000000E-01
  0.2564456E+01  0.1185336E+00  0.3870000E+01  0.5000000E+01  0.1000000E+01  0.3000000E-01
  0.2564495E+01  0.1186915E+00  0.3865000E+01  0.5000000E+01  0.1000000E+01  0.3000000E-01
  0.2564535E+01  0.1188499E+00  0.3860000E+01  0.5000000E+01  0.1000000E+01  0.3000000E-01
  0.2564574E+01  0.1190086E+00  0.3855000E+01  0.5000000E+01  0.1000000E+01  0.3000000E-01
  0.2564614E+01  0.1191678E+00  0.3850000E+01  0.5000000E+01  0.1000000E+01  0.3000000E-01
  0.2564654E+01  0.1193274E+00  0.3845000E+01  0.5000000E+01  0.1000000E+01  0.3000000E-01
  0.2564694E+01  0.1194874E+00  0.3840000E+01  0.5000000E+01  0.1000000E+01  0.3000000E-01
  0.2564734E+01  0.1196479E+00  0.3835000E+01  0.5000000E+01  0.1000000E+01  0.3000000E-01
  0.2564775E+01  0.1198088E+00  0.3830000E+01  0.5000000E+01  0.1000000E+01  0.3000000E-01
  0.2564815E+01  0.1199701E+00  0.3825000E+01  0.5000000E+01  0.1000000E+01  0.3000000E-01
  0.2564856E+01  0.1201319E+00  0.3820000E+01  0.5000000E+01  0.1000000E+01  0.3000000E-01
  0.2564897E+01  0.1202941E+00  0.3815000E+01  0.5000000E+01  0.1000000E+01  0.3000000E-01
  0.2564938E+01  0.1204567E+00  0.3810000E+01  0.5000000E+01  0.1000000E+01  0.3000000E-01
  0.2564980E+01  0.1206198E+00  0.3805000E+01  0.5000000E+01  0.1000000E+01  0.3000000E-01
  0.2565021E+01  0.1207833E+00  0.3800000E+01  0.5000000E+01  0.1000000E+01  0.3000000E-01
  0.2565063E+01  0.1209473E+00  0.3795000E+01  0.5000000E+01  0.1000000E+01  0.3000000E-01
  0.2565105E+01  0.1211117E+00  0.3790000E+01  0.5000000E+01  0.1000000E+01  0.3000000E-01
  0.2565147E+01  0.1212766E+00  0.3785000E+01  0.5000000E+01  0.1000000E+01  0.3000000E-01
  0.2565189E+01  0.1214419E+00  0.3780000E+01  0.5000000E+01  0.1000000E+01  0.3000000E-01
  0.2565232E+01  0.1216077E+00  0.3775000E+01  0.5000000E+01  0.1000000E+01  0.3000000E-01
  0.2565275E+01  0.1217739E+00  0.3770000E+01  0.5000000E+01  0.1000000E+01  0.3000000E-01
  0.2565318E+01  0.1219406E+00  0.3765000E+01  0.5000000E+01  0.1000000E+01  0.3000000E-01
  0.2565361E+01  0.1221077E+00  0.3760000E+01  0.5000000E+01  0.1000000E+01  0.3000000E-01
  0.2565404E+01  0.1222753E+00  0.3755000E+01  0.5000000E+01  0.1000000E+01  0.3000000E-01
  0.2565447E+01  0.1224434E+00  0.3750000E+01  0.5000000E+01  0.1000000E+01  0.3000000E-01
  0.2565491E+01  0.1226119E+00  0.3745000E+01  0.5000000E+01  0.1000000E+01  0.3000000E-01
  0.2565535E+01  0.1227809E+00  0.3740000E+01  0.5000000E+01  0.1000000E+01  0.3000000E-01
  0.2565579E+01  0.1229504E+00  0.3735000E+01  0.5000000E+01  0.1000000E+01  0.3000000E-01
  0.2565623E+01  0.1231203E+00  0.3730000E+01  0.5000000E+01  0.1000000E+01  0.3000000E-01
  0.2565668E+01  0.1232907E+00  0.3725000E+01  0.5000000E+01  0.1000000E+01  0.3000000E-01
  0.2565713E+01  0.1234616E+00  0.3720000E+01  0.5000000E+01  0.1000000E+01  0.3000000E-01
  0.2565757E+01  0.1236329E+00  0.3715000E+01  0.5000000E+01  0.1000000E+01  0.3000000E-01
  0.2565803E+01  0.1238047E+00  0.3710000E+01  0.5000000E+01  0.1000000E+01  0.3000000E-01
  0.2565848E+01  0.1239770E+00  0.3705000E+01  0.5000000E+01  0.1000000E+01  0.3000000E-01
  0.2565893E+01  0.1241498E+00  0.3700000E+01  0.5000000E+01  0.1000000E+01  0.3000000E-01
  0.2565939E+01  0.1243231E+00  0.3695000E+01  0.5000000E+01  0.1000000E+01  0.3000000E-01
  0.2565985E+01  0.1244968E+00  0.3690000E+01  0.5000000E+01  0.1000000E+01  0.3000000E-01
  0.2566031E+01  0.1246710E+00  0.3685000E+01  0.5000000E+01  0.1000000E+01  0.3000000E-01
  0.2566078E+01  0.1248458E+00  0.3680000E+01  0.5000000E+01  0.1000000E+01  0.3000000E-01
  0.2566124E+01  0.1250210E+00  0.3675000E+01  0.5000000E+01  0.1000000E+01  0.3000000E-01
  0.2566171E+01  0.1251967E+00  0.3670000E+01  0.5000000E+01  0.1000000E+01  0.3000000E-01
  0.2566218E+01  0.1253729E+00  0.3665000E+01  0.5000000E+01  0.1000000E+01  0.3000000E-01
  0.2566266E+01  0.1255496E+00  0.3660000E+01  0.5000000E+01  0.1000000E+01  0.3000000E-01
  0.2566313E+01  0.1257268E+00  0.3655000E+01  0.5000000E+01  0.1000000E+01  0.3000000E-01
  0.2566361E+01  0.1259045E+00  0.3650000E+01  0.5000000E+01  0.1000000E+01  0.3000000E-01
  0.2566409E+01  0.1260826E+00  0.3645000E+01  0.5000000E+01  0.1000000E+01  0.3000000E-01
  0.2566457E+01  0.1262613E+00  0.3640000E+01  0.5000000E+01  0.1000000E+01  0.3000000E-01
  0.2566505E+01  0.1264406E+00  0.3635000E+01  0.5000000E+01  0.1000000E+01  0.3000000E-01
  0.2566554E+01  0.1266203E+00  0.3630000E+01  0.5000000E+01  0.1000000E+01  0.3000000E-01
  0.2566603E+01  0.1268005E+00  0.3625000E+01  0.5000000E+01  0.1000000E+01  0.3000000E-01
  0.2566652E+01  0.1269812E+00  0.3620000E+01  0.5000000E+01  0.1000000E+01  0.3000000E-01
  0.2566701E+01  0.1271625E+00  0.3615000E+01  0.5000000E+01  0.1000000E+01  0.3000000E-01
  0.2566751E+01  0.1273443E+00  0.3610000E+01  0.5000000E+01  0.1000000E+01  0.3000000E-01
  0.2566801E+01  0.1275265E+00  0.3605000E+01  0.5000000E+01  0.1000000E+01  0.3000000E-01
  0.2566851E+01  0.1277094E+00  0.3600000E+01  0.5000000E+01  0.1000000E+01  0.3000000E-01
  0.2566901E+01  0.1278927E+00  0.3595000E+01  0.5000000E+01  0.1000000E+01  0.3000000E-01
  0.2566952E+01  0.1280765E+00  0.3590000E+01  0.5000000E+01  0.1000000E+01  0.3000000E-01
  0.2567002E+01  0.1282609E+00  0.3585000E+01  0.5000000E+01  0.1000000E+01  0.3000000E-01
  0.2567053E+01  0.1284458E+00  0.3580000E+01  0.5000000E+01  0.1000000E+01  0.3000000E-01
  0.2567105E+01  0.1286313E+00  0.3575000E+01  0.5000000E+01  0.1000000E+01  0.3000000E-01
  0.2567156E+01  0.1288173E+00  0.3570000E+01  0.5000000E+01  0.1000000E+01  0.3000000E-01
  0.2567208E+01  0.1290038E+00  0.3565000E+01  0.5000000E+01  0.1000000E+01  0.3000000E-01
  0.2567260E+01  0.1291909E+00  0.3560000E+01  0.5000000E+01  0.1000000E+01  0.3000000E-01
  0.2567312E+01  0.1293785E+00  0.3555000E+01  0.5000000E+01  0.1000000E+01  0.3000000E-01
  0.2567365E+01  0.1295666E+00  0.3550000E+01  0.5000000E+01  0.1000000E+01  0.3000000E-01
  0.2567418E+01  0.1297553E+00  0.3545000E+01  0.5000000E+01  0.1000000E+01  0.3000000E-01
  0.2567471E+01  0.1299445E+00  0.3540000E+01  0.5000000E+01  0.1000000E+01  0.3000000E-01
  0.2567524E+01  0.1301343E+00  0.3535000E+01  0.5000000E+01  0.1000000E+01  0.3000000E-01
  0.2567578E+01  0.1303247E+00  0.3530000E+01  0.5000000E+01  0.1000000E+01  0.3000000E-01
  0.2567632E+01  0.1305156E+00  0.3525000E+01  0.5000000E+01  0.1000000E+01  0.3000000E-01
  0.2567686E+01  0.1307070E+00  0.3520000E+01  0.5000000E+01  0.1000000E+01  0.3000000E-01
  0.2567740E+01  0.1308990E+00  0.3515000E+01  0.5000000E+01  0.1000000E+01  0.3000000E-01
  0.2567795E+01  0.1310916E+00  0.3510000E+01  0.5000000E+01  0.1000000E+01  0.3000000E-01
  0.2567850E+01  0.1312847E+00  0.3505000E+01  0.5000000E+01  0.1000000E+01  0.3000000E-01
  0.2567905E+01  0.1314784E+00  0.3500000E+01  0.5000000E+01  0.1000000E+01  0.3000000E-01
  0.2567960E+01  0.1316727E+00  0.3495000E+01  0.5000000E+01  0.1000000E+01  0.3000000E-01
  0.2568016E+01  0.1318675E+00  0.3490000E+01  0.5000000E+01  0.1000000E+01  0.3000000E-01
  0.2568072E+01  0.1320630E+00  0.3485000E+01  0.5000000E+01  0.1000000E+01  0.3000000E-01
  0.2568129E+01  0.1322590E+00  0.3480000E+01  0.5000000E+01  0.1000000E+01  0.3000000E-01
  0.2568185E+01  0.1324555E+00  0.3475000E+01  0.5000000E+01  0.1000000E+01  0.3000000E-01
  0.2568242E+01  0.1326527E+00  0.3470000E+01  0.5000000E+01  0.1000000E+01  0.3000000E-01
  0.2568299E+01  0.1328504E+00  0.3465000E+01  0.5000000E+01  0.1000000E+01  0.3000000E-01
  0.2568357E+01  0.1330487E+00  0.3460000E+01  0.5000000E+01  0.1000000E+01  0.3000000E-01
  0.2568414E+01  0.1332477E+00  0.3455000E+01  0.5000000E+01  0.1000000E+01  0.3000000E-01
  0.2568473E+01  0.1334472E+00  0.3450000E+01  0.5000000E+01  0.1000000E+01  0.3000000E-01
  0.2568531E+01  0.1336473E+00  0.3445000E+01  0.5000000E+01  0.1000000E+01  0.3000000E-01
  0.2568590E+01  0.1338480E+00  0.3440000E+01  0.5000000E+01  0.1000000E+01  0.3000000E-01
  0.2568648E+01  0.1340492E+00  0.3435000E+01  0.5000000E+01  0.1000000E+01  0.3000000E-01
  0.2568708E+01  0.1342511E+00  0.3430000E+01  0.5000000E+01  0.1000000E+01  0.3000000E-01
  0.2568767E+01  0.1344536E+00  0.3425000E+01  0.5000000E+01  0.1000000E+01  0.3000000E-01
  0.2568827E+01  0.1346567E+00  0.3420000E+01  0.5000000E+01  0.1000000E+01  0.3000000E-01
  0.2568887E+01  0.1348605E+00  0.3415000E+01  0.5000000E+01  0.1000000E+01  0.3000000E-01
  0.2568948E+01  0.1350648E+00  0.3410000E+01  0.5000000E+01  0.1000000E+01  0.3000000E-01
  0.2569008E+01  0.1352697E+00  0.3405000E+01  0.5000000E+01  0.1000000E+01  0.3000000E-01
  0.2569070E+01  0.1354753E+00  0.3400000E+01  0.5000000E+01  0.1000000E+01  0.3000000E-01
  0.2569131E+01  0.1356814E+00  0.3395000E+01  0.5000000E+01  0.1000000E+01  0.3000000E-01
  0.2569193E+01  0.1358882E+00  0.3390000E+01  0.5000000E+01  0.1000000E+01  0.3000000E-01
  0.2569255E+01  0.1360957E+00  0.3385000E+01  0.5000000E+01  0.1000000E+01  0.3000000E-01
  0.2569317E+01  0.1363037E+00  0.3380000E+01  0.5000000E+01  0.1000000E+01  0.3000000E-01
  0.2569380E+01  0.1365124E+00  0.3375000E+01  0.5000000E+01  0.1000000E+01  0.3000000E-01
  0.2569443E+01  0.1367217E+00  0.3370000E+01  0.5000000E+01  0.1000000E+01  0.3000000E-01
  0.2569506E+01  0.1369316E+00  0.3365000E+01  0.5000000E+01  0.1000000E+01  0.3000000E-01
  0.2569570E+01  0.1371422E+00  0.3360000E+01  0.5000000E+01  0.1000000E+01  0.3000000E-01
  0.2569634E+01  0.1373535E+00  0.3355000E+01  0.5000000E+01  0.1000000E+01  0.3000000E-01
  0.2569698E+01  0.1375653E+00  0.3350000E+01  0.5000000E+01  0.1000000E+01  0.3000000E-01
  0.2569763E+01  0.1377778E+00  0.3345000E+01  0.5000000E+01  0.1000000E+01  0.3000000E-01
  0.2569828E+01  0.1379910E+00  0.3340000E+01  0.5000000E+01  0.1000000E+01  0.3000000E-01
  0.2569893E+01  0.1382048E+00  0.3335000E+01  0.5000000E+01  0.1000000E+01  0.3000000E-01
  0.2569959E+01  0.1384193E+00  0.3330000E+01  0.5000000E+01  0.1000000E+01  0.3000000E-01
  0.2570025E+01  0.1386344E+00  0.3325000E+01  0.5000000E+01  0.1000000E+01  0.3000000E-01
  0.2570091E+01  0.1388502E+00  0.3320000E+01  0.5000000E+01  0.1000000E+01  0.3000000E-01
  0.2570158E+01  0.1390667E+00  0.3315000E+01  0.5000000E+01  0.1000000E+01  0.3000000E-01
  0.2570225E+01  0.1392838E+00  0.3310000E+01  0.5000000E+01  0.1000000E+01  0.3000000E-01
  0.2570293E+01  0.1395016E+00  0.3305000E+01  0.5000000E+01  0.1000000E+01  0.3000000E-01
  0.2570361E+01  0.1397201E+00  0.3300000E+01  0.5000000E+01  0.1000000E+01  0.3000000E-01
  0.2570429E+01  0.1399392E+00  0.3295000E+01  0.5000000E+01  0.1000000E+01  0.3000000E-01
  0.2570497E+01  0.1401590E+00  0.3290000E+01  0.5000000E+01  0.1000000E+01  0.3000000E-01
  0.2570566E+01  0.1403795E+00  0.3285000E+01  0.5000000E+01  0.1000000E+01  0.3000000E-01
  0.2570636E+01  0.1406007E+00  0.3280000E+01  0.5000000E+01  0.1000000E+01  0.3000000E-01
  0.2570705E+01  0.1408226E+00  0.3275000E+01  0.5000000E+01  0.1000000E+01  0.3000000E-01
  0.2570775E+01  0.1410451E+00  0.3270000E+01  0.5000000E+01  0.1000000E+01  0.3000000E-01
  0.2570846E+01  0.1412684E+00  0.3265000E+01  0.5000000E+01  0.1000000E+01  0.3000000E-01
  0.2570917E+01  0.1414923E+00  0.3260000E+01  0.5000000E+01  0.1000000E+01  0.3000000E-01
  0.2570988E+01  0.1417170E+00  0.3255000E+01  0.5000000E+01  0.1000000E+01  0.3000000E-01
  0.2571060E+01  0.1419423E+00  0.3250000E+01  0.5000000E+01  0.1000000E+01  0.3000000E-01
  0.2571131E+01  0.1421684E+00  0.3245000E+01  0.5000000E+01  0.1000000E+01  0.3000000E-01
  0.2571204E+01  0.1423952E+00  0.3240000E+01  0.5000000E+01  0.1000000E+01  0.3000000E-01
  0.2571277E+01  0.1426226E+00  0.3235000E+01  0.5000000E+01  0.1000000E+01  0.3000000E-01
  0.2571350E+01  0.1428508E+00  0.3230000E+01  0.5000000E+01  0.1000000E+01  0.3000000E-01
  0.2571423E+01  0.1430797E+00  0.3225000E+01  0.5000000E+01  0.1000000E+01  0.3000000E-01
  0.2571497E+01  0.1433094E+00  0.3220000E+01  0.5000000E+01  0.1000000E+01  0.3000000E-01
  0.2571572E+01  0.1435397E+00  0.3215000E+01  0.5000000E+01  0.1000000E+01  0.3000000E-01
  0.2571647E+01  0.1437708E+00  0.3210000E+01  0.5000000E+01  0.1000000E+01  0.3000000E-01
  0.2571722E+01  0.1440026E+00  0.3205000E+01  0.5000000E+01  0.1000000E+01  0.3000000E-01
  0.2571797E+01  0.1442352E+00  0.3200000E+01  0.5000000E+01  0.1000000E+01  0.3000000E-01
  0.2571873E+01  0.1444684E+00  0.3195000E+01  0.5000000E+01  0.1000000E+01  0.3000000E-01
  0.2571950E+01  0.1447025E+00  0.3190000E+01  0.5000000E+01  0.1000000E+01  0.3000000E-01
  0.2572027E+01  0.1449372E+00  0.3185000E+01  0.5000000E+01  0.1000000E+01  0.3000000E-01
  0.2572104E+01  0.1451728E+00  0.3180000E+01  0.5000000E+01  0.1000000E+01  0.3000000E-01
  0.2572182E+01  0.1454090E+00  0.3175000E+01  0.5000000E+01  0.1000000E+01  0.3000000E-01
  0.2572260E+01  0.1456460E+00  0.3170000E+01  0.5000000E+01  0.1000000E+01  0.3000000E-01
  0.2572339E+01  0.1458838E+00  0.3165000E+01  0.5000000E+01  0.1000000E+01  0.3000000E-01
  0.2572418E+01  0.1461224E+00  0.3160000E+01  0.5000000E+01  0.1000000E+01  0.3000000E-01
  0.2572497E+01  0.1463617E+00  0.3155000E+01  0.5000000E+01  0.1000000E+01  0.3000000E-01
  0.2572577E+01  0.1466017E+00  0.3150000E+01  0.5000000E+01  0.1000000E+01  0.3000000E-01
  0.2572658E+01  0.1468426E+00  0.3145000E+01  0.5000000E+01  0.1000000E+01  0.3000000E-01
  0.2572738E+01  0.1470842E+00  0.3140000E+01  0.5000000E+01  0.1000000E+01  0.3000000E-01
  0.2572820E+01  0.1473266E+00  0.3135000E+01  0.5000000E+01  0.1000000E+01  0.3000000E-01
  0.2572902E+01  0.1475697E+00  0.3130000E+01  0.5000000E+01  0.1000000E+01  0.3000000E-01
  0.2572984E+01  0.1478137E+00  0.3125000E+01  0.5000000E+01  0.1000000E+01  0.3000000E-01
  0.2573066E+01  0.1480584E+00  0.3120000E+01  0.5000000E+01  0.1000000E+01  0.3000000E-01
  0.2573150E+01  0.1483040E+00  0.3115000E+01  0.5000000E+01  0.1000000E+01  0.3000000E-01
  0.2573233E+01  0.1485503E+00  0.3110000E+01  0.5000000E+01  0.1000000E+01  0.3000000E-01
  0.2573317E+01  0.1487974E+00  0.3105000E+01  0.5000000E+01  0.1000000E+01  0.3000000E-01
  0.2573402E+01  0.1490453E+00  0.3100000E+01  0.5000000E+01  0.1000000E+01  0.3000000E-01
  0.2573487E+01  0.1492941E+00  0.3095000E+01  0.5000000E+01  0.1000000E+01  0.3000000E-01
  0.2573573E+01  0.1495436E+00  0.3090000E+01  0.5000000E+01  0.1000000E+01  0.3000000E-01
  0.2573659E+01  0.1497940E+00  0.3085000E+01  0.5000000E+01  0.1000000E+01  0.3000000E-01
  0.2573746E+01  0.1500451E+00  0.3080000E+01  0.5000000E+01  0.1000000E+01  0.3000000E-01
  0.2573833E+01  0.1502971E+00  0.3075000E+01  0.5000000E+01  0.1000000E+01  0.3000000E-01
  0.2573920E+01  0.1505499E+00  0.3070000E+01  0.5000000E+01  0.1000000E+01  0.3000000E-01
  0.2574008E+01  0.1508036E+00  0.3065000E+01  0.5000000E+01  0.1000000E+01  0.3000000E-01
  0.2574097E+01  0.1510581E+00  0.3060000E+01  0.5000000E+01  0.1000000E+01  0.3000000E-01
  0.2574186E+01  0.1513134E+00  0.3055000E+01  0.5000000E+01  0.1000000E+01  0.3000000E-01
  0.2574276E+01  0.1515695E+00  0.3050000E+01  0.5000000E+01  0.1000000E+01  0.3000000E-01
  0.2574366E+01  0.1518265E+00  0.3045000E+01  0.5000000E+01  0.1000000E+01  0.3000000E-01
  0.2574457E+01  0.1520843E+00  0.3040000E+01  0.5000000E+01  0.1000000E+01  0.3000000E-01
  0.2574548E+01  0.1523430E+00  0.3035000E+01  0.5000000E+01  0.1000000E+01  0.3000000E-01
  0.2574640E+01  0.1526026E+00  0.3030000E+01  0.5000000E+01  0.1000000E+01  0.3000000E-01
  0.2574732E+01  0.1528630E+00  0.3025000E+01  0.5000000E+01  0.1000000E+01  0.3000000E-01
  0.2574825E+01  0.1531242E+00  0.3020000E+01  0.5000000E+01  0.1000000E+01  0.3000000E-01
  0.2574918E+01  0.1533863E+00  0.3015000E+01  0.5000000E+01  0.1000000E+01  0.3000000E-01
  0.2575012E+01  0.1536493E+00  0.3010000E+01  0.5000000E+01  0.1000000E+01  0.3000000E-01
  0.2575107E+01  0.1539132E+00  0.3005000E+01  0.5000000E+01  0.1000000E+01  0.3000000E-01
  0.2575202E+01  0.1541779E+00  0.3000000E+01  0.5000000E+01  0.1000000E+01  0.3000000E-01
  0.2575298E+01  0.1544436E+00  0.2995000E+01  0.5000000E+01  0.1000000E+01  0.3000000E-01
  0.2575394E+01  0.1547101E+00  0.2990000E+01  0.5000000E+01  0.1000000E+01  0.3000000E-01
  0.2575491E+01  0.1549775E+00  0.2985000E+01  0.5000000E+01  0.1000000E+01  0.3000000E-01
  0.2575588E+01  0.1552457E+00  0.2980000E+01  0.5000000E+01  0.1000000E+01  0.3000000E-01
  0.2575686E+01  0.1555149E+00  0.2975000E+01  0.5000000E+01  0.1000000E+01  0.3000000E-01
  0.2575785E+01  0.1557850E+00  0.2970000E+01  0.5000000E+01  0.1000000E+01  0.3000000E-01
  0.2575884E+01  0.1560560E+00  0.2965000E+01  0.5000000E+01  0.1000000E+01  0.3000000E-01
  0.2575984E+01  0.1563279E+00  0.2960000E+01  0.5000000E+01  0.1000000E+01  0.3000000E-01
  0.2576084E+01  0.1566007E+00  0.2955000E+01  0.5000000E+01  0.1000000E+01  0.3000000E-01
  0.2576185E+01  0.1568744E+00  0.2950000E+01  0.5000000E+01  0.1000000E+01  0.3000000E-01
  0.2576287E+01  0.1571491E+00  0.2945000E+01  0.5000000E+01  0.1000000E+01  0.3000000E-01
  0.2576389E+01  0.1574247E+00  0.2940000E+01  0.5000000E+01  0.1000000E+01  0.3000000E-01
  0.2576492E+01  0.1577012E+00  0.2935000E+01  0.5000000E+01  0.1000000E+01  0.3000000E-01
  0.2576595E+01  0.1579786E+00  0.2930000E+01  0.5000000E+01  0.1000000E+01  0.3000000E-01
  0.2576699E+01  0.1582570E+00  0.2925000E+01  0.5000000E+01  0.1000000E+01  0.3000000E-01
  0.2576804E+01  0.1585363E+00  0.2920000E+01  0.5000000E+01  0.1000000E+01  0.3000000E-01
  0.2576909E+01  0.1588166E+00  0.2915000E+01  0.5000000E+01  0.1000000E+01  0.3000000E-01
  0.2577015E+01  0.1590978E+00  0.2910000E+01  0.5000000E+01  0.1000000E+01  0.3000000E-01
  0.2577122E+01  0.1593800E+00  0.2905000E+01  0.5000000E+01  0.1000000E+01  0.3000000E-01
  0.2577229E+01  0.1596631E+00  0.2900000E+01  0.5000000E+01  0.1000000E+01  0.3000000E-01
  0.2577337E+01  0.1599472E+00  0.2895000E+01  0.5000000E+01  0.1000000E+01  0.3000000E-01
  0.2577446E+01  0.1602322E+00  0.2890000E+01  0.5000000E+01  0.1000000E+01  0.3000000E-01
  0.2577555E+01  0.1605183E+00  0.2885000E+01  0.5000000E+01  0.1000000E+01  0.3000000E-01
  0.2577665E+01  0.1608053E+00  0.2880000E+01  0.5000000E+01  0.1000000E+01  0.3000000E-01
  0.2577776E+01  0.1610933E+00  0.2875000E+01  0.5000000E+01  0.1000000E+01  0.3000000E-01
  0.2577887E+01  0.1613822E+00  0.2870000E+01  0.5000000E+01  0.1000000E+01  0.3000000E-01
  0.2578000E+01  0.1616722E+00  0.2865000E+01  0.5000000E+01  0.1000000E+01  0.3000000E-01
  0.2578112E+01  0.1619632E+00  0.2860000E+01  0.5000000E+01  0.1000000E+01  0.3000000E-01
  0.2578226E+01  0.1622551E+00  0.2855000E+01  0.5000000E+01  0.1000000E+01  0.3000000E-01
  0.2578340E+01  0.1625481E+00  0.2850000E+01  0.5000000E+01  0.1000000E+01  0.3000000E-01
  0.2578455E+01  0.1628420E+00  0.2845000E+01  0.5000000E+01  0.1000000E+01  0.3000000E-01
  0.2578571E+01  0.1631370E+00  0.2840000E+01  0.5000000E+01  0.1000000E+01  0.3000000E-01
  0.2578687E+01  0.1634330E+00  0.2835000E+01  0.5000000E+01  0.1000000E+01  0.3000000E-01
  0.2578804E+01  0.1637300E+00  0.2830000E+01  0.5000000E+01  0.1000000E+01  0.3000000E-01
  0.2578922E+01  0.1640281E+00  0.2825000E+01  0.5000000E+01  0.1000000E+01  0.3000000E-01
  0.2579041E+01  0.1643272E+00  0.2820000E+01  0.5000000E+01  0.1000000E+01  0.3000000E-01
  0.2579160E+01  0.1646273E+00  0.2815000E+01  0.5000000E+01  0.1000000E+01  0.3000000E-01
  0.2579280E+01  0.1649284E+00  0.2810000E+01  0.5000000E+01  0.1000000E+01  0.3000000E-01
  0.2579401E+01  0.1652306E+00  0.2805000E+01  0.5000000E+01  0.1000000E+01  0.3000000E-01
  0.2579523E+01  0.1655338E+00  0.2800000E+01  0.5000000E+01  0.1000000E+01  0.3000000E-01
  0.2579646E+01  0.1658381E+00  0.2795000E+01  0.5000000E+01  0.1000000E+01  0.3000000E-01
  0.2579769E+01  0.1661435E+00  0.2790000E+01  0.5000000E+01  0.1000000E+01  0.3000000E-01
  0.2579893E+01  0.1664499E+00  0.2785000E+01  0.5000000E+01  0.1000000E+01  0.3000000E-01
  0.2580018E+01  0.1667574E+00  0.2780000E+01  0.5000000E+01  0.1000000E+01  0.3000000E-01
  0.2580143E+01  0.1670659E+00  0.2775000E+01  0.5000000E+01  0.1000000E+01  0.3000000E-01
  0.2580270E+01  0.1673756E+00  0.2770000E+01  0.5000000E+01  0.1000000E+01  0.3000000E-01
  0.2580397E+01  0.1676863E+00  0.2765000E+01  0.5000000E+01  0.1000000E+01  0.3000000E-01
  0.2580525E+01  0.1679981E+00  0.2760000E+01  0.5000000E+01  0.1000000E+01  0.3000000E-01
  0.2580654E+01  0.1683110E+00  0.2755000E+01  0.5000000E+01  0.1000000E+01  0.3000000E-01
  0.2580784E+01  0.1686249E+00  0.2750000E+01  0.5000000E+01  0.1000000E+01  0.3000000E-01
  0.2580915E+01  0.1689400E+00  0.2745000E+01  0.5000000E+01  0.1000000E+01  0.3000000E-01
  0.2581046E+01  0.1692562E+00  0.2740000E+01  0.5000000E+01  0.1000000E+01  0.3000000E-01
  0.2581179E+01  0.1695735E+00  0.2735000E+01  0.5000000E+01  0.1000000E+01  0.3000000E-01
  0.2581312E+01  0.1698919E+00  0.2730000E+01  0.5000000E+01  0.1000000E+01  0.3000000E-01
  0.2581446E+01  0.1702115E+00  0.2725000E+01  0.5000000E+01  0.1000000E+01  0.3000000E-01
  0.2581581E+01  0.1705322E+00  0.2720000E+01  0.5000000E+01  0.1000000E+01  0.3000000E-01
  0.2581717E+01  0.1708539E+00  0.2715000E+01  0.5000000E+01  0.1000000E+01  0.3000000E-01
  0.2581854E+01  0.1711769E+00  0.2710000E+01  0.5000000E+01  0.1000000E+01  0.3000000E-01
  0.2581992E+01  0.1715010E+00  0.2705000E+01  0.5000000E+01  0.1000000E+01  0.3000000E-01
  0.2582130E+01  0.1718262E+00  0.2700000E+01  0.5000000E+01  0.1000000E+01  0.3000000E-01
  0.2582270E+01  0.1721525E+00  0.2695000E+01  0.5000000E+01  0.1000000E+01  0.3000000E-01
  0.2582410E+01  0.1724801E+00  0.2690000E+01  0.5000000E+01  0.1000000E+01  0.3000000E-01
  0.2582552E+01  0.1728087E+00  0.2685000E+01  0.5000000E+01  0.1000000E+01  0.3000000E-01
  0.2582694E+01  0.1731386E+00  0.2680000E+01  0.5000000E+01  0.1000000E+01  0.3000000E-01
  0.2582838E+01  0.1734696E+00  0.2675000E+01  0.5000000E+01  0.1000000E+01  0.3000000E-01
  0.2582982E+01  0.1738018E+00  0.2670000E+01  0.5000000E+01  0.1000000E+01  0.3000000E-01
  0.2583127E+01  0.1741352E+00  0.2665000E+01  0.5000000E+01  0.1000000E+01  0.3000000E-01
  0.2583273E+01  0.1744697E+00  0.2660000E+01  0.5000000E+01  0.1000000E+01  0.3000000E-01
  0.2583421E+01  0.1748055E+00  0.2655000E+01  0.5000000E+01  0.1000000E+01  0.3000000E-01
  0.2583569E+01  0.1751425E+00  0.2650000E+01  0.5000000E+01  0.1000000E+01  0.3000000E-01
  0.2583718E+01  0.1754806E+00  0.2645000E+01  0.5000000E+01  0.1000000E+01  0.3000000E-01
  0.2583868E+01  0.1758200E+00  0.2640000E+01  0.5000000E+01  0.1000000E+01  0.3000000E-01
  0.2584020E+01  0.1761605E+00  0.2635000E+01  0.5000000E+01  0.1000000E+01  0.3000000E-01
  0.2584172E+01  0.1765023E+00  0.2630000E+01  0.5000000E+01  0.1000000E+01  0.3000000E-01
  0.2584325E+01  0.1768453E+00  0.2625000E+01  0.5000000E+01  0.1000000E+01  0.3000000E-01
  0.2584480E+01  0.1771896E+00  0.2620000E+01  0.5000000E+01  0.1000000E+01  0.3000000E-01
  0.2584635E+01  0.1775350E+00  0.2615000E+01  0.5000000E+01  0.1000000E+01  0.3000000E-01
  0.2584792E+01  0.1778817E+00  0.2610000E+01  0.5000000E+01  0.1000000E+01  0.3000000E-01
  0.2584950E+01  0.1782297E+00  0.2605000E+01  0.5000000E+01  0.1000000E+01  0.3000000E-01
  0.2585108E+01  0.1785789E+00  0.2600000E+01  0.5000000E+01  0.1000000E+01  0.3000000E-01
  0.2585268E+01  0.1789293E+00  0.2595000E+01  0.5000000E+01  0.1000000E+01  0.3000000E-01
  0.2585429E+01  0.1792810E+00  0.2590000E+01  0.5000000E+01  0.1000000E+01  0.3000000E-01
  0.2585591E+01  0.1796340E+00  0.2585000E+01  0.5000000E+01  0.1000000E+01  0.3000000E-01
  0.2585754E+01  0.1799883E+00  0.2580000E+01  0.5000000E+01  0.1000000E+01  0.3000000E-01
  0.2585918E+01  0.1803438E+00  0.2575000E+01  0.5000000E+01  0.1000000E+01  0.3000000E-01
  0.2586084E+01  0.1807006E+00  0.2570000E+01  0.5000000E+01  0.1000000E+01  0.3000000E-01
  0.2586251E+01  0.1810587E+00  0.2565000E+01  0.5000000E+01  0.1000000E+01  0.3000000E-01
  0.2586418E+01  0.1814180E+00  0.2560000E+01  0.5000000E+01  0.1000000E+01  0.3000000E-01
  0.2586587E+01  0.1817787E+00  0.2555000E+01  0.5000000E+01  0.1000000E+01  0.3000000E-01
  0.2586757E+01  0.1821407E+00  0.2550000E+01  0.5000000E+01  0.1000000E+01  0.3000000E-01
  0.2586929E+01  0.1825040E+00  0.2545000E+01  0.5000000E+01  0.1000000E+01  0.3000000E-01
  0.2587101E+01  0.1828686E+00  0.2540000E+01  0.5000000E+01  0.1000000E+01  0.3000000E-01
  0.2587275E+01  0.1832345E+00  0.2535000E+01  0.5000000E+01  0.1000000E+01  0.3000000E-01
  0.2587450E+01  0.1836017E+00  0.2530000E+01  0.5000000E+01  0.1000000E+01  0.3000000E-01
  0.2587626E+01  0.1839703E+00  0.2525000E+01  0.5000000E+01  0.1000000E+01  0.3000000E-01
  0.2587804E+01  0.1843402E+00  0.2520000E+01  0.5000000E+01  0.1000000E+01  0.3000000E-01
  0.2587982E+01  0.1847114E+00  0.2515000E+01  0.5000000E+01  0.1000000E+01  0.3000000E-01
  0.2588162E+01  0.1850840E+00  0.2510000E+01  0.5000000E+01  0.1000000E+01  0.3000000E-01
  0.2588344E+01  0.1854579E+00  0.2505000E+01  0.5000000E+01  0.1000000E+01  0.3000000E-01
  0.2588526E+01  0.1858332E+00  0.2500000E+01  0.5000000E+01  0.1000000E+01  0.3000000E-01
  0.2588710E+01  0.1862098E+00  0.2495000E+01  0.5000000E+01  0.1000000E+01  0.3000000E-01
  0.2588895E+01  0.1865878E+00  0.2490000E+01  0.5000000E+01  0.1000000E+01  0.3000000E-01
  0.2589082E+01  0.1869672E+00  0.2485000E+01  0.5000000E+01  0.1000000E+01  0.3000000E-01
  0.2589270E+01  0.1873480E+00  0.2480000E+01  0.5000000E+01  0.1000000E+01  0.3000000E-01
  0.2589459E+01  0.1877301E+00  0.2475000E+01  0.5000000E+01  0.1000000E+01  0.3000000E-01
  0.2589650E+01  0.1881137E+00  0.2470000E+01  0.5000000E+01  0.1000000E+01  0.3000000E-01
  0.2589842E+01  0.1884986E+00  0.2465000E+01  0.5000000E+01  0.1000000E+01  0.3000000E-01
  0.2590035E+01  0.1888849E+00  0.2460000E+01  0.5000000E+01  0.1000000E+01  0.3000000E-01
  0.2590230E+01  0.1892726E+00  0.2455000E+01  0.5000000E+01  0.1000000E+01  0.3000000E-01
  0.2590426E+01  0.1896618E+00  0.2450000E+01  0.5000000E+01  0.1000000E+01  0.3000000E-01
  0.2590624E+01  0.1900523E+00  0.2445000E+01  0.5000000E+01  0.1000000E+01  0.3000000E-01
  0.2590823E+01  0.1904443E+00  0.2440000E+01  0.5000000E+01  0.1000000E+01  0.3000000E-01
  0.2591023E+01  0.1908377E+00  0.2435000E+01  0.5000000E+01  0.1000000E+01  0.3000000E-01
  0.2591225E+01  0.1912325E+00  0.2430000E+01  0.5000000E+01  0.1000000E+01  0.3000000E-01
  0.2591429E+01  0.1916288E+00  0.2425000E+01  0.5000000E+01  0.1000000E+01  0.3000000E-01
  0.2591634E+01  0.1920265E+00  0.2420000E+01  0.5000000E+01  0.1000000E+01  0.3000000E-01
  0.2591840E+01  0.1924257E+00  0.2415000E+01  0.5000000E+01  0.1000000E+01  0.3000000E-01
  0.2592048E+01  0.1928263E+00  0.2410000E+01  0.5000000E+01  0.1000000E+01  0.3000000E-01
  0.2592258E+01  0.1932283E+00  0.2405000E+01  0.5000000E+01  0.1000000E+01  0.3000000E-01
  0.2592469E+01  0.1936319E+00  0.2400000E+01  0.5000000E+01  0.1000000E+01  0.3000000E-01
  0.2592681E+01  0.1940369E+00  0.2395000E+01  0.5000000E+01  0.1000000E+01  0.3000000E-01
  0.2592896E+01  0.1944433E+00  0.2390000E+01  0.5000000E+01  0.1000000E+01  0.3000000E-01
  0.2593111E+01  0.1948513E+00  0.2385000E+01  0.5000000E+01  0.1000000E+01  0.3000000E-01
  0.2593329E+01  0.1952607E+00  0.2380000E+01  0.5000000E+01  0.1000000E+01  0.3000000E-01
  0.2593548E+01  0.1956717E+00  0.2375000E+01  0.5000000E+01  0.1000000E+01  0.3000000E-01
  0.2593768E+01  0.1960841E+00  0.2370000E+01  0.5000000E+01  0.1000000E+01  0.3000000E-01
  0.2593991E+01  0.1964980E+00  0.2365000E+01  0.5000000E+01  0.1000000E+01  0.3000000E-01
  0.2594215E+01  0.1969134E+00  0.2360000E+01  0.5000000E+01  0.1000000E+01  0.3000000E-01
  0.2594441E+01  0.1973304E+00  0.2355000E+01  0.5000000E+01  0.1000000E+01  0.3000000E-01
  0.2594668E+01  0.1977488E+00  0.2350000E+01  0.5000000E+01  0.1000000E+01  0.3000000E-01
  0.2594897E+01  0.1981688E+00  0.2345000E+01  0.5000000E+01  0.1000000E+01  0.3000000E-01
  0.2595128E+01  0.1985903E+00  0.2340000E+01  0.5000000E+01  0.1000000E+01  0.3000000E-01
  0.2595360E+01  0.1990134E+00  0.2335000E+01  0.5000000E+01  0.1000000E+01  0.3000000E-01
  0.2595595E+01  0.1994379E+00  0.2330000E+01  0.5000000E+01  0.1000000E+01  0.3000000E-01
  0.2595831E+01  0.1998641E+00  0.2325000E+01  0.5000000E+01  0.1000000E+01  0.3000000E-01
  0.2596069E+01  0.2002917E+00  0.2320000E+01  0.5000000E+01  0.1000000E+01  0.3000000E-01
  0.2596308E+01  0.2007209E+00  0.2315000E+01  0.5000000E+01  0.1000000E+01  0.3000000E-01
  0.2596550E+01  0.2011517E+00  0.2310000E+01  0.5000000E+01  0.1000000E+01  0.3000000E-01
  0.2596793E+01  0.2015840E+00  0.2305000E+01  0.5000000E+01  0.1000000E+01  0.3000000E-01
  0.2597038E+01  0.2020179E+00  0.2300000E+01  0.5000000E+01  0.1000000E+01  0.3000000E-01
  0.2597286E+01  0.2024534E+00  0.2295000E+01  0.5000000E+01  0.1000000E+01  0.3000000E-01
  0.2597535E+01  0.2028905E+00  0.2290000E+01  0.5000000E+01  0.1000000E+01  0.3000000E-01
  0.2597785E+01  0.2033291E+00  0.2285000E+01  0.5000000E+01  0.1000000E+01  0.3000000E-01
  0.2598038E+01  0.2037693E+00  0.2280000E+01  0.5000000E+01  0.1000000E+01  0.3000000E-01
  0.2598293E+01  0.2042111E+00  0.2275000E+01  0.5000000E+01  0.1000000E+01  0.3000000E-01
  0.2598550E+01  0.2046545E+00  0.2270000E+01  0.5000000E+01  0.1000000E+01  0.3000000E-01
  0.2598808E+01  0.2050995E+00  0.2265000E+01  0.5000000E+01  0.1000000E+01  0.3000000E-01
  0.2599069E+01  0.2055462E+00  0.2260000E+01  0.5000000E+01  0.1000000E+01  0.3000000E-01
  0.2599332E+01  0.2059944E+00  0.2255000E+01  0.5000000E+01  0.1000000E+01  0.3000000E-01
  0.2599597E+01  0.2064442E+00  0.2250000E+01  0.5000000E+01  0.1000000E+01  0.3000000E-01
  0.2599864E+01  0.2068957E+00  0.2245000E+01  0.5000000E+01  0.1000000E+01  0.3000000E-01
  0.2600132E+01  0.2073487E+00  0.2240000E+01  0.5000000E+01  0.1000000E+01  0.3000000E-01
  0.2600403E+01  0.2078035E+00  0.2235000E+01  0.5000000E+01  0.1000000E+01  0.3000000E-01
  0.2600677E+01  0.2082598E+00  0.2230000E+01  0.5000000E+01  0.1000000E+01  0.3000000E-01
  0.2600952E+01  0.2087178E+00  0.2225000E+01  0.5000000E+01  0.1000000E+01  0.3000000E-01
  0.2601229E+01  0.2091774E+00  0.2220000E+01  0.5000000E+01  0.1000000E+01  0.3000000E-01
  0.2601509E+01  0.2096386E+00  0.2215000E+01  0.5000000E+01  0.1000000E+01  0.3000000E-01
  0.2601791E+01  0.2101016E+00  0.2210000E+01  0.5000000E+01  0.1000000E+01  0.3000000E-01
  0.2602074E+01  0.2105661E+00  0.2205000E+01  0.5000000E+01  0.1000000E+01  0.3000000E-01
  0.2602361E+01  0.2110323E+00  0.2200000E+01  0.5000000E+01  0.1000000E+01  0.3000000E-01
  0.2602649E+01  0.2115002E+00  0.2195000E+01  0.5000000E+01  0.1000000E+01  0.3000000E-01
  0.2602940E+01  0.2119698E+00  0.2190000E+01  0.5000000E+01  0.1000000E+01  0.3000000E-01
  0.2603233E+01  0.2124410E+00  0.2185000E+01  0.5000000E+01  0.1000000E+01  0.3000000E-01
  0.2603528E+01  0.2129139E+00  0.2180000E+01  0.5000000E+01  0.1000000E+01  0.3000000E-01
  0.2603826E+01  0.2133885E+00  0.2175000E+01  0.5000000E+01  0.1000000E+01  0.3000000E-01
  0.2604126E+01  0.2138647E+00  0.2170000E+01  0.5000000E+01  0.1000000E+01  0.3000000E-01
  0.2604428E+01  0.2143426E+00  0.2165000E+01  0.5000000E+01  0.1000000E+01  0.3000000E-01
  0.2604733E+01  0.2148223E+00  0.2160000E+01  0.5000000E+01  0.1000000E+01  0.3000000E-01
  0.2605041E+01  0.2153036E+00  0.2155000E+01  0.5000000E+01  0.1000000E+01  0.3000000E-01
  0.2605350E+01  0.2157866E+00  0.2150000E+01  0.5000000E+01  0.1000000E+01  0.3000000E-01
  0.2605662E+01  0.2162713E+00  0.2145000E+01  0.5000000E+01  0.1000000E+01  0.3000000E-01
  0.2605977E+01  0.2167577E+00  0.2140000E+01  0.5000000E+01  0.1000000E+01  0.3000000E-01
  0.2606294E+01  0.2172458E+00  0.2135000E+01  0.5000000E+01  0.1000000E+01  0.3000000E-01
  0.2606614E+01  0.2177356E+00  0.2130000E+01  0.5000000E+01  0.1000000E+01  0.3000000E-01
  0.2606936E+01  0.2182272E+00  0.2125000E+01  0.5000000E+01  0.1000000E+01  0.3000000E-01
  0.2607261E+01  0.2187204E+00  0.2120000E+01  0.5000000E+01  0.1000000E+01  0.3000000E-01
  0.2607589E+01  0.2192154E+00  0.2115000E+01  0.5000000E+01  0.1000000E+01  0.3000000E-01
  0.2607919E+01  0.2197120E+00  0.2110000E+01  0.5000000E+01  0.1000000E+01  0.3000000E-01
  0.2608252E+01  0.2202104E+00  0.2105000E+01  0.5000000E+01  0.1000000E+01  0.3000000E-01
  0.2608587E+01  0.2207105E+00  0.2100000E+01  0.5000000E+01  0.1000000E+01  0.3000000E-01
  0.2608925E+01  0.2212124E+00  0.2095000E+01  0.5000000E+01  0.1000000E+01  0.3000000E-01
  0.2609266E+01  0.2217160E+00  0.2090000E+01  0.5000000E+01  0.1000000E+01  0.3000000E-01
  0.2609610E+01  0.2222213E+00  0.2085000E+01  0.5000000E+01  0.1000000E+01  0.3000000E-01
  0.2609957E+01  0.2227283E+00  0.2080000E+01  0.5000000E+01  0.1000000E+01  0.3000000E-01
  0.2610306E+01  0.2232371E+00  0.2075000E+01  0.5000000E+01  0.1000000E+01  0.3000000E-01
  0.2610658E+01  0.2237476E+00  0.2070000E+01  0.5000000E+01  0.1000000E+01  0.3000000E-01
  0.2611013E+01  0.2242598E+00  0.2065000E+01  0.5000000E+01  0.1000000E+01  0.3000000E-01
  0.2611371E+01  0.2247738E+00  0.2060000E+01  0.5000000E+01  0.1000000E+01  0.3000000E-01
  0.2611732E+01  0.2252895E+00  0.2055000E+01  0.5000000E+01  0.1000000E+01  0.3000000E-01
  0.2612095E+01  0.2258070E+00  0.2050000E+01  0.5000000E+01  0.1000000E+01  0.3000000E-01
  0.2612462E+01  0.2263262E+00  0.2045000E+01  0.5000000E+01  0.1000000E+01  0.3000000E-01
  0.2612832E+01  0.2268472E+00  0.2040000E+01  0.5000000E+01  0.1000000E+01  0.3000000E-01
  0.2613205E+01  0.2273699E+00  0.2035000E+01  0.5000000E+01  0.1000000E+01  0.3000000E-01
  0.2613581E+01  0.2278943E+00  0.2030000E+01  0.5000000E+01  0.1000000E+01  0.3000000E-01
  0.2613959E+01  0.2284205E+00  0.2025000E+01  0.5000000E+01  0.1000000E+01  0.3000000E-01
  0.2614341E+01  0.2289484E+00  0.2020000E+01  0.5000000E+01  0.1000000E+01  0.3000000E-01
  0.2614727E+01  0.2294781E+00  0.2015000E+01  0.5000000E+01  0.1000000E+01  0.3000000E-01
  0.2615115E+01  0.2300095E+00  0.2010000E+01  0.5000000E+01  0.1000000E+01  0.3000000E-01
  0.2615506E+01  0.2305427E+00  0.2005000E+01  0.5000000E+01  0.1000000E+01  0.3000000E-01
  0.2615901E+01  0.2310777E+00  0.2000000E+01  0.5000000E+01  0.1000000E+01  0.3000000E-01
  0.2616299E+01  0.2316143E+00  0.1995000E+01  0.5000000E+01  0.1000000E+01  0.3000000E-01
  0.2616701E+01  0.2321527E+00  0.1990000E+01  0.5000000E+01  0.1000000E+01  0.3000000E-01
  0.2617105E+01  0.2326929E+00  0.1985000E+01  0.5000000E+01  0.1000000E+01  0.3000000E-01
  0.2617513E+01  0.2332348E+00  0.1980000E+01  0.5000000E+01  0.1000000E+01  0.3000000E-01
  0.2617925E+01  0.2337785E+00  0.1975000E+01  0.5000000E+01  0.1000000E+01  0.3000000E-01
  0.2618339E+01  0.2343239E+00  0.1970000E+01  0.5000000E+01  0.1000000E+01  0.3000000E-01
  0.2618758E+01  0.2348710E+00  0.1965000E+01  0.5000000E+01  0.1000000E+01  0.3000000E-01
  0.2619179E+01  0.2354199E+00  0.1960000E+01  0.5000000E+01  0.1000000E+01  0.3000000E-01
  0.2619604E+01  0.2359706E+00  0.1955000E+01  0.5000000E+01  0.1000000E+01  0.3000000E-01
  0.2620033E+01  0.2365229E+00  0.1950000E+01  0.5000000E+01  0.1000000E+01  0.3000000E-01
  0.2620465E+01  0.2370770E+00  0.1945000E+01  0.5000000E+01  0.1000000E+01  0.3000000E-01
  0.2620901E+01  0.2376328E+00  0.1940000E+01  0.5000000E+01  0.1000000E+01  0.3000000E-01
  0.2621341E+01  0.2381904E+00  0.1935000E+01  0.5000000E+01  0.1000000E+01  0.3000000E-01
  0.2621784E+01  0.2387497E+00  0.1930000E+01  0.5000000E+01  0.1000000E+01  0.3000000E-01
  0.2622231E+01  0.2393107E+00  0.1925000E+01  0.5000000E+01  0.1000000E+01  0.3000000E-01
  0.2622682E+01  0.2398735E+00  0.1920000E+01  0.5000000E+01  0.1000000E+01  0.3000000E-01
  0.2623136E+01  0.2404379E+00  0.1915000E+01  0.5000000E+01  0.1000000E+01  0.3000000E-01
  0.2623594E+01  0.2410041E+00  0.1910000E+01  0.5000000E+01  0.1000000E+01  0.3000000E-01
  0.2624056E+01  0.2415720E+00  0.1905000E+01  0.5000000E+01  0.1000000E+01  0.3000000E-01
  0.2624522E+01  0.2421416E+00  0.1900000E+01  0.5000000E+01  0.1000000E+01  0.3000000E-01
  0.2624992E+01  0.2427129E+00  0.1895000E+01  0.5000000E+01  0.1000000E+01  0.3000000E-01
  0.2625466E+01  0.2432859E+00  0.1890000E+01  0.5000000E+01  0.1000000E+01  0.3000000E-01
  0.2625944E+01  0.2438606E+00  0.1885000E+01  0.5000000E+01  0.1000000E+01  0.3000000E-01
  0.2626426E+01  0.2444369E+00  0.1880000E+01  0.5000000E+01  0.1000000E+01  0.3000000E-01
  0.2626911E+01  0.2450150E+00  0.1875000E+01  0.5000000E+01  0.1000000E+01  0.3000000E-01
  0.2627401E+01  0.2455948E+00  0.1870000E+01  0.5000000E+01  0.1000000E+01  0.3000000E-01
  0.2627895E+01  0.2461762E+00  0.1865000E+01  0.5000000E+01  0.1000000E+01  0.3000000E-01
  0.2628394E+01  0.2467593E+00  0.1860000E+01  0.5000000E+01  0.1000000E+01  0.3000000E-01
  0.2628896E+01  0.2473440E+00  0.1855000E+01  0.5000000E+01  0.1000000E+01  0.3000000E-01
  0.2629403E+01  0.2479304E+00  0.1850000E+01  0.5000000E+01  0.1000000E+01  0.3000000E-01
  0.2629914E+01  0.2485185E+00  0.1845000E+01  0.5000000E+01  0.1000000E+01  0.3000000E-01
  0.2630429E+01  0.2491082E+00  0.1840000E+01  0.5000000E+01  0.1000000E+01  0.3000000E-01
  0.2630949E+01  0.2496995E+00  0.1835000E+01  0.5000000E+01  0.1000000E+01  0.3000000E-01
  0.2631473E+01  0.2502925E+00  0.1830000E+01  0.5000000E+01  0.1000000E+01  0.3000000E-01
  0.2632001E+01  0.2508871E+00  0.1825000E+01  0.5000000E+01  0.1000000E+01  0.3000000E-01
  0.2632534E+01  0.2514833E+00  0.1820000E+01  0.5000000E+01  0.1000000E+01  0.3000000E-01
  0.2633071E+01  0.2520811E+00  0.1815000E+01  0.5000000E+01  0.1000000E+01  0.3000000E-01
  0.2633613E+01  0.2526805E+00  0.1810000E+01  0.5000000E+01  0.1000000E+01  0.3000000E-01
  0.2634160E+01  0.2532814E+00  0.1805000E+01  0.5000000E+01  0.1000000E+01  0.3000000E-01
  0.2634711E+01  0.2538840E+00  0.1800000E+01  0.5000000E+01  0.1000000E+01  0.3000000E-01
  0.2635267E+01  0.2544881E+00  0.1795000E+01  0.5000000E+01  0.1000000E+01  0.3000000E-01
  0.2635828E+01  0.2550938E+00  0.1790000E+01  0.5000000E+01  0.1000000E+01  0.3000000E-01
  0.2636393E+01  0.2557010E+00  0.1785000E+01  0.5000000E+01  0.1000000E+01  0.3000000E-01
  0.2636963E+01  0.2563098E+00  0.1780000E+01  0.5000000E+01  0.1000000E+01  0.3000000E-01
  0.2637538E+01  0.2569201E+00  0.1775000E+01  0.5000000E+01  0.1000000E+01  0.3000000E-01
  0.2638118E+01  0.2575319E+00  0.1770000E+01  0.5000000E+01  0.1000000E+01  0.3000000E-01
  0.2638703E+01  0.2581452E+00  0.1765000E+01  0.5000000E+01  0.1000000E+01  0.3000000E-01
  0.2639293E+01  0.2587600E+00  0.1760000E+01  0.5000000E+01  0.1000000E+01  0.3000000E-01
  0.2639888E+01  0.2593762E+00  0.1755000E+01  0.5000000E+01  0.1000000E+01  0.3000000E-01
  0.2640488E+01  0.2599940E+00  0.1750000E+01  0.5000000E+01  0.1000000E+01  0.3000000E-01
  0.2641093E+01  0.2606132E+00  0.1745000E+01  0.5000000E+01  0.1000000E+01  0.3000000E-01
  0.2641703E+01  0.2612338E+00  0.1740000E+01  0.5000000E+01  0.1000000E+01  0.3000000E-01
  0.2642318E+01  0.2618559E+00  0.1735000E+01  0.5000000E+01  0.1000000E+01  0.3000000E-01
  0.2642938E+01  0.2624793E+00  0.1730000E+01  0.5000000E+01  0.1000000E+01  0.3000000E-01
  0.2643564E+01  0.2631042E+00  0.1725000E+01  0.5000000E+01  0.1000000E+01  0.3000000E-01
  0.2644195E+01  0.2637304E+00  0.1720000E+01  0.5000000E+01  0.1000000E+01  0.3000000E-01
  0.2644832E+01  0.2643580E+00  0.1715000E+01  0.5000000E+01  0.1000000E+01  0.3000000E-01
  0.2645474E+01  0.2649870E+00  0.1710000E+01  0.5000000E+01  0.1000000E+01  0.3000000E-01
  0.2646121E+01  0.2656173E+00  0.1705000E+01  0.5000000E+01  0.1000000E+01  0.3000000E-01
  0.2646774E+01  0.2662489E+00  0.1700000E+01  0.5000000E+01  0.1000000E+01  0.3000000E-01
  0.2647433E+01  0.2668818E+00  0.1695000E+01  0.5000000E+01  0.1000000E+01  0.3000000E-01
  0.2648097E+01  0.2675160E+00  0.1690000E+01  0.5000000E+01  0.1000000E+01  0.3000000E-01
  0.2648767E+01  0.2681514E+00  0.1685000E+01  0.5000000E+01  0.1000000E+01  0.3000000E-01
  0.2649442E+01  0.2687881E+00  0.1680000E+01  0.5000000E+01  0.1000000E+01  0.3000000E-01
  0.2650123E+01  0.2694260E+00  0.1675000E+01  0.5000000E+01  0.1000000E+01  0.3000000E-01
  0.2650811E+01  0.2700652E+00  0.1670000E+01  0.5000000E+01  0.1000000E+01  0.3000000E-01
  0.2651503E+01  0.2707055E+00  0.1665000E+01  0.5000000E+01  0.1000000E+01  0.3000000E-01
  0.2652202E+01  0.2713470E+00  0.1660000E+01  0.5000000E+01  0.1000000E+01  0.3000000E-01
  0.2652907E+01  0.2719896E+00  0.1655000E+01  0.5000000E+01  0.1000000E+01  0.3000000E-01
  0.2653618E+01  0.2726334E+00  0.1650000E+01  0.5000000E+01  0.1000000E+01  0.3000000E-01
  0.2654335E+01  0.2732782E+00  0.1645000E+01  0.5000000E+01  0.1000000E+01  0.3000000E-01
  0.2655058E+01  0.2739242E+00  0.1640000E+01  0.5000000E+01  0.1000000E+01  0.3000000E-01
  0.2655787E+01  0.2745712E+00  0.1635000E+01  0.5000000E+01  0.1000000E+01  0.3000000E-01
  0.2656522E+01  0.2752192E+00  0.1630000E+01  0.5000000E+01  0.1000000E+01  0.3000000E-01
  0.2657264E+01  0.2758683E+00  0.1625000E+01  0.5000000E+01  0.1000000E+01  0.3000000E-01
  0.2658011E+01  0.2765183E+00  0.1620000E+01  0.5000000E+01  0.1000000E+01  0.3000000E-01
  0.2658766E+01  0.2771694E+00  0.1615000E+01  0.5000000E+01  0.1000000E+01  0.3000000E-01
  0.2659526E+01  0.2778213E+00  0.1610000E+01  0.5000000E+01  0.1000000E+01  0.3000000E-01
  0.2660293E+01  0.2784742E+00  0.1605000E+01  0.5000000E+01  0.1000000E+01  0.3000000E-01
  0.2661067E+01  0.2791279E+00  0.1600000E+01  0.5000000E+01  0.1000000E+01  0.3000000E-01
  0.2661847E+01  0.2797825E+00  0.1595000E+01  0.5000000E+01  0.1000000E+01  0.3000000E-01
  0.2662634E+01  0.2804379E+00  0.1590000E+01  0.5000000E+01  0.1000000E+01  0.3000000E-01
  0.2663428E+01  0.2810942E+00  0.1585000E+01  0.5000000E+01  0.1000000E+01  0.3000000E-01
  0.2664228E+01  0.2817512E+00  0.1580000E+01  0.5000000E+01  0.1000000E+01  0.3000000E-01
  0.2665035E+01  0.2824090E+00  0.1575000E+01  0.5000000E+01  0.1000000E+01  0.3000000E-01
  0.2665849E+01  0.2830674E+00  0.1570000E+01  0.5000000E+01  0.1000000E+01  0.3000000E-01
  0.2666670E+01  0.2837266E+00  0.1565000E+01  0.5000000E+01  0.1000000E+01  0.3000000E-01
  0.2667498E+01  0.2843864E+00  0.1560000E+01  0.5000000E+01  0.1000000E+01  0.3000000E-01
  0.2668333E+01  0.2850468E+00  0.1555000E+01  0.5000000E+01  0.1000000E+01  0.3000000E-01
  0.2669175E+01  0.2857078E+00  0.1550000E+01  0.5000000E+01  0.1000000E+01  0.3000000E-01
  0.2670024E+01  0.2863694E+00  0.1545000E+01  0.5000000E+01  0.1000000E+01  0.3000000E-01
  0.2670880E+01  0.2870315E+00  0.1540000E+01  0.5000000E+01  0.1000000E+01  0.3000000E-01
  0.2671744E+01  0.2876941E+00  0.1535000E+01  0.5000000E+01  0.1000000E+01  0.3000000E-01
  0.2672615E+01  0.2883572E+00  0.1530000E+01  0.5000000E+01  0.1000000E+01  0.3000000E-01
  0.2673493E+01  0.2890206E+00  0.1525000E+01  0.5000000E+01  0.1000000E+01  0.3000000E-01
  0.2674379E+01  0.2896845E+00  0.1520000E+01  0.5000000E+01  0.1000000E+01  0.3000000E-01
  0.2675272E+01  0.2903486E+00  0.1515000E+01  0.5000000E+01  0.1000000E+01  0.3000000E-01
  0.2676173E+01  0.2910131E+00  0.1510000E+01  0.5000000E+01  0.1000000E+01  0.3000000E-01
  0.2677082E+01  0.2916779E+00  0.1505000E+01  0.5000000E+01  0.1000000E+01  0.3000000E-01
  0.2677998E+01  0.2923429E+00  0.1500000E+01  0.5000000E+01  0.1000000E+01  0.3000000E-01
  0.2678921E+01  0.2930080E+00  0.1495000E+01  0.5000000E+01  0.1000000E+01  0.3000000E-01
  0.2679853E+01  0.2936734E+00  0.1490000E+01  0.5000000E+01  0.1000000E+01  0.3000000E-01
  0.2680793E+01  0.2943388E+00  0.1485000E+01  0.5000000E+01  0.1000000E+01  0.3000000E-01
  0.2681740E+01  0.2950043E+00  0.1480000E+01  0.5000000E+01  0.1000000E+01  0.3000000E-01
  0.2682696E+01  0.2956698E+00  0.1475000E+01  0.5000000E+01  0.1000000E+01  0.3000000E-01
  0.2683659E+01  0.2963353E+00  0.1470000E+01  0.5000000E+01  0.1000000E+01  0.3000000E-01
  0.2684631E+01  0.2970007E+00  0.1465000E+01  0.5000000E+01  0.1000000E+01  0.3000000E-01
  0.2685610E+01  0.2976660E+00  0.1460000E+01  0.5000000E+01  0.1000000E+01  0.3000000E-01
  0.2686598E+01  0.2983311E+00  0.1455000E+01  0.5000000E+01  0.1000000E+01  0.3000000E-01
  0.2687595E+01  0.2989961E+00  0.1450000E+01  0.5000000E+01  0.1000000E+01  0.3000000E-01
  0.2688600E+01  0.2996607E+00  0.1445000E+01  0.5000000E+01  0.1000000E+01  0.3000000E-01
  0.2689613E+01  0.3003251E+00  0.1440000E+01  0.5000000E+01  0.1000000E+01  0.3000000E-01
  0.2690634E+01  0.3009891E+00  0.1435000E+01  0.5000000E+01  0.1000000E+01  0.3000000E-01
  0.2691665E+01  0.3016527E+00  0.1430000E+01  0.5000000E+01  0.1000000E+01  0.3000000E-01
  0.2692704E+01  0.3023159E+00  0.1425000E+01  0.5000000E+01  0.1000000E+01  0.3000000E-01
  0.2693751E+01  0.3029785E+00  0.1420000E+01  0.5000000E+01  0.1000000E+01  0.3000000E-01
  0.2694808E+01  0.3036406E+00  0.1415000E+01  0.5000000E+01  0.1000000E+01  0.3000000E-01
  0.2695873E+01  0.3043021E+00  0.1410000E+01  0.5000000E+01  0.1000000E+01  0.3000000E-01
  0.2696947E+01  0.3049629E+00  0.1405000E+01  0.5000000E+01  0.1000000E+01  0.3000000E-01
  0.2698030E+01  0.3056229E+00  0.1400000E+01  0.5000000E+01  0.1000000E+01  0.3000000E-01
  0.2699122E+01  0.3062822E+00  0.1395000E+01  0.5000000E+01  0.1000000E+01  0.3000000E-01
  0.2700223E+01  0.3069406E+00  0.1390000E+01  0.5000000E+01  0.1000000E+01  0.3000000E-01
  0.2701334E+01  0.3075981E+00  0.1385000E+01  0.5000000E+01  0.1000000E+01  0.3000000E-01
  0.2702454E+01  0.3082547E+00  0.1380000E+01  0.5000000E+01  0.1000000E+01  0.3000000E-01
  0.2703583E+01  0.3089102E+00  0.1375000E+01  0.5000000E+01  0.1000000E+01  0.3000000E-01
  0.2704721E+01  0.3095647E+00  0.1370000E+01  0.5000000E+01  0.1000000E+01  0.3000000E-01
  0.2705869E+01  0.3102179E+00  0.1365000E+01  0.5000000E+01  0.1000000E+01  0.3000000E-01
  0.2707027E+01  0.3108700E+00  0.1360000E+01  0.5000000E+01  0.1000000E+01  0.3000000E-01
  0.2708194E+01  0.3115208E+00  0.1355000E+01  0.5000000E+01  0.1000000E+01  0.3000000E-01
  0.2709371E+01  0.3121702E+00  0.1350000E+01  0.5000000E+01  0.1000000E+01  0.3000000E-01
  0.2710557E+01  0.3128182E+00  0.1345000E+01  0.5000000E+01  0.1000000E+01  0.3000000E-01
  0.2711754E+01  0.3134647E+00  0.1340000E+01  0.5000000E+01  0.1000000E+01  0.3000000E-01
  0.2712960E+01  0.3141096E+00  0.1335000E+01  0.5000000E+01  0.1000000E+01  0.3000000E-01
  0.2714177E+01  0.3147529E+00  0.1330000E+01  0.5000000E+01  0.1000000E+01  0.3000000E-01
  0.2715403E+01  0.3153945E+00  0.1325000E+01  0.5000000E+01  0.1000000E+01  0.3000000E-01
  0.2716640E+01  0.3160344E+00  0.1320000E+01  0.5000000E+01  0.1000000E+01  0.3000000E-01
  0.2717886E+01  0.3166723E+00  0.1315000E+01  0.5000000E+01  0.1000000E+01  0.3000000E-01
  0.2719144E+01  0.3173083E+00  0.1310000E+01  0.5000000E+01  0.1000000E+01  0.3000000E-01
  0.2720411E+01  0.3179423E+00  0.1305000E+01  0.5000000E+01  0.1000000E+01  0.3000000E-01
  0.2721689E+01  0.3185742E+00  0.1300000E+01  0.5000000E+01  0.1000000E+01  0.3000000E-01
  0.2722977E+01  0.3192040E+00  0.1295000E+01  0.5000000E+01  0.1000000E+01  0.3000000E-01
  0.2724276E+01  0.3198314E+00  0.1290000E+01  0.5000000E+01  0.1000000E+01  0.3000000E-01
  0.2725586E+01  0.3204565E+00  0.1285000E+01  0.5000000E+01  0.1000000E+01  0.3000000E-01
  0.2726907E+01  0.3210792E+00  0.1280000E+01  0.5000000E+01  0.1000000E+01  0.3000000E-01
  0.2728238E+01  0.3216994E+00  0.1275000E+01  0.5000000E+01  0.1000000E+01  0.3000000E-01
  0.2729580E+01  0.3223170E+00  0.1270000E+01  0.5000000E+01  0.1000000E+01  0.3000000E-01
  0.2730934E+01  0.3229318E+00  0.1265000E+01  0.5000000E+01  0.1000000E+01  0.3000000E-01
  0.2732298E+01  0.3235439E+00  0.1260000E+01  0.5000000E+01  0.1000000E+01  0.3000000E-01
  0.2733674E+01  0.3241531E+00  0.1255000E+01  0.5000000E+01  0.1000000E+01  0.3000000E-01
  0.2735060E+01  0.3247593E+00  0.1250000E+01  0.5000000E+01  0.1000000E+01  0.3000000E-01
  0.2736459E+01  0.3253624E+00  0.1245000E+01  0.5000000E+01  0.1000000E+01  0.3000000E-01
  0.2737868E+01  0.3259623E+00  0.1240000E+01  0.5000000E+01  0.1000000E+01  0.3000000E-01
  0.2739289E+01  0.3265590E+00  0.1235000E+01  0.5000000E+01  0.1000000E+01  0.3000000E-01
  0.2740722E+01  0.3271523E+00  0.1230000E+01  0.5000000E+01  0.1000000E+01  0.3000000E-01
  0.2742166E+01  0.3277421E+00  0.1225000E+01  0.5000000E+01  0.1000000E+01  0.3000000E-01
  0.2743622E+01  0.3283283E+00  0.1220000E+01  0.5000000E+01  0.1000000E+01  0.3000000E-01
  0.2745090E+01  0.3289108E+00  0.1215000E+01  0.5000000E+01  0.1000000E+01  0.3000000E-01
  0.2746570E+01  0.3294894E+00  0.1210000E+01  0.5000000E+01  0.1000000E+01  0.3000000E-01
  0.2748062E+01  0.3300642E+00  0.1205000E+01  0.5000000E+01  0.1000000E+01  0.3000000E-01
  0.2749566E+01  0.3306349E+00  0.1200000E+01  0.5000000E+01  0.1000000E+01  0.3000000E-01
  0.2751083E+01  0.3312014E+00  0.1195000E+01  0.5000000E+01  0.1000000E+01  0.3000000E-01
  0.2752611E+01  0.3317637E+00  0.1190000E+01  0.5000000E+01  0.1000000E+01  0.3000000E-01
  0.2754152E+01  0.3323216E+00  0.1185000E+01  0.5000000E+01  0.1000000E+01  0.3000000E-01
  0.2755705E+01  0.3328749E+00  0.1180000E+01  0.5000000E+01  0.1000000E+01  0.3000000E-01
  0.2757271E+01  0.3334236E+00  0.1175000E+01  0.5000000E+01  0.1000000E+01  0.3000000E-01
  0.2758850E+01  0.3339676E+00  0.1170000E+01  0.5000000E+01  0.1000000E+01  0.3000000E-01
  0.2760441E+01  0.3345066E+00  0.1165000E+01  0.5000000E+01  0.1000000E+01  0.3000000E-01
  0.2762046E+01  0.3350405E+00  0.1160000E+01  0.5000000E+01  0.1000000E+01  0.3000000E-01
  0.2763663E+01  0.3355693E+00  0.1155000E+01  0.5000000E+01  0.1000000E+01  0.3000000E-01
  0.2765293E+01  0.3360928E+00  0.1150000E+01  0.5000000E+01  0.1000000E+01  0.3000000E-01
  0.2766936E+01  0.3366108E+00  0.1145000E+01  0.5000000E+01  0.1000000E+01  0.3000000E-01
  0.2768592E+01  0.3371232E+00  0.1140000E+01  0.5000000E+01  0.1000000E+01  0.3000000E-01
  0.2770262E+01  0.3376299E+00  0.1135000E+01  0.5000000E+01  0.1000000E+01  0.3000000E-01
  0.2771945E+01  0.3381307E+00  0.1130000E+01  0.5000000E+01  0.1000000E+01  0.3000000E-01
  0.2773642E+01  0.3386254E+00  0.1125000E+01  0.5000000E+01  0.1000000E+01  0.3000000E-01
  0.2775352E+01  0.3391139E+00  0.1120000E+01  0.5000000E+01  0.1000000E+01  0.3000000E-01
  0.2777076E+01  0.3395960E+00  0.1115000E+01  0.5000000E+01  0.1000000E+01  0.3000000E-01
  0.2778814E+01  0.3400717E+00  0.1110000E+01  0.5000000E+01  0.1000000E+01  0.3000000E-01
  0.2780565E+01  0.3405406E+00  0.1105000E+01  0.5000000E+01  0.1000000E+01  0.3000000E-01
  0.2782331E+01  0.3410026E+00  0.1100000E+01  0.5000000E+01  0.1000000E+01  0.3000000E-01
  0.2784110E+01  0.3414577E+00  0.1095000E+01  0.5000000E+01  0.1000000E+01  0.3000000E-01
  0.2785904E+01  0.3419055E+00  0.1090000E+01  0.5000000E+01  0.1000000E+01  0.3000000E-01
  0.2787712E+01  0.3423459E+00  0.1085000E+01  0.5000000E+01  0.1000000E+01  0.3000000E-01
  0.2789534E+01  0.3427787E+00  0.1080000E+01  0.5000000E+01  0.1000000E+01  0.3000000E-01
  0.2791371E+01  0.3432038E+00  0.1075000E+01  0.5000000E+01  0.1000000E+01  0.3000000E-01
  0.2793223E+01  0.3436210E+00  0.1070000E+01  0.5000000E+01  0.1000000E+01  0.3000000E-01
  0.2795089E+01  0.3440300E+00  0.1065000E+01  0.5000000E+01  0.1000000E+01  0.3000000E-01
  0.2796970E+01  0.3444306E+00  0.1060000E+01  0.5000000E+01  0.1000000E+01  0.3000000E-01
  0.2798866E+01  0.3448227E+00  0.1055000E+01  0.5000000E+01  0.1000000E+01  0.3000000E-01
  0.2800777E+01  0.3452060E+00  0.1050000E+01  0.5000000E+01  0.1000000E+01  0.3000000E-01
  0.2802702E+01  0.3455804E+00  0.1045000E+01  0.5000000E+01  0.1000000E+01  0.3000000E-01
  0.2804644E+01  0.3459456E+00  0.1040000E+01  0.5000000E+01  0.1000000E+01  0.3000000E-01
  0.2806600E+01  0.3463014E+00  0.1035000E+01  0.5000000E+01  0.1000000E+01  0.3000000E-01
  0.2808572E+01  0.3466475E+00  0.1030000E+01  0.5000000E+01  0.1000000E+01  0.3000000E-01
  0.2810559E+01  0.3469838E+00  0.1025000E+01  0.5000000E+01  0.1000000E+01  0.3000000E-01
  0.2812562E+01  0.3473100E+00  0.1020000E+01  0.5000000E+01  0.1000000E+01  0.3000000E-01
  0.2814581E+01  0.3476258E+00  0.1015000E+01  0.5000000E+01  0.1000000E+01  0.3000000E-01
  0.2816615E+01  0.3479310E+00  0.1010000E+01  0.5000000E+01  0.1000000E+01  0.3000000E-01
  0.2818665E+01  0.3482254E+00  0.1005000E+01  0.5000000E+01  0.1000000E+01  0.3000000E-01
  0.2820732E+01  0.3485087E+00  0.1000000E+01  0.5000000E+01  0.1000000E+01  0.3000000E-01
  0.2822814E+01  0.3487806E+00  0.9950000E+00  0.5000000E+01  0.1000000E+01  0.3000000E-01
  0.2824913E+01  0.3490408E+00  0.9900000E+00  0.5000000E+01  0.1000000E+01  0.3000000E-01
  0.2827028E+01  0.3492891E+00  0.9850000E+00  0.5000000E+01  0.1000000E+01  0.3000000E-01
  0.2829160E+01  0.3495252E+00  0.9800000E+00  0.5000000E+01  0.1000000E+01  0.3000000E-01
  0.2831308E+01  0.3497489E+00  0.9750000E+00  0.5000000E+01  0.1000000E+01  0.3000000E-01
  0.2833472E+01  0.3499597E+00  0.9700000E+00  0.5000000E+01  0.1000000E+01  0.3000000E-01
  0.2835654E+01  0.3501574E+00  0.9650000E+00  0.5000000E+01  0.1000000E+01  0.3000000E-01
  0.2837852E+01  0.3503416E+00  0.9600000E+00  0.5000000E+01  0.1000000E+01  0.3000000E-01
  0.2840068E+01  0.3505122E+00  0.9550000E+00  0.5000000E+01  0.1000000E+01  0.3000000E-01
  0.2842300E+01  0.3506686E+00  0.9500000E+00  0.5000000E+01  0.1000000E+01  0.3000000E-01
  0.2844550E+01  0.3508106E+00  0.9450000E+00  0.5000000E+01  0.1000000E+01  0.3000000E-01
  0.2846817E+01  0.3509379E+00  0.9400000E+00  0.5000000E+01  0.1000000E+01  0.3000000E-01
  0.2849101E+01  0.3510501E+00  0.9350000E+00  0.5000000E+01  0.1000000E+01  0.3000000E-01
  0.2851403E+01  0.3511467E+00  0.9300000E+00  0.5000000E+01  0.1000000E+01  0.3000000E-01
  0.2853722E+01  0.3512275E+00  0.9250000E+00  0.5000000E+01  0.1000000E+01  0.3000000E-01
  0.2856059E+01  0.3512921E+00  0.9200000E+00  0.5000000E+01  0.1000000E+01  0.3000000E-01
  0.2858414E+01  0.3513400E+00  0.9150000E+00  0.5000000E+01  0.1000000E+01  0.3000000E-01
  0.2860787E+01  0.3513708E+00  0.9100000E+00  0.5000000E+01  0.1000000E+01  0.3000000E-01
  0.2863177E+01  0.3513842E+00  0.9050000E+00  0.5000000E+01  0.1000000E+01  0.3000000E-01
  0.2865586E+01  0.3513797E+00  0.9000000E+00  0.5000000E+01  0.1000000E+01  0.3000000E-01
  0.2868013E+01  0.3513569E+00  0.8950000E+00  0.5000000E+01  0.1000000E+01  0.3000000E-01
  0.2870458E+01  0.3513152E+00  0.8900000E+00  0.5000000E+01  0.1000000E+01  0.3000000E-01
  0.2872921E+01  0.3512543E+00  0.8850000E+00  0.5000000E+01  0.1000000E+01  0.3000000E-01
  0.2875403E+01  0.3511736E+00  0.8800000E+00  0.5000000E+01  0.1000000E+01  0.3000000E-01
  0.2877903E+01  0.3510728E+00  0.8750000E+00  0.5000000E+01  0.1000000E+01  0.3000000E-01
  0.2880422E+01  0.3509511E+00  0.8700000E+00  0.5000000E+01  0.1000000E+01  0.3000000E-01
  0.2882959E+01  0.3508082E+00  0.8650000E+00  0.5000000E+01  0.1000000E+01  0.3000000E-01
  0.2885515E+01  0.3506435E+00  0.8600000E+00  0.5000000E+01  0.1000000E+01  0.3000000E-01
  0.2888090E+01  0.3504564E+00  0.8550000E+00  0.5000000E+01  0.1000000E+01  0.3000000E-01
  0.2890683E+01  0.3502463E+00  0.8500000E+00  0.5000000E+01  0.1000000E+01  0.3000000E-01
  0.2893295E+01  0.3500128E+00  0.8450000E+00  0.5000000E+01  0.1000000E+01  0.3000000E-01
  0.2895927E+01  0.3497551E+00  0.8400000E+00  0.5000000E+01  0.1000000E+01  0.3000000E-01
  0.2898577E+01  0.3494726E+00  0.8350000E+00  0.5000000E+01  0.1000000E+01  0.3000000E-01
  0.2901246E+01  0.3491647E+00  0.8300000E+00  0.5000000E+01  0.1000000E+01  0.3000000E-01
  0.2903934E+01  0.3488307E+00  0.8250000E+00  0.5000000E+01  0.1000000E+01  0.3000000E-01
  0.2906641E+01  0.3484699E+00  0.8200000E+00  0.5000000E+01  0.1000000E+01  0.3000000E-01
  0.2909367E+01  0.3480817E+00  0.8150000E+00  0.5000000E+01  0.1000000E+01  0.3000000E-01
  0.2912112E+01  0.3476652E+00  0.8100000E+00  0.5000000E+01  0.1000000E+01  0.3000000E-01
  0.2914876E+01  0.3472197E+00  0.8050000E+00  0.5000000E+01  0.1000000E+01  0.3000000E-01
  0.2917659E+01  0.3467444E+00  0.8000000E+00  0.5000000E+01  0.1000000E+01  0.3000000E-01
  0.2920461E+01  0.3462385E+00  0.7950000E+00  0.5000000E+01  0.1000000E+01  0.3000000E-01
  0.2923282E+01  0.3457012E+00  0.7900000E+00  0.5000000E+01  0.1000000E+01  0.3000000E-01
  0.2926121E+01  0.3451315E+00  0.7850000E+00  0.5000000E+01  0.1000000E+01  0.3000000E-01
  0.2928979E+01  0.3445287E+00  0.7800000E+00  0.5000000E+01  0.1000000E+01  0.3000000E-01
  0.2931855E+01  0.3438917E+00  0.7750000E+00  0.5000000E+01  0.1000000E+01  0.3000000E-01
  0.2934750E+01  0.3432196E+00  0.7700000E+00  0.5000000E+01  0.1000000E+01  0.3000000E-01
  0.2937663E+01  0.3425114E+00  0.7650000E+00  0.5000000E+01  0.1000000E+01  0.3000000E-01
  0.2940595E+01  0.3417660E+00  0.7600000E+00  0.5000000E+01  0.1000000E+01  0.3000000E-01
  0.2943544E+01  0.3409824E+00  0.7550000E+00  0.5000000E+01  0.1000000E+01  0.3000000E-01
  0.2946510E+01  0.3401595E+00  0.7500000E+00  0.5000000E+01  0.1000000E+01  0.3000000E-01
  0.2949494E+01  0.3392961E+00  0.7450000E+00  0.5000000E+01  0.1000000E+01  0.3000000E-01
  0.2952495E+01  0.3383910E+00  0.7400000E+00  0.5000000E+01  0.1000000E+01  0.3000000E-01
  0.2955512E+01  0.3374429E+00  0.7350000E+00  0.5000000E+01  0.1000000E+01  0.3000000E-01
  0.2958546E+01  0.3364507E+00  0.7300000E+00  0.5000000E+01  0.1000000E+01  0.3000000E-01
  0.2961595E+01  0.3354130E+00  0.7250000E+00  0.5000000E+01  0.1000000E+01  0.3000000E-01
  0.2964660E+01  0.3343283E+00  0.7200000E+00  0.5000000E+01  0.1000000E+01  0.3000000E-01
  0.2967739E+01  0.3331954E+00  0.7150000E+00  0.5000000E+01  0.1000000E+01  0.3000000E-01
  0.2970832E+01  0.3320126E+00  0.7100000E+00  0.5000000E+01  0.1000000E+01  0.3000000E-01
  0.2973939E+01  0.3307785E+00  0.7050000E+00  0.5000000E+01  0.1000000E+01  0.3000000E-01
  0.2977058E+01  0.3294916E+00  0.7000000E+00  0.5000000E+01  0.1000000E+01  0.3000000E-01
  0.2980188E+01  0.3281501E+00  0.6950000E+00  0.5000000E+01  0.1000000E+01  0.3000000E-01
  0.2983329E+01  0.3267525E+00  0.6900000E+00  0.5000000E+01  0.1000000E+01  0.3000000E-01
  0.2986480E+01  0.3252970E+00  0.6850000E+00  0.5000000E+01  0.1000000E+01  0.3000000E-01
  0.2989638E+01  0.3237818E+00  0.6800000E+00  0.5000000E+01  0.1000000E+01  0.3000000E-01
  0.2992804E+01  0.3222052E+00  0.6750000E+00  0.5000000E+01  0.1000000E+01  0.3000000E-01
  0.2995975E+01  0.3205652E+00  0.6700000E+00  0.5000000E+01  0.1000000E+01  0.3000000E-01
  0.2999150E+01  0.3188601E+00  0.6650000E+00  0.5000000E+01  0.1000000E+01  0.3000000E-01
  0.3002326E+01  0.3170878E+00  0.6600000E+00  0.5000000E+01  0.1000000E+01  0.3000000E-01
  0.3005503E+01  0.3152465E+00  0.6550000E+00  0.5000000E+01  0.1000000E+01  0.3000000E-01
  0.3008677E+01  0.3133342E+00  0.6500000E+00  0.5000000E+01  0.1000000E+01  0.3000000E-01
  0.3011847E+01  0.3113490E+00  0.6450000E+00  0.5000000E+01  0.1000000E+01  0.3000000E-01
  0.3015009E+01  0.3092890E+00  0.6400000E+00  0.5000000E+01  0.1000000E+01  0.3000000E-01
  0.3018161E+01  0.3071524E+00  0.6350000E+00  0.5000000E+01  0.1000000E+01  0.3000000E-01
  0.3021299E+01  0.3049373E+00  0.6300000E+00  0.5000000E+01  0.1000000E+01  0.3000000E-01
  0.3024420E+01  0.3026420E+00  0.6250000E+00  0.5000000E+01  0.1000000E+01  0.3000000E-01
  0.3027520E+01  0.3002650E+00  0.6200000E+00  0.5000000E+01  0.1000000E+01  0.3000000E-01
  0.3030594E+01  0.2978050E+00  0.6150000E+00  0.5000000E+01  0.1000000E+01  0.3000000E-01
  0.3033640E+01  0.2952608E+00  0.6100000E+00  0.5000000E+01  0.1000000E+01  0.3000000E-01
  0.3036651E+01  0.2926316E+00  0.6050000E+00  0.5000000E+01  0.1000000E+01  0.3000000E-01
  0.3039622E+01  0.2899168E+00  0.6000000E+00  0.5000000E+01  0.1000000E+01  0.3000000E-01
  0.3042549E+01  0.2871162E+00  0.5950000E+00  0.5000000E+01  0.1000000E+01  0.3000000E-01
  0.3045424E+01  0.2842304E+00  0.5900000E+00  0.5000000E+01  0.1000000E+01  0.3000000E-01
  0.3048244E+01  0.2812601E+00  0.5850000E+00  0.5000000E+01  0.1000000E+01  0.3000000E-01
  0.3051000E+01  0.2782069E+00  0.5800000E+00  0.5000000E+01  0.1000000E+01  0.3000000E-01
  0.3053687E+01  0.2750729E+00  0.5750000E+00  0.5000000E+01  0.1000000E+01  0.3000000E-01
  0.3056300E+01  0.2718611E+00  0.5700000E+00  0.5000000E+01  0.1000000E+01  0.3000000E-01
  0.3058830E+01  0.2685752E+00  0.5650000E+00  0.5000000E+01  0.1000000E+01  0.3000000E-01
  0.3061273E+01  0.2652196E+00  0.5600000E+00  0.5000000E+01  0.1000000E+01  0.3000000E-01
  0.3063624E+01  0.2617997E+00  0.5550000E+00  0.5000000E+01  0.1000000E+01  0.3000000E-01
  0.3065876E+01  0.2583214E+00  0.5500000E+00  0.5000000E+01  0.1000000E+01  0.3000000E-01
  0.3068025E+01  0.2547916E+00  0.5450000E+00  0.5000000E+01  0.1000000E+01  0.3000000E-01
  0.3070068E+01  0.2512175E+00  0.5400000E+00  0.5000000E+01  0.1000000E+01  0.3000000E-01
  0.3072002E+01  0.2476071E+00  0.5350000E+00  0.5000000E+01  0.1000000E+01  0.3000000E-01
  0.3073824E+01  0.2439684E+00  0.5300000E+00  0.5000000E+01  0.1000000E+01  0.3000000E-01
  0.3075535E+01  0.2403098E+00  0.5250000E+00  0.5000000E+01  0.1000000E+01  0.3000000E-01
  0.3077133E+01  0.2366397E+00  0.5200000E+00  0.5000000E+01  0.1000000E+01  0.3000000E-01
  0.3078621E+01  0.2329661E+00  0.5150000E+00  0.5000000E+01  0.1000000E+01  0.3000000E-01
  0.3080000E+01  0.2292969E+00  0.5100000E+00  0.5000000E+01  0.1000000E+01  0.3000000E-01
  0.3081273E+01  0.2256395E+00  0.5050000E+00  0.5000000E+01  0.1000000E+01  0.3000000E-01
  0.3082444E+01  0.2220007E+00  0.5000000E+00  0.5000000E+01  0.1000000E+01  0.3000000E-01
  0.3083517E+01  0.2183865E+00  0.4950000E+00  0.5000000E+01  0.1000000E+01  0.3000000E-01
  0.3084496E+01  0.2148023E+00  0.4900000E+00  0.5000000E+01  0.1000000E+01  0.3000000E-01
  0.3085387E+01  0.2112528E+00  0.4850000E+00  0.5000000E+01  0.1000000E+01  0.3000000E-01
  0.3086194E+01  0.2077420E+00  0.4800000E+00  0.5000000E+01  0.1000000E+01  0.3000000E-01
  0.3086924E+01  0.2042731E+00  0.4750000E+00  0.5000000E+01  0.1000000E+01  0.3000000E-01
  0.3087581E+01  0.2008486E+00  0.4700000E+00  0.5000000E+01  0.1000000E+01  0.3000000E-01
  0.3088170E+01  0.1974704E+00  0.4650000E+00  0.5000000E+01  0.1000000E+01  0.3000000E-01
  0.3088697E+01  0.1941402E+00  0.4600000E+00  0.5000000E+01  0.1000000E+01  0.3000000E-01
  0.3089167E+01  0.1908586E+00  0.4550000E+00  0.5000000E+01  0.1000000E+01  0.3000000E-01
  0.3089583E+01  0.1876263E+00  0.4500000E+00  0.5000000E+01  0.1000000E+01  0.3000000E-01
  0.3089951E+01  0.1844434E+00  0.4450000E+00  0.5000000E+01  0.1000000E+01  0.3000000E-01
  0.3090275E+01  0.1813096E+00  0.4400000E+00  0.5000000E+01  0.1000000E+01  0.3000000E-01
  0.3090558E+01  0.1782247E+00  0.4350000E+00  0.5000000E+01  0.1000000E+01  0.3000000E-01
  0.3090804E+01  0.1751879E+00  0.4300000E+00  0.5000000E+01  0.1000000E+01  0.3000000E-01
  0.3091017E+01  0.1721983E+00  0.4250000E+00  0.5000000E+01  0.1000000E+01  0.3000000E-01
  0.3091198E+01  0.1692552E+00  0.4200000E+00  0.5000000E+01  0.1000000E+01  0.3000000E-01
  0.3091352E+01  0.1663574E+00  0.4150000E+00  0.5000000E+01  0.1000000E+01  0.3000000E-01
  0.3091481E+01  0.1635039E+00  0.4100000E+00  0.5000000E+01  0.1000000E+01  0.3000000E-01
  0.3091586E+01  0.1606933E+00  0.4050000E+00  0.5000000E+01  0.1000000E+01  0.3000000E-01
  0.3091671E+01  0.1579246E+00  0.4000000E+00  0.5000000E+01  0.1000000E+01  0.3000000E-01
  0.3091737E+01  0.1551965E+00  0.3950000E+00  0.5000000E+01  0.1000000E+01  0.3000000E-01
  0.3091787E+01  0.1525077E+00  0.3900000E+00  0.5000000E+01  0.1000000E+01  0.3000000E-01
  0.3091820E+01  0.1498571E+00  0.3850000E+00  0.5000000E+01  0.1000000E+01  0.3000000E-01
  0.3091840E+01  0.1472433E+00  0.3800000E+00  0.5000000E+01  0.1000000E+01  0.3000000E-01
  0.3091848E+01  0.1446653E+00  0.3750000E+00  0.5000000E+01  0.1000000E+01  0.3000000E-01
  0.3091844E+01  0.1421217E+00  0.3700000E+00  0.5000000E+01  0.1000000E+01  0.3000000E-01
  0.3091830E+01  0.1396114E+00  0.3650000E+00  0.5000000E+01  0.1000000E+01  0.3000000E-01
  0.3091808E+01  0.1371334E+00  0.3600000E+00  0.5000000E+01  0.1000000E+01  0.3000000E-01
  0.3091777E+01  0.1346864E+00  0.3550000E+00  0.5000000E+01  0.1000000E+01  0.3000000E-01
  0.3091739E+01  0.1322695E+00  0.3500000E+00  0.5000000E+01  0.1000000E+01  0.3000000E-01
  0.3091695E+01  0.1298816E+00  0.3450000E+00  0.5000000E+01  0.1000000E+01  0.3000000E-01
  0.3091645E+01  0.1275216E+00  0.3400000E+00  0.5000000E+01  0.1000000E+01  0.3000000E-01
  0.3091590E+01  0.1251886E+00  0.3350000E+00  0.5000000E+01  0.1000000E+01  0.3000000E-01
  0.3091530E+01  0.1228818E+00  0.3300000E+00  0.5000000E+01  0.1000000E+01  0.3000000E-01
  0.3091467E+01  0.1206001E+00  0.3250000E+00  0.5000000E+01  0.1000000E+01  0.3000000E-01
  0.3091401E+01  0.1183426E+00  0.3200000E+00  0.5000000E+01  0.1000000E+01  0.3000000E-01
  0.3091331E+01  0.1161087E+00  0.3150000E+00  0.5000000E+01  0.1000000E+01  0.3000000E-01
  0.3091259E+01  0.1138973E+00  0.3100000E+00  0.5000000E+01  0.1000000E+01  0.3000000E-01
  0.3091185E+01  0.1117079E+00  0.3050000E+00  0.5000000E+01  0.1000000E+01  0.3000000E-01
  0.3091110E+01  0.1095395E+00  0.3000000E+00  0.5000000E+01  0.1000000E+01  0.3000000E-01
  0.3091033E+01  0.1073915E+00  0.2950000E+00  0.5000000E+01  0.1000000E+01  0.3000000E-01
  0.3090955E+01  0.1052631E+00  0.2900000E+00  0.5000000E+01  0.1000000E+01  0.3000000E-01
  0.3090876E+01  0.1031538E+00  0.2850000E+00  0.5000000E+01  0.1000000E+01  0.3000000E-01
  0.3090797E+01  0.1010628E+00  0.2800000E+00  0.5000000E+01  0.1000000E+01  0.3000000E-01
  0.3090717E+01  0.9898953E-01  0.2750000E+00  0.5000000E+01  0.1000000E+01  0.3000000E-01
  0.3090638E+01  0.9693335E-01  0.2700000E+00  0.5000000E+01  0.1000000E+01  0.3000000E-01
  0.3090558E+01  0.9489370E-01  0.2650000E+00  0.5000000E+01  0.1000000E+01  0.3000000E-01
  0.3090479E+01  0.9287000E-01  0.2600000E+00  0.5000000E+01  0.1000000E+01  0.3000000E-01
  0.3090400E+01  0.9086171E-01  0.2550000E+00  0.5000000E+01  0.1000000E+01  0.3000000E-01
  0.3090322E+01  0.8886831E-01  0.2500000E+00  0.5000000E+01  0.1000000E+01  0.3000000E-01
  0.3090245E+01  0.8688928E-01  0.2450000E+00  0.5000000E+01  0.1000000E+01  0.3000000E-01
  0.3090169E+01  0.8492413E-01  0.2400000E+00  0.5000000E+01  0.1000000E+01  0.3000000E-01
  0.3090093E+01  0.8297240E-01  0.2350000E+00  0.5000000E+01  0.1000000E+01  0.3000000E-01
  0.3090019E+01  0.8103360E-01  0.2300000E+00  0.5000000E+01  0.1000000E+01  0.3000000E-01
  0.3089946E+01  0.7910731E-01  0.2250000E+00  0.5000000E+01  0.1000000E+01  0.3000000E-01
  0.3089875E+01  0.7719308E-01  0.2200000E+00  0.5000000E+01  0.1000000E+01  0.3000000E-01
  0.3089804E+01  0.7529050E-01  0.2150000E+00  0.5000000E+01  0.1000000E+01  0.3000000E-01
  0.3089736E+01  0.7339916E-01  0.2100000E+00  0.5000000E+01  0.1000000E+01  0.3000000E-01
  0.3089669E+01  0.7151867E-01  0.2050000E+00  0.5000000E+01  0.1000000E+01  0.3000000E-01
  0.3089603E+01  0.6964864E-01  0.2000000E+00  0.5000000E+01  0.1000000E+01  0.3000000E-01
  0.3089540E+01  0.6778871E-01  0.1950000E+00  0.5000000E+01  0.1000000E+01  0.3000000E-01
  0.3089478E+01  0.6593851E-01  0.1900000E+00  0.5000000E+01  0.1000000E+01  0.3000000E-01
  0.3089418E+01  0.6409768E-01  0.1850000E+00  0.5000000E+01  0.1000000E+01  0.3000000E-01
  0.3089359E+01  0.6226590E-01  0.1800000E+00  0.5000000E+01  0.1000000E+01  0.3000000E-01
  0.3089303E+01  0.6044283E-01  0.1750000E+00  0.5000000E+01  0.1000000E+01  0.3000000E-01
  0.3089249E+01  0.5862813E-01  0.1700000E+00  0.5000000E+01  0.1000000E+01  0.3000000E-01
  0.3089197E+01  0.5682151E-01  0.1650000E+00  0.5000000E+01  0.1000000E+01  0.3000000E-01
  0.3089147E+01  0.5502264E-01  0.1600000E+00  0.5000000E+01  0.1000000E+01  0.3000000E-01
  0.3089099E+01  0.5323123E-01  0.1550000E+00  0.5000000E+01  0.1000000E+01  0.3000000E-01
  0.3089053E+01  0.5144698E-01  0.1500000E+00  0.5000000E+01  0.1000000E+01  0.3000000E-01
  0.3089009E+01  0.4966961E-01  0.1450000E+00  0.5000000E+01  0.1000000E+01  0.3000000E-01
  0.3088967E+01  0.4789884E-01  0.1400000E+00  0.5000000E+01  0.1000000E+01  0.3000000E-01
  0.3088928E+01  0.4613438E-01  0.1350000E+00  0.5000000E+01  0.1000000E+01  0.3000000E-01
  0.3088891E+01  0.4437598E-01  0.1300000E+00  0.5000000E+01  0.1000000E+01  0.3000000E-01
  0.3088856E+01  0.4262337E-01  0.1250000E+00  0.5000000E+01  0.1000000E+01  0.3000000E-01
  0.3088824E+01  0.4087629E-01  0.1200000E+00  0.5000000E+01  0.1000000E+01  0.3000000E-01
  0.3088793E+01  0.3913449E-01  0.1150000E+00  0.5000000E+01  0.1000000E+01  0.3000000E-01
  0.3088766E+01  0.3739771E-01  0.1100000E+00  0.5000000E+01  0.1000000E+01  0.3000000E-01
  0.3088740E+01  0.3566572E-01  0.1050000E+00  0.5000000E+01  0.1000000E+01  0.3000000E-01
  0.3088717E+01  0.3393827E-01  0.1000000E+00  0.5000000E+01  0.1000000E+01  0.3000000E-01
  0.3088696E+01  0.3221513E-01  0.9500000E-01  0.5000000E+01  0.1000000E+01  0.3000000E-01
  0.3088678E+01  0.3049606E-01  0.9000000E-01  0.5000000E+01  0.1000000E+01  0.3000000E-01
  0.3088662E+01  0.2878084E-01  0.8500000E-01  0.5000000E+01  0.1000000E+01  0.3000000E-01
  0.3088648E+01  0.2706923E-01  0.8000000E-01  0.5000000E+01  0.1000000E+01  0.3000000E-01
  0.3088637E+01  0.2536101E-01  0.7500000E-01  0.5000000E+01  0.1000000E+01  0.3000000E-01
  0.3088629E+01  0.2365597E-01  0.7000000E-01  0.5000000E+01  0.1000000E+01  0.3000000E-01
  0.3088623E+01  0.2195389E-01  0.6500000E-01  0.5000000E+01  0.1000000E+01  0.3000000E-01
  0.3088619E+01  0.2025454E-01  0.6000000E-01  0.5000000E+01  0.1000000E+01  0.3000000E-01
  0.3088618E+01  0.1855772E-01  0.5500000E-01  0.5000000E+01  0.1000000E+01  0.3000000E-01
  0.3088619E+01  0.1686322E-01  0.5000000E-01  0.5000000E+01  0.1000000E+01  0.3000000E-01

