  0.1410491E+00  0.7560606E-01  0.5000000E+01  0.5000000E+01  0.1000000E+01  0.3000000E-01
  0.1411186E+00  0.7560950E-01  0.4995000E+01  0.5000000E+01  0.1000000E+01  0.3000000E-01
  0.1411881E+00  0.7561291E-01  0.4990000E+01  0.5000000E+01  0.1000000E+01  0.3000000E-01
  0.1412577E+00  0.7561627E-01  0.4985000E+01  0.5000000E+01  0.1000000E+01  0.3000000E-01
  0.1413274E+00  0.7561959E-01  0.4980000E+01  0.5000000E+01  0.1000000E+01  0.3000000E-01
  0.1413971E+00  0.7562288E-01  0.4975000E+01  0.5000000E+01  0.1000000E+01  0.3000000E-01
  0.1414670E+00  0.7562612E-01  0.4970000E+01  0.5000000E+01  0.1000000E+01  0.3000000E-01
  0.1415369E+00  0.7562933E-01  0.4965000E+01  0.5000000E+01  0.1000000E+01  0.3000000E-01
  0.1416069E+00  0.7563250E-01  0.4960000E+01  0.5000000E+01  0.1000000E+01  0.3000000E-01
  0.1416770E+00  0.7563563E-01  0.4955000E+01  0.5000000E+01  0.1000000E+01  0.3000000E-01
  0.1417471E+00  0.7563872E-01  0.4950000E+01  0.5000000E+01  0.1000000E+01  0.3000000E-01
  0.1418174E+00  0.7564177E-01  0.4945000E+01  0.5000000E+01  0.1000000E+01  0.3000000E-01
  0.1418877E+00  0.7564478E-01  0.4940000E+01  0.5000000E+01  0.1000000E+01  0.3000000E-01
  0.1419581E+00  0.7564775E-01  0.4935000E+01  0.5000000E+01  0.1000000E+01  0.3000000E-01
  0.1420286E+00  0.7565068E-01  0.4930000E+01  0.5000000E+01  0.1000000E+01  0.3000000E-01
  0.1420991E+00  0.7565357E-01  0.4925000E+01  0.5000000E+01  0.1000000E+01  0.3000000E-01
  0.1421698E+00  0.7565642E-01  0.4920000E+01  0.5000000E+01  0.1000000E+01  0.3000000E-01
  0.1422405E+00  0.7565923E-01  0.4915000E+01  0.5000000E+01  0.1000000E+01  0.3000000E-01
  0.1423113E+00  0.7566200E-01  0.4910000E+01  0.5000000E+01  0.1000000E+01  0.3000000E-01
  0.1423822E+00  0.7566473E-01  0.4905000E+01  0.5000000E+01  0.1000000E+01  0.3000000E-01
  0.1424532E+00  0.7566742E-01  0.4900000E+01  0.5000000E+01  0.1000000E+01  0.3000000E-01
  0.1425243E+00  0.7567006E-01  0.4895000E+01  0.5000000E+01  0.1000000E+01  0.3000000E-01
  0.1425954E+00  0.7567267E-01  0.4890000E+01  0.5000000E+01  0.1000000E+01  0.3000000E-01
  0.1426667E+00  0.7567523E-01  0.4885000E+01  0.5000000E+01  0.1000000E+01  0.3000000E-01
  0.1427380E+00  0.7567775E-01  0.4880000E+01  0.5000000E+01  0.1000000E+01  0.3000000E-01
  0.1428094E+00  0.7568023E-01  0.4875000E+01  0.5000000E+01  0.1000000E+01  0.3000000E-01
  0.1428808E+00  0.7568267E-01  0.4870000E+01  0.5000000E+01  0.1000000E+01  0.3000000E-01
  0.1429524E+00  0.7568507E-01  0.4865000E+01  0.5000000E+01  0.1000000E+01  0.3000000E-01
  0.1430240E+00  0.7568742E-01  0.4860000E+01  0.5000000E+01  0.1000000E+01  0.3000000E-01
  0.1430958E+00  0.7568973E-01  0.4855000E+01  0.5000000E+01  0.1000000E+01  0.3000000E-01
  0.1431676E+00  0.7569200E-01  0.4850000E+01  0.5000000E+01  0.1000000E+01  0.3000000E-01
  0.1432395E+00  0.7569422E-01  0.4845000E+01  0.5000000E+01  0.1000000E+01  0.3000000E-01
  0.1433114E+00  0.7569641E-01  0.4840000E+01  0.5000000E+01  0.1000000E+01  0.3000000E-01
  0.1433835E+00  0.7569854E-01  0.4835000E+01  0.5000000E+01  0.1000000E+01  0.3000000E-01
  0.1434556E+00  0.7570064E-01  0.4830000E+01  0.5000000E+01  0.1000000E+01  0.3000000E-01
  0.1435279E+00  0.7570269E-01  0.4825000E+01  0.5000000E+01  0.1000000E+01  0.3000000E-01
  0.1436002E+00  0.7570470E-01  0.4820000E+01  0.5000000E+01  0.1000000E+01  0.3000000E-01
  0.1436726E+00  0.7570666E-01  0.4815000E+01  0.5000000E+01  0.1000000E+01  0.3000000E-01
  0.1437450E+00  0.7570858E-01  0.4810000E+01  0.5000000E+01  0.1000000E+01  0.3000000E-01
  0.1438176E+00  0.7571046E-01  0.4805000E+01  0.5000000E+01  0.1000000E+01  0.3000000E-01
  0.1438903E+00  0.7571229E-01  0.4800000E+01  0.5000000E+01  0.1000000E+01  0.3000000E-01
  0.1439630E+00  0.7571408E-01  0.4795000E+01  0.5000000E+01  0.1000000E+01  0.3000000E-01
  0.1440358E+00  0.7571582E-01  0.4790000E+01  0.5000000E+01  0.1000000E+01  0.3000000E-01
  0.1441087E+00  0.7571752E-01  0.4785000E+01  0.5000000E+01  0.1000000E+01  0.3000000E-01
  0.1441817E+00  0.7571917E-01  0.4780000E+01  0.5000000E+01  0.1000000E+01  0.3000000E-01
  0.1442548E+00  0.7572078E-01  0.4775000E+01  0.5000000E+01  0.1000000E+01  0.3000000E-01
  0.1443279E+00  0.7572234E-01  0.4770000E+01  0.5000000E+01  0.1000000E+01  0.3000000E-01
  0.1444012E+00  0.7572385E-01  0.4765000E+01  0.5000000E+01  0.1000000E+01  0.3000000E-01
  0.1444745E+00  0.7572532E-01  0.4760000E+01  0.5000000E+01  0.1000000E+01  0.3000000E-01
  0.1445479E+00  0.7572675E-01  0.4755000E+01  0.5000000E+01  0.1000000E+01  0.3000000E-01
  0.1446214E+00  0.7572812E-01  0.4750000E+01  0.5000000E+01  0.1000000E+01  0.3000000E-01
  0.1446950E+00  0.7572945E-01  0.4745000E+01  0.5000000E+01  0.1000000E+01  0.3000000E-01
  0.1447687E+00  0.7573074E-01  0.4740000E+01  0.5000000E+01  0.1000000E+01  0.3000000E-01
  0.1448424E+00  0.7573198E-01  0.4735000E+01  0.5000000E+01  0.1000000E+01  0.3000000E-01
  0.1449163E+00  0.7573317E-01  0.4730000E+01  0.5000000E+01  0.1000000E+01  0.3000000E-01
  0.1449902E+00  0.7573431E-01  0.4725000E+01  0.5000000E+01  0.1000000E+01  0.3000000E-01
  0.1450642E+00  0.7573541E-01  0.4720000E+01  0.5000000E+01  0.1000000E+01  0.3000000E-01
  0.1451383E+00  0.7573646E-01  0.4715000E+01  0.5000000E+01  0.1000000E+01  0.3000000E-01
  0.1452125E+00  0.7573746E-01  0.4710000E+01  0.5000000E+01  0.1000000E+01  0.3000000E-01
  0.1452868E+00  0.7573841E-01  0.4705000E+01  0.5000000E+01  0.1000000E+01  0.3000000E-01
  0.1453611E+00  0.7573931E-01  0.4700000E+01  0.5000000E+01  0.1000000E+01  0.3000000E-01
  0.1454356E+00  0.7574017E-01  0.4695000E+01  0.5000000E+01  0.1000000E+01  0.3000000E-01
  0.1455101E+00  0.7574098E-01  0.4690000E+01  0.5000000E+01  0.1000000E+01  0.3000000E-01
  0.1455847E+00  0.7574174E-01  0.4685000E+01  0.5000000E+01  0.1000000E+01  0.3000000E-01
  0.1456594E+00  0.7574245E-01  0.4680000E+01  0.5000000E+01  0.1000000E+01  0.3000000E-01
  0.1457342E+00  0.7574311E-01  0.4675000E+01  0.5000000E+01  0.1000000E+01  0.3000000E-01
  0.1458091E+00  0.7574372E-01  0.4670000E+01  0.5000000E+01  0.1000000E+01  0.3000000E-01
  0.1458841E+00  0.7574429E-01  0.4665000E+01  0.5000000E+01  0.1000000E+01  0.3000000E-01
  0.1459592E+00  0.7574480E-01  0.4660000E+01  0.5000000E+01  0.1000000E+01  0.3000000E-01
  0.1460343E+00  0.7574526E-01  0.4655000E+01  0.5000000E+01  0.1000000E+01  0.3000000E-01
  0.1461095E+00  0.7574568E-01  0.4650000E+01  0.5000000E+01  0.1000000E+01  0.3000000E-01
  0.1461849E+00  0.7574604E-01  0.4645000E+01  0.5000000E+01  0.1000000E+01  0.3000000E-01
  0.1462603E+00  0.7574635E-01  0.4640000E+01  0.5000000E+01  0.1000000E+01  0.3000000E-01
  0.1463358E+00  0.7574662E-01  0.4635000E+01  0.5000000E+01  0.1000000E+01  0.3000000E-01
  0.1464114E+00  0.7574683E-01  0.4630000E+01  0.5000000E+01  0.1000000E+01  0.3000000E-01
  0.1464870E+00  0.7574699E-01  0.4625000E+01  0.5000000E+01  0.1000000E+01  0.3000000E-01
  0.1465628E+00  0.7574710E-01  0.4620000E+01  0.5000000E+01  0.1000000E+01  0.3000000E-01
  0.1466387E+00  0.7574716E-01  0.4615000E+01  0.5000000E+01  0.1000000E+01  0.3000000E-01
  0.1467146E+00  0.7574716E-01  0.4610000E+01  0.5000000E+01  0.1000000E+01  0.3000000E-01
  0.1467906E+00  0.7574712E-01  0.4605000E+01  0.5000000E+01  0.1000000E+01  0.3000000E-01
  0.1468668E+00  0.7574702E-01  0.4600000E+01  0.5000000E+01  0.1000000E+01  0.3000000E-01
  0.1469430E+00  0.7574687E-01  0.4595000E+01  0.5000000E+01  0.1000000E+01  0.3000000E-01
  0.1470193E+00  0.7574667E-01  0.4590000E+01  0.5000000E+01  0.1000000E+01  0.3000000E-01
  0.1470957E+00  0.7574641E-01  0.4585000E+01  0.5000000E+01  0.1000000E+01  0.3000000E-01
  0.1471721E+00  0.7574610E-01  0.4580000E+01  0.5000000E+01  0.1000000E+01  0.3000000E-01
  0.1472487E+00  0.7574574E-01  0.4575000E+01  0.5000000E+01  0.1000000E+01  0.3000000E-01
  0.1473254E+00  0.7574533E-01  0.4570000E+01  0.5000000E+01  0.1000000E+01  0.3000000E-01
  0.1474021E+00  0.7574486E-01  0.4565000E+01  0.5000000E+01  0.1000000E+01  0.3000000E-01
  0.1474789E+00  0.7574434E-01  0.4560000E+01  0.5000000E+01  0.1000000E+01  0.3000000E-01
  0.1475559E+00  0.7574376E-01  0.4555000E+01  0.5000000E+01  0.1000000E+01  0.3000000E-01
  0.1476329E+00  0.7574314E-01  0.4550000E+01  0.5000000E+01  0.1000000E+01  0.3000000E-01
  0.1477100E+00  0.7574245E-01  0.4545000E+01  0.5000000E+01  0.1000000E+01  0.3000000E-01
  0.1477872E+00  0.7574171E-01  0.4540000E+01  0.5000000E+01  0.1000000E+01  0.3000000E-01
  0.1478645E+00  0.7574092E-01  0.4535000E+01  0.5000000E+01  0.1000000E+01  0.3000000E-01
  0.1479419E+00  0.7574007E-01  0.4530000E+01  0.5000000E+01  0.1000000E+01  0.3000000E-01
  0.1480193E+00  0.7573917E-01  0.4525000E+01  0.5000000E+01  0.1000000E+01  0.3000000E-01
  0.1480969E+00  0.7573821E-01  0.4520000E+01  0.5000000E+01  0.1000000E+01  0.3000000E-01
  0.1481746E+00  0.7573720E-01  0.4515000E+01  0.5000000E+01  0.1000000E+01  0.3000000E-01
  0.1482523E+00  0.7573613E-01  0.4510000E+01  0.5000000E+01  0.1000000E+01  0.3000000E-01
  0.1483301E+00  0.7573500E-01  0.4505000E+01  0.5000000E+01  0.1000000E+01  0.3000000E-01
  0.1484081E+00  0.7573382E-01  0.4500000E+01  0.5000000E+01  0.1000000E+01  0.3000000E-01
  0.1484861E+00  0.7573258E-01  0.4495000E+01  0.5000000E+01  0.1000000E+01  0.3000000E-01
  0.1485642E+00  0.7573128E-01  0.4490000E+01  0.5000000E+01  0.1000000E+01  0.3000000E-01
  0.1486424E+00  0.7572993E-01  0.4485000E+01  0.5000000E+01  0.1000000E+01  0.3000000E-01
  0.1487207E+00  0.7572852E-01  0.4480000E+01  0.5000000E+01  0.1000000E+01  0.3000000E-01
  0.1487991E+00  0.7572706E-01  0.4475000E+01  0.5000000E+01  0.1000000E+01  0.3000000E-01
  0.1488776E+00  0.7572553E-01  0.4470000E+01  0.5000000E+01  0.1000000E+01  0.3000000E-01
  0.1489561E+00  0.7572395E-01  0.4465000E+01  0.5000000E+01  0.1000000E+01  0.3000000E-01
  0.1490348E+00  0.7572231E-01  0.4460000E+01  0.5000000E+01  0.1000000E+01  0.3000000E-01
  0.1491136E+00  0.7572061E-01  0.4455000E+01  0.5000000E+01  0.1000000E+01  0.3000000E-01
  0.1491924E+00  0.7571885E-01  0.4450000E+01  0.5000000E+01  0.1000000E+01  0.3000000E-01
  0.1492713E+00  0.7571704E-01  0.4445000E+01  0.5000000E+01  0.1000000E+01  0.3000000E-01
  0.1493504E+00  0.7571516E-01  0.4440000E+01  0.5000000E+01  0.1000000E+01  0.3000000E-01
  0.1494295E+00  0.7571323E-01  0.4435000E+01  0.5000000E+01  0.1000000E+01  0.3000000E-01
  0.1495087E+00  0.7571123E-01  0.4430000E+01  0.5000000E+01  0.1000000E+01  0.3000000E-01
  0.1495880E+00  0.7570918E-01  0.4425000E+01  0.5000000E+01  0.1000000E+01  0.3000000E-01
  0.1496674E+00  0.7570707E-01  0.4420000E+01  0.5000000E+01  0.1000000E+01  0.3000000E-01
  0.1497469E+00  0.7570489E-01  0.4415000E+01  0.5000000E+01  0.1000000E+01  0.3000000E-01
  0.1498265E+00  0.7570266E-01  0.4410000E+01  0.5000000E+01  0.1000000E+01  0.3000000E-01
  0.1499062E+00  0.7570037E-01  0.4405000E+01  0.5000000E+01  0.1000000E+01  0.3000000E-01
  0.1499860E+00  0.7569801E-01  0.4400000E+01  0.5000000E+01  0.1000000E+01  0.3000000E-01
  0.1500659E+00  0.7569559E-01  0.4395000E+01  0.5000000E+01  0.1000000E+01  0.3000000E-01
  0.1501458E+00  0.7569312E-01  0.4390000E+01  0.5000000E+01  0.1000000E+01  0.3000000E-01
  0.1502259E+00  0.7569058E-01  0.4385000E+01  0.5000000E+01  0.1000000E+01  0.3000000E-01
  0.1503061E+00  0.7568798E-01  0.4380000E+01  0.5000000E+01  0.1000000E+01  0.3000000E-01
  0.1503863E+00  0.7568531E-01  0.4375000E+01  0.5000000E+01  0.1000000E+01  0.3000000E-01
  0.1504666E+00  0.7568259E-01  0.4370000E+01  0.5000000E+01  0.1000000E+01  0.3000000E-01
  0.1505471E+00  0.7567980E-01  0.4365000E+01  0.5000000E+01  0.1000000E+01  0.3000000E-01
  0.1506276E+00  0.7567695E-01  0.4360000E+01  0.5000000E+01  0.1000000E+01  0.3000000E-01
  0.1507082E+00  0.7567404E-01  0.4355000E+01  0.5000000E+01  0.1000000E+01  0.3000000E-01
  0.1507890E+00  0.7567106E-01  0.4350000E+01  0.5000000E+01  0.1000000E+01  0.3000000E-01
  0.1508698E+00  0.7566802E-01  0.4345000E+01  0.5000000E+01  0.1000000E+01  0.3000000E-01
  0.1509507E+00  0.7566491E-01  0.4340000E+01  0.5000000E+01  0.1000000E+01  0.3000000E-01
  0.1510317E+00  0.7566175E-01  0.4335000E+01  0.5000000E+01  0.1000000E+01  0.3000000E-01
  0.1511128E+00  0.7565851E-01  0.4330000E+01  0.5000000E+01  0.1000000E+01  0.3000000E-01
  0.1511940E+00  0.7565522E-01  0.4325000E+01  0.5000000E+01  0.1000000E+01  0.3000000E-01
  0.1512753E+00  0.7565186E-01  0.4320000E+01  0.5000000E+01  0.1000000E+01  0.3000000E-01
  0.1513567E+00  0.7564843E-01  0.4315000E+01  0.5000000E+01  0.1000000E+01  0.3000000E-01
  0.1514382E+00  0.7564494E-01  0.4310000E+01  0.5000000E+01  0.1000000E+01  0.3000000E-01
  0.1515198E+00  0.7564138E-01  0.4305000E+01  0.5000000E+01  0.1000000E+01  0.3000000E-01
  0.1516014E+00  0.7563776E-01  0.4300000E+01  0.5000000E+01  0.1000000E+01  0.3000000E-01
  0.1516832E+00  0.7563407E-01  0.4295000E+01  0.5000000E+01  0.1000000E+01  0.3000000E-01
  0.1517651E+00  0.7563031E-01  0.4290000E+01  0.5000000E+01  0.1000000E+01  0.3000000E-01
  0.1518470E+00  0.7562649E-01  0.4285000E+01  0.5000000E+01  0.1000000E+01  0.3000000E-01
  0.1519291E+00  0.7562260E-01  0.4280000E+01  0.5000000E+01  0.1000000E+01  0.3000000E-01
  0.1520113E+00  0.7561865E-01  0.4275000E+01  0.5000000E+01  0.1000000E+01  0.3000000E-01
  0.1520935E+00  0.7561462E-01  0.4270000E+01  0.5000000E+01  0.1000000E+01  0.3000000E-01
  0.1521759E+00  0.7561053E-01  0.4265000E+01  0.5000000E+01  0.1000000E+01  0.3000000E-01
  0.1522583E+00  0.7560638E-01  0.4260000E+01  0.5000000E+01  0.1000000E+01  0.3000000E-01
  0.1523409E+00  0.7560215E-01  0.4255000E+01  0.5000000E+01  0.1000000E+01  0.3000000E-01
  0.1524235E+00  0.7559785E-01  0.4250000E+01  0.5000000E+01  0.1000000E+01  0.3000000E-01
  0.1525062E+00  0.7559349E-01  0.4245000E+01  0.5000000E+01  0.1000000E+01  0.3000000E-01
  0.1525891E+00  0.7558906E-01  0.4240000E+01  0.5000000E+01  0.1000000E+01  0.3000000E-01
  0.1526720E+00  0.7558456E-01  0.4235000E+01  0.5000000E+01  0.1000000E+01  0.3000000E-01
  0.1527551E+00  0.7557999E-01  0.4230000E+01  0.5000000E+01  0.1000000E+01  0.3000000E-01
  0.1528382E+00  0.7557535E-01  0.4225000E+01  0.5000000E+01  0.1000000E+01  0.3000000E-01
  0.1529214E+00  0.7557064E-01  0.4220000E+01  0.5000000E+01  0.1000000E+01  0.3000000E-01
  0.1530047E+00  0.7556586E-01  0.4215000E+01  0.5000000E+01  0.1000000E+01  0.3000000E-01
  0.1530882E+00  0.7556100E-01  0.4210000E+01  0.5000000E+01  0.1000000E+01  0.3000000E-01
  0.1531717E+00  0.7555608E-01  0.4205000E+01  0.5000000E+01  0.1000000E+01  0.3000000E-01
  0.1532553E+00  0.7555109E-01  0.4200000E+01  0.5000000E+01  0.1000000E+01  0.3000000E-01
  0.1533390E+00  0.7554602E-01  0.4195000E+01  0.5000000E+01  0.1000000E+01  0.3000000E-01
  0.1534228E+00  0.7554089E-01  0.4190000E+01  0.5000000E+01  0.1000000E+01  0.3000000E-01
  0.1535067E+00  0.7553568E-01  0.4185000E+01  0.5000000E+01  0.1000000E+01  0.3000000E-01
  0.1535908E+00  0.7553040E-01  0.4180000E+01  0.5000000E+01  0.1000000E+01  0.3000000E-01
  0.1536749E+00  0.7552505E-01  0.4175000E+01  0.5000000E+01  0.1000000E+01  0.3000000E-01
  0.1537591E+00  0.7551962E-01  0.4170000E+01  0.5000000E+01  0.1000000E+01  0.3000000E-01
  0.1538434E+00  0.7551413E-01  0.4165000E+01  0.5000000E+01  0.1000000E+01  0.3000000E-01
  0.1539278E+00  0.7550855E-01  0.4160000E+01  0.5000000E+01  0.1000000E+01  0.3000000E-01
  0.1540123E+00  0.7550291E-01  0.4155000E+01  0.5000000E+01  0.1000000E+01  0.3000000E-01
  0.1540969E+00  0.7549719E-01  0.4150000E+01  0.5000000E+01  0.1000000E+01  0.3000000E-01
  0.1541816E+00  0.7549140E-01  0.4145000E+01  0.5000000E+01  0.1000000E+01  0.3000000E-01
  0.1542664E+00  0.7548553E-01  0.4140000E+01  0.5000000E+01  0.1000000E+01  0.3000000E-01
  0.1543513E+00  0.7547959E-01  0.4135000E+01  0.5000000E+01  0.1000000E+01  0.3000000E-01
  0.1544363E+00  0.7547357E-01  0.4130000E+01  0.5000000E+01  0.1000000E+01  0.3000000E-01
  0.1545214E+00  0.7546748E-01  0.4125000E+01  0.5000000E+01  0.1000000E+01  0.3000000E-01
  0.1546066E+00  0.7546131E-01  0.4120000E+01  0.5000000E+01  0.1000000E+01  0.3000000E-01
  0.1546919E+00  0.7545507E-01  0.4115000E+01  0.5000000E+01  0.1000000E+01  0.3000000E-01
  0.1547773E+00  0.7544875E-01  0.4110000E+01  0.5000000E+01  0.1000000E+01  0.3000000E-01
  0.1548628E+00  0.7544235E-01  0.4105000E+01  0.5000000E+01  0.1000000E+01  0.3000000E-01
  0.1549484E+00  0.7543588E-01  0.4100000E+01  0.5000000E+01  0.1000000E+01  0.3000000E-01
  0.1550342E+00  0.7542933E-01  0.4095000E+01  0.5000000E+01  0.1000000E+01  0.3000000E-01
  0.1551200E+00  0.7542271E-01  0.4090000E+01  0.5000000E+01  0.1000000E+01  0.3000000E-01
  0.1552059E+00  0.7541600E-01  0.4085000E+01  0.5000000E+01  0.1000000E+01  0.3000000E-01
  0.1552919E+00  0.7540922E-01  0.4080000E+01  0.5000000E+01  0.1000000E+01  0.3000000E-01
  0.1553780E+00  0.7540236E-01  0.4075000E+01  0.5000000E+01  0.1000000E+01  0.3000000E-01
  0.1554642E+00  0.7539542E-01  0.4070000E+01  0.5000000E+01  0.1000000E+01  0.3000000E-01
  0.1555505E+00  0.7538840E-01  0.4065000E+01  0.5000000E+01  0.1000000E+01  0.3000000E-01
  0.1556369E+00  0.7538130E-01  0.4060000E+01  0.5000000E+01  0.1000000E+01  0.3000000E-01
  0.1557234E+00  0.7537413E-01  0.4055000E+01  0.5000000E+01  0.1000000E+01  0.3000000E-01
  0.1558100E+00  0.7536687E-01  0.4050000E+01  0.5000000E+01  0.1000000E+01  0.3000000E-01
  0.1558967E+00  0.7535953E-01  0.4045000E+01  0.5000000E+01  0.1000000E+01  0.3000000E-01
  0.1559836E+00  0.7535212E-01  0.4040000E+01  0.5000000E+01  0.1000000E+01  0.3000000E-01
  0.1560705E+00  0.7534462E-01  0.4035000E+01  0.5000000E+01  0.1000000E+01  0.3000000E-01
  0.1561575E+00  0.7533704E-01  0.4030000E+01  0.5000000E+01  0.1000000E+01  0.3000000E-01
  0.1562446E+00  0.7532938E-01  0.4025000E+01  0.5000000E+01  0.1000000E+01  0.3000000E-01
  0.1563318E+00  0.7532164E-01  0.4020000E+01  0.5000000E+01  0.1000000E+01  0.3000000E-01
  0.1564192E+00  0.7531382E-01  0.4015000E+01  0.5000000E+01  0.1000000E+01  0.3000000E-01
  0.1565066E+00  0.7530591E-01  0.4010000E+01  0.5000000E+01  0.1000000E+01  0.3000000E-01
  0.1565941E+00  0.7529793E-01  0.4005000E+01  0.5000000E+01  0.1000000E+01  0.3000000E-01
  0.1566817E+00  0.7528986E-01  0.4000000E+01  0.5000000E+01  0.1000000E+01  0.3000000E-01
  0.1567695E+00  0.7528170E-01  0.3995000E+01  0.5000000E+01  0.1000000E+01  0.3000000E-01
  0.1568573E+00  0.7527347E-01  0.3990000E+01  0.5000000E+01  0.1000000E+01  0.3000000E-01
  0.1569452E+00  0.7526514E-01  0.3985000E+01  0.5000000E+01  0.1000000E+01  0.3000000E-01
  0.1570333E+00  0.7525674E-01  0.3980000E+01  0.5000000E+01  0.1000000E+01  0.3000000E-01
  0.1571214E+00  0.7524825E-01  0.3975000E+01  0.5000000E+01  0.1000000E+01  0.3000000E-01
  0.1572097E+00  0.7523968E-01  0.3970000E+01  0.5000000E+01  0.1000000E+01  0.3000000E-01
  0.1572980E+00  0.7523102E-01  0.3965000E+01  0.5000000E+01  0.1000000E+01  0.3000000E-01
  0.1573865E+00  0.7522227E-01  0.3960000E+01  0.5000000E+01  0.1000000E+01  0.3000000E-01
  0.1574750E+00  0.7521344E-01  0.3955000E+01  0.5000000E+01  0.1000000E+01  0.3000000E-01
  0.1575637E+00  0.7520453E-01  0.3950000E+01  0.5000000E+01  0.1000000E+01  0.3000000E-01
  0.1576525E+00  0.7519552E-01  0.3945000E+01  0.5000000E+01  0.1000000E+01  0.3000000E-01
  0.1577413E+00  0.7518644E-01  0.3940000E+01  0.5000000E+01  0.1000000E+01  0.3000000E-01
  0.1578303E+00  0.7517726E-01  0.3935000E+01  0.5000000E+01  0.1000000E+01  0.3000000E-01
  0.1579194E+00  0.7516800E-01  0.3930000E+01  0.5000000E+01  0.1000000E+01  0.3000000E-01
  0.1580085E+00  0.7515864E-01  0.3925000E+01  0.5000000E+01  0.1000000E+01  0.3000000E-01
  0.1580978E+00  0.7514921E-01  0.3920000E+01  0.5000000E+01  0.1000000E+01  0.3000000E-01
  0.1581872E+00  0.7513968E-01  0.3915000E+01  0.5000000E+01  0.1000000E+01  0.3000000E-01
  0.1582767E+00  0.7513006E-01  0.3910000E+01  0.5000000E+01  0.1000000E+01  0.3000000E-01
  0.1583663E+00  0.7512036E-01  0.3905000E+01  0.5000000E+01  0.1000000E+01  0.3000000E-01
  0.1584560E+00  0.7511056E-01  0.3900000E+01  0.5000000E+01  0.1000000E+01  0.3000000E-01
  0.1585458E+00  0.7510068E-01  0.3895000E+01  0.5000000E+01  0.1000000E+01  0.3000000E-01
  0.1586357E+00  0.7509070E-01  0.3890000E+01  0.5000000E+01  0.1000000E+01  0.3000000E-01
  0.1587257E+00  0.7508064E-01  0.3885000E+01  0.5000000E+01  0.1000000E+01  0.3000000E-01
  0.1588158E+00  0.7507048E-01  0.3880000E+01  0.5000000E+01  0.1000000E+01  0.3000000E-01
  0.1589060E+00  0.7506024E-01  0.3875000E+01  0.5000000E+01  0.1000000E+01  0.3000000E-01
  0.1589963E+00  0.7504990E-01  0.3870000E+01  0.5000000E+01  0.1000000E+01  0.3000000E-01
  0.1590868E+00  0.7503947E-01  0.3865000E+01  0.5000000E+01  0.1000000E+01  0.3000000E-01
  0.1591773E+00  0.7502895E-01  0.3860000E+01  0.5000000E+01  0.1000000E+01  0.3000000E-01
  0.1592679E+00  0.7501833E-01  0.3855000E+01  0.5000000E+01  0.1000000E+01  0.3000000E-01
  0.1593587E+00  0.7500762E-01  0.3850000E+01  0.5000000E+01  0.1000000E+01  0.3000000E-01
  0.1594495E+00  0.7499682E-01  0.3845000E+01  0.5000000E+01  0.1000000E+01  0.3000000E-01
  0.1595405E+00  0.7498593E-01  0.3840000E+01  0.5000000E+01  0.1000000E+01  0.3000000E-01
  0.1596315E+00  0.7497494E-01  0.3835000E+01  0.5000000E+01  0.1000000E+01  0.3000000E-01
  0.1597227E+00  0.7496386E-01  0.3830000E+01  0.5000000E+01  0.1000000E+01  0.3000000E-01
  0.1598140E+00  0.7495268E-01  0.3825000E+01  0.5000000E+01  0.1000000E+01  0.3000000E-01
  0.1599053E+00  0.7494141E-01  0.3820000E+01  0.5000000E+01  0.1000000E+01  0.3000000E-01
  0.1599968E+00  0.7493005E-01  0.3815000E+01  0.5000000E+01  0.1000000E+01  0.3000000E-01
  0.1600884E+00  0.7491858E-01  0.3810000E+01  0.5000000E+01  0.1000000E+01  0.3000000E-01
  0.1601801E+00  0.7490702E-01  0.3805000E+01  0.5000000E+01  0.1000000E+01  0.3000000E-01
  0.1602719E+00  0.7489537E-01  0.3800000E+01  0.5000000E+01  0.1000000E+01  0.3000000E-01
  0.1603638E+00  0.7488362E-01  0.3795000E+01  0.5000000E+01  0.1000000E+01  0.3000000E-01
  0.1604558E+00  0.7487177E-01  0.3790000E+01  0.5000000E+01  0.1000000E+01  0.3000000E-01
  0.1605479E+00  0.7485982E-01  0.3785000E+01  0.5000000E+01  0.1000000E+01  0.3000000E-01
  0.1606401E+00  0.7484778E-01  0.3780000E+01  0.5000000E+01  0.1000000E+01  0.3000000E-01
  0.1607325E+00  0.7483564E-01  0.3775000E+01  0.5000000E+01  0.1000000E+01  0.3000000E-01
  0.1608249E+00  0.7482339E-01  0.3770000E+01  0.5000000E+01  0.1000000E+01  0.3000000E-01
  0.1609174E+00  0.7481105E-01  0.3765000E+01  0.5000000E+01  0.1000000E+01  0.3000000E-01
  0.1610101E+00  0.7479862E-01  0.3760000E+01  0.5000000E+01  0.1000000E+01  0.3000000E-01
  0.1611028E+00  0.7478608E-01  0.3755000E+01  0.5000000E+01  0.1000000E+01  0.3000000E-01
  0.1611957E+00  0.7477344E-01  0.3750000E+01  0.5000000E+01  0.1000000E+01  0.3000000E-01
  0.1612887E+00  0.7476070E-01  0.3745000E+01  0.5000000E+01  0.1000000E+01  0.3000000E-01
  0.1613817E+00  0.7474786E-01  0.3740000E+01  0.5000000E+01  0.1000000E+01  0.3000000E-01
  0.1614749E+00  0.7473492E-01  0.3735000E+01  0.5000000E+01  0.1000000E+01  0.3000000E-01
  0.1615682E+00  0.7472187E-01  0.3730000E+01  0.5000000E+01  0.1000000E+01  0.3000000E-01
  0.1616616E+00  0.7470873E-01  0.3725000E+01  0.5000000E+01  0.1000000E+01  0.3000000E-01
  0.1617551E+00  0.7469548E-01  0.3720000E+01  0.5000000E+01  0.1000000E+01  0.3000000E-01
  0.1618487E+00  0.7468213E-01  0.3715000E+01  0.5000000E+01  0.1000000E+01  0.3000000E-01
  0.1619424E+00  0.7466868E-01  0.3710000E+01  0.5000000E+01  0.1000000E+01  0.3000000E-01
  0.1620362E+00  0.7465512E-01  0.3705000E+01  0.5000000E+01  0.1000000E+01  0.3000000E-01
  0.1621302E+00  0.7464146E-01  0.3700000E+01  0.5000000E+01  0.1000000E+01  0.3000000E-01
  0.1622242E+00  0.7462769E-01  0.3695000E+01  0.5000000E+01  0.1000000E+01  0.3000000E-01
  0.1623184E+00  0.7461382E-01  0.3690000E+01  0.5000000E+01  0.1000000E+01  0.3000000E-01
  0.1624126E+00  0.7459985E-01  0.3685000E+01  0.5000000E+01  0.1000000E+01  0.3000000E-01
  0.1625070E+00  0.7458577E-01  0.3680000E+01  0.5000000E+01  0.1000000E+01  0.3000000E-01
  0.1626014E+00  0.7457158E-01  0.3675000E+01  0.5000000E+01  0.1000000E+01  0.3000000E-01
  0.1626960E+00  0.7455729E-01  0.3670000E+01  0.5000000E+01  0.1000000E+01  0.3000000E-01
  0.1627907E+00  0.7454289E-01  0.3665000E+01  0.5000000E+01  0.1000000E+01  0.3000000E-01
  0.1628855E+00  0.7452838E-01  0.3660000E+01  0.5000000E+01  0.1000000E+01  0.3000000E-01
  0.1629804E+00  0.7451377E-01  0.3655000E+01  0.5000000E+01  0.1000000E+01  0.3000000E-01
  0.1630754E+00  0.7449905E-01  0.3650000E+01  0.5000000E+01  0.1000000E+01  0.3000000E-01
  0.1631705E+00  0.7448422E-01  0.3645000E+01  0.5000000E+01  0.1000000E+01  0.3000000E-01
  0.1632657E+00  0.7446928E-01  0.3640000E+01  0.5000000E+01  0.1000000E+01  0.3000000E-01
  0.1633611E+00  0.7445423E-01  0.3635000E+01  0.5000000E+01  0.1000000E+01  0.3000000E-01
  0.1634565E+00  0.7443907E-01  0.3630000E+01  0.5000000E+01  0.1000000E+01  0.3000000E-01
  0.1635520E+00  0.7442381E-01  0.3625000E+01  0.5000000E+01  0.1000000E+01  0.3000000E-01
  0.1636477E+00  0.7440843E-01  0.3620000E+01  0.5000000E+01  0.1000000E+01  0.3000000E-01
  0.1637435E+00  0.7439294E-01  0.3615000E+01  0.5000000E+01  0.1000000E+01  0.3000000E-01
  0.1638393E+00  0.7437734E-01  0.3610000E+01  0.5000000E+01  0.1000000E+01  0.3000000E-01
  0.1639353E+00  0.7436163E-01  0.3605000E+01  0.5000000E+01  0.1000000E+01  0.3000000E-01
  0.1640314E+00  0.7434581E-01  0.3600000E+01  0.5000000E+01  0.1000000E+01  0.3000000E-01
  0.1641276E+00  0.7432987E-01  0.3595000E+01  0.5000000E+01  0.1000000E+01  0.3000000E-01
  0.1642239E+00  0.7431382E-01  0.3590000E+01  0.5000000E+01  0.1000000E+01  0.3000000E-01
  0.1643203E+00  0.7429766E-01  0.3585000E+01  0.5000000E+01  0.1000000E+01  0.3000000E-01
  0.1644169E+00  0.7428139E-01  0.3580000E+01  0.5000000E+01  0.1000000E+01  0.3000000E-01
  0.1645135E+00  0.7426500E-01  0.3575000E+01  0.5000000E+01  0.1000000E+01  0.3000000E-01
  0.1646102E+00  0.7424850E-01  0.3570000E+01  0.5000000E+01  0.1000000E+01  0.3000000E-01
  0.1647071E+00  0.7423188E-01  0.3565000E+01  0.5000000E+01  0.1000000E+01  0.3000000E-01
  0.1648040E+00  0.7421514E-01  0.3560000E+01  0.5000000E+01  0.1000000E+01  0.3000000E-01
  0.1649011E+00  0.7419829E-01  0.3555000E+01  0.5000000E+01  0.1000000E+01  0.3000000E-01
  0.1649983E+00  0.7418133E-01  0.3550000E+01  0.5000000E+01  0.1000000E+01  0.3000000E-01
  0.1650956E+00  0.7416425E-01  0.3545000E+01  0.5000000E+01  0.1000000E+01  0.3000000E-01
  0.1651930E+00  0.7414705E-01  0.3540000E+01  0.5000000E+01  0.1000000E+01  0.3000000E-01
  0.1652905E+00  0.7412973E-01  0.3535000E+01  0.5000000E+01  0.1000000E+01  0.3000000E-01
  0.1653881E+00  0.7411229E-01  0.3530000E+01  0.5000000E+01  0.1000000E+01  0.3000000E-01
  0.1654858E+00  0.7409474E-01  0.3525000E+01  0.5000000E+01  0.1000000E+01  0.3000000E-01
  0.1655837E+00  0.7407707E-01  0.3520000E+01  0.5000000E+01  0.1000000E+01  0.3000000E-01
  0.1656816E+00  0.7405928E-01  0.3515000E+01  0.5000000E+01  0.1000000E+01  0.3000000E-01
  0.1657797E+00  0.7404137E-01  0.3510000E+01  0.5000000E+01  0.1000000E+01  0.3000000E-01
  0.1658778E+00  0.7402333E-01  0.3505000E+01  0.5000000E+01  0.1000000E+01  0.3000000E-01
  0.1659761E+00  0.7400518E-01  0.3500000E+01  0.5000000E+01  0.1000000E+01  0.3000000E-01
  0.1660745E+00  0.7398691E-01  0.3495000E+01  0.5000000E+01  0.1000000E+01  0.3000000E-01
  0.1661730E+00  0.7396852E-01  0.3490000E+01  0.5000000E+01  0.1000000E+01  0.3000000E-01
  0.1662716E+00  0.7395000E-01  0.3485000E+01  0.5000000E+01  0.1000000E+01  0.3000000E-01
  0.1663703E+00  0.7393136E-01  0.3480000E+01  0.5000000E+01  0.1000000E+01  0.3000000E-01
  0.1664691E+00  0.7391260E-01  0.3475000E+01  0.5000000E+01  0.1000000E+01  0.3000000E-01
  0.1665680E+00  0.7389371E-01  0.3470000E+01  0.5000000E+01  0.1000000E+01  0.3000000E-01
  0.1666671E+00  0.7387471E-01  0.3465000E+01  0.5000000E+01  0.1000000E+01  0.3000000E-01
  0.1667662E+00  0.7385557E-01  0.3460000E+01  0.5000000E+01  0.1000000E+01  0.3000000E-01
  0.1668655E+00  0.7383632E-01  0.3455000E+01  0.5000000E+01  0.1000000E+01  0.3000000E-01
  0.1669648E+00  0.7381693E-01  0.3450000E+01  0.5000000E+01  0.1000000E+01  0.3000000E-01
  0.1670643E+00  0.7379743E-01  0.3445000E+01  0.5000000E+01  0.1000000E+01  0.3000000E-01
  0.1671639E+00  0.7377779E-01  0.3440000E+01  0.5000000E+01  0.1000000E+01  0.3000000E-01
  0.1672636E+00  0.7375803E-01  0.3435000E+01  0.5000000E+01  0.1000000E+01  0.3000000E-01
  0.1673634E+00  0.7373814E-01  0.3430000E+01  0.5000000E+01  0.1000000E+01  0.3000000E-01
  0.1674633E+00  0.7371813E-01  0.3425000E+01  0.5000000E+01  0.1000000E+01  0.3000000E-01
  0.1675634E+00  0.7369799E-01  0.3420000E+01  0.5000000E+01  0.1000000E+01  0.3000000E-01
  0.1676635E+00  0.7367771E-01  0.3415000E+01  0.5000000E+01  0.1000000E+01  0.3000000E-01
  0.1677638E+00  0.7365731E-01  0.3410000E+01  0.5000000E+01  0.1000000E+01  0.3000000E-01
  0.1678641E+00  0.7363679E-01  0.3405000E+01  0.5000000E+01  0.1000000E+01  0.3000000E-01
  0.1679646E+00  0.7361613E-01  0.3400000E+01  0.5000000E+01  0.1000000E+01  0.3000000E-01
  0.1680652E+00  0.7359534E-01  0.3395000E+01  0.5000000E+01  0.1000000E+01  0.3000000E-01
  0.1681658E+00  0.7357442E-01  0.3390000E+01  0.5000000E+01  0.1000000E+01  0.3000000E-01
  0.1682666E+00  0.7355337E-01  0.3385000E+01  0.5000000E+01  0.1000000E+01  0.3000000E-01
  0.1683676E+00  0.7353218E-01  0.3380000E+01  0.5000000E+01  0.1000000E+01  0.3000000E-01
  0.1684686E+00  0.7351087E-01  0.3375000E+01  0.5000000E+01  0.1000000E+01  0.3000000E-01
  0.1685697E+00  0.7348942E-01  0.3370000E+01  0.5000000E+01  0.1000000E+01  0.3000000E-01
  0.1686709E+00  0.7346784E-01  0.3365000E+01  0.5000000E+01  0.1000000E+01  0.3000000E-01
  0.1687723E+00  0.7344612E-01  0.3360000E+01  0.5000000E+01  0.1000000E+01  0.3000000E-01
  0.1688738E+00  0.7342428E-01  0.3355000E+01  0.5000000E+01  0.1000000E+01  0.3000000E-01
  0.1689753E+00  0.7340229E-01  0.3350000E+01  0.5000000E+01  0.1000000E+01  0.3000000E-01
  0.1690770E+00  0.7338017E-01  0.3345000E+01  0.5000000E+01  0.1000000E+01  0.3000000E-01
  0.1691788E+00  0.7335792E-01  0.3340000E+01  0.5000000E+01  0.1000000E+01  0.3000000E-01
  0.1692807E+00  0.7333553E-01  0.3335000E+01  0.5000000E+01  0.1000000E+01  0.3000000E-01
  0.1693827E+00  0.7331300E-01  0.3330000E+01  0.5000000E+01  0.1000000E+01  0.3000000E-01
  0.1694848E+00  0.7329034E-01  0.3325000E+01  0.5000000E+01  0.1000000E+01  0.3000000E-01
  0.1695871E+00  0.7326754E-01  0.3320000E+01  0.5000000E+01  0.1000000E+01  0.3000000E-01
  0.1696894E+00  0.7324460E-01  0.3315000E+01  0.5000000E+01  0.1000000E+01  0.3000000E-01
  0.1697918E+00  0.7322152E-01  0.3310000E+01  0.5000000E+01  0.1000000E+01  0.3000000E-01
  0.1698944E+00  0.7319831E-01  0.3305000E+01  0.5000000E+01  0.1000000E+01  0.3000000E-01
  0.1699971E+00  0.7317495E-01  0.3300000E+01  0.5000000E+01  0.1000000E+01  0.3000000E-01
  0.1700999E+00  0.7315145E-01  0.3295000E+01  0.5000000E+01  0.1000000E+01  0.3000000E-01
  0.1702028E+00  0.7312782E-01  0.3290000E+01  0.5000000E+01  0.1000000E+01  0.3000000E-01
  0.1703058E+00  0.7310404E-01  0.3285000E+01  0.5000000E+01  0.1000000E+01  0.3000000E-01
  0.1704089E+00  0.7308012E-01  0.3280000E+01  0.5000000E+01  0.1000000E+01  0.3000000E-01
  0.1705121E+00  0.7305606E-01  0.3275000E+01  0.5000000E+01  0.1000000E+01  0.3000000E-01
  0.1706154E+00  0.7303185E-01  0.3270000E+01  0.5000000E+01  0.1000000E+01  0.3000000E-01
  0.1707189E+00  0.7300750E-01  0.3265000E+01  0.5000000E+01  0.1000000E+01  0.3000000E-01
  0.1708224E+00  0.7298301E-01  0.3260000E+01  0.5000000E+01  0.1000000E+01  0.3000000E-01
  0.1709261E+00  0.7295838E-01  0.3255000E+01  0.5000000E+01  0.1000000E+01  0.3000000E-01
  0.1710299E+00  0.7293360E-01  0.3250000E+01  0.5000000E+01  0.1000000E+01  0.3000000E-01
  0.1711337E+00  0.7290867E-01  0.3245000E+01  0.5000000E+01  0.1000000E+01  0.3000000E-01
  0.1712377E+00  0.7288360E-01  0.3240000E+01  0.5000000E+01  0.1000000E+01  0.3000000E-01
  0.1713418E+00  0.7285838E-01  0.3235000E+01  0.5000000E+01  0.1000000E+01  0.3000000E-01
  0.1714460E+00  0.7283302E-01  0.3230000E+01  0.5000000E+01  0.1000000E+01  0.3000000E-01
  0.1715504E+00  0.7280751E-01  0.3225000E+01  0.5000000E+01  0.1000000E+01  0.3000000E-01
  0.1716548E+00  0.7278185E-01  0.3220000E+01  0.5000000E+01  0.1000000E+01  0.3000000E-01
  0.1717593E+00  0.7275604E-01  0.3215000E+01  0.5000000E+01  0.1000000E+01  0.3000000E-01
  0.1718640E+00  0.7273008E-01  0.3210000E+01  0.5000000E+01  0.1000000E+01  0.3000000E-01
  0.1719688E+00  0.7270398E-01  0.3205000E+01  0.5000000E+01  0.1000000E+01  0.3000000E-01
  0.1720736E+00  0.7267772E-01  0.3200000E+01  0.5000000E+01  0.1000000E+01  0.3000000E-01
  0.1721786E+00  0.7265132E-01  0.3195000E+01  0.5000000E+01  0.1000000E+01  0.3000000E-01
  0.1722837E+00  0.7262476E-01  0.3190000E+01  0.5000000E+01  0.1000000E+01  0.3000000E-01
  0.1723889E+00  0.7259805E-01  0.3185000E+01  0.5000000E+01  0.1000000E+01  0.3000000E-01
  0.1724942E+00  0.7257119E-01  0.3180000E+01  0.5000000E+01  0.1000000E+01  0.3000000E-01
  0.1725996E+00  0.7254417E-01  0.3175000E+01  0.5000000E+01  0.1000000E+01  0.3000000E-01
  0.1727052E+00  0.7251701E-01  0.3170000E+01  0.5000000E+01  0.1000000E+01  0.3000000E-01
  0.1728108E+00  0.7248968E-01  0.3165000E+01  0.5000000E+01  0.1000000E+01  0.3000000E-01
  0.1729166E+00  0.7246221E-01  0.3160000E+01  0.5000000E+01  0.1000000E+01  0.3000000E-01
  0.1730224E+00  0.7243458E-01  0.3155000E+01  0.5000000E+01  0.1000000E+01  0.3000000E-01
  0.1731284E+00  0.7240679E-01  0.3150000E+01  0.5000000E+01  0.1000000E+01  0.3000000E-01
  0.1732345E+00  0.7237885E-01  0.3145000E+01  0.5000000E+01  0.1000000E+01  0.3000000E-01
  0.1733406E+00  0.7235075E-01  0.3140000E+01  0.5000000E+01  0.1000000E+01  0.3000000E-01
  0.1734469E+00  0.7232250E-01  0.3135000E+01  0.5000000E+01  0.1000000E+01  0.3000000E-01
  0.1735533E+00  0.7229409E-01  0.3130000E+01  0.5000000E+01  0.1000000E+01  0.3000000E-01
  0.1736598E+00  0.7226551E-01  0.3125000E+01  0.5000000E+01  0.1000000E+01  0.3000000E-01
  0.1737665E+00  0.7223678E-01  0.3120000E+01  0.5000000E+01  0.1000000E+01  0.3000000E-01
  0.1738732E+00  0.7220790E-01  0.3115000E+01  0.5000000E+01  0.1000000E+01  0.3000000E-01
  0.1739800E+00  0.7217885E-01  0.3110000E+01  0.5000000E+01  0.1000000E+01  0.3000000E-01
  0.1740870E+00  0.7214964E-01  0.3105000E+01  0.5000000E+01  0.1000000E+01  0.3000000E-01
  0.1741940E+00  0.7212027E-01  0.3100000E+01  0.5000000E+01  0.1000000E+01  0.3000000E-01
  0.1743012E+00  0.7209073E-01  0.3095000E+01  0.5000000E+01  0.1000000E+01  0.3000000E-01
  0.1744085E+00  0.7206104E-01  0.3090000E+01  0.5000000E+01  0.1000000E+01  0.3000000E-01
  0.1745159E+00  0.7203118E-01  0.3085000E+01  0.5000000E+01  0.1000000E+01  0.3000000E-01
  0.1746234E+00  0.7200116E-01  0.3080000E+01  0.5000000E+01  0.1000000E+01  0.3000000E-01
  0.1747310E+00  0.7197098E-01  0.3075000E+01  0.5000000E+01  0.1000000E+01  0.3000000E-01
  0.1748387E+00  0.7194063E-01  0.3070000E+01  0.5000000E+01  0.1000000E+01  0.3000000E-01
  0.1749465E+00  0.7191011E-01  0.3065000E+01  0.5000000E+01  0.1000000E+01  0.3000000E-01
  0.1750544E+00  0.7187944E-01  0.3060000E+01  0.5000000E+01  0.1000000E+01  0.3000000E-01
  0.1751624E+00  0.7184859E-01  0.3055000E+01  0.5000000E+01  0.1000000E+01  0.3000000E-01
  0.1752706E+00  0.7181758E-01  0.3050000E+01  0.5000000E+01  0.1000000E+01  0.3000000E-01
  0.1753788E+00  0.7178640E-01  0.3045000E+01  0.5000000E+01  0.1000000E+01  0.3000000E-01
  0.1754872E+00  0.7175505E-01  0.3040000E+01  0.5000000E+01  0.1000000E+01  0.3000000E-01
  0.1755957E+00  0.7172353E-01  0.3035000E+01  0.5000000E+01  0.1000000E+01  0.3000000E-01
  0.1757042E+00  0.7169185E-01  0.3030000E+01  0.5000000E+01  0.1000000E+01  0.3000000E-01
  0.1758129E+00  0.7165999E-01  0.3025000E+01  0.5000000E+01  0.1000000E+01  0.3000000E-01
  0.1759217E+00  0.7162797E-01  0.3020000E+01  0.5000000E+01  0.1000000E+01  0.3000000E-01
  0.1760306E+00  0.7159577E-01  0.3015000E+01  0.5000000E+01  0.1000000E+01  0.3000000E-01
  0.1761396E+00  0.7156340E-01  0.3010000E+01  0.5000000E+01  0.1000000E+01  0.3000000E-01
  0.1762487E+00  0.7153086E-01  0.3005000E+01  0.5000000E+01  0.1000000E+01  0.3000000E-01
  0.1763579E+00  0.7149815E-01  0.3000000E+01  0.5000000E+01  0.1000000E+01  0.3000000E-01
  0.1764672E+00  0.7146526E-01  0.2995000E+01  0.5000000E+01  0.1000000E+01  0.3000000E-01
  0.1765767E+00  0.7143220E-01  0.2990000E+01  0.5000000E+01  0.1000000E+01  0.3000000E-01
  0.1766862E+00  0.7139897E-01  0.2985000E+01  0.5000000E+01  0.1000000E+01  0.3000000E-01
  0.1767958E+00  0.7136556E-01  0.2980000E+01  0.5000000E+01  0.1000000E+01  0.3000000E-01
  0.1769056E+00  0.7133197E-01  0.2975000E+01  0.5000000E+01  0.1000000E+01  0.3000000E-01
  0.1770154E+00  0.7129821E-01  0.2970000E+01  0.5000000E+01  0.1000000E+01  0.3000000E-01
  0.1771254E+00  0.7126427E-01  0.2965000E+01  0.5000000E+01  0.1000000E+01  0.3000000E-01
  0.1772355E+00  0.7123016E-01  0.2960000E+01  0.5000000E+01  0.1000000E+01  0.3000000E-01
  0.1773456E+00  0.7119586E-01  0.2955000E+01  0.5000000E+01  0.1000000E+01  0.3000000E-01
  0.1774559E+00  0.7116139E-01  0.2950000E+01  0.5000000E+01  0.1000000E+01  0.3000000E-01
  0.1775663E+00  0.7112674E-01  0.2945000E+01  0.5000000E+01  0.1000000E+01  0.3000000E-01
  0.1776768E+00  0.7109191E-01  0.2940000E+01  0.5000000E+01  0.1000000E+01  0.3000000E-01
  0.1777874E+00  0.7105689E-01  0.2935000E+01  0.5000000E+01  0.1000000E+01  0.3000000E-01
  0.1778981E+00  0.7102170E-01  0.2930000E+01  0.5000000E+01  0.1000000E+01  0.3000000E-01
  0.1780089E+00  0.7098632E-01  0.2925000E+01  0.5000000E+01  0.1000000E+01  0.3000000E-01
  0.1781198E+00  0.7095076E-01  0.2920000E+01  0.5000000E+01  0.1000000E+01  0.3000000E-01
  0.1782308E+00  0.7091502E-01  0.2915000E+01  0.5000000E+01  0.1000000E+01  0.3000000E-01
  0.1783419E+00  0.7087909E-01  0.2910000E+01  0.5000000E+01  0.1000000E+01  0.3000000E-01
  0.1784532E+00  0.7084298E-01  0.2905000E+01  0.5000000E+01  0.1000000E+01  0.3000000E-01
  0.1785645E+00  0.7080669E-01  0.2900000E+01  0.5000000E+01  0.1000000E+01  0.3000000E-01
  0.1786759E+00  0.7077021E-01  0.2895000E+01  0.5000000E+01  0.1000000E+01  0.3000000E-01
  0.1787875E+00  0.7073354E-01  0.2890000E+01  0.5000000E+01  0.1000000E+01  0.3000000E-01
  0.1788991E+00  0.7069669E-01  0.2885000E+01  0.5000000E+01  0.1000000E+01  0.3000000E-01
  0.1790109E+00  0.7065964E-01  0.2880000E+01  0.5000000E+01  0.1000000E+01  0.3000000E-01
  0.1791227E+00  0.7062241E-01  0.2875000E+01  0.5000000E+01  0.1000000E+01  0.3000000E-01
  0.1792347E+00  0.7058500E-01  0.2870000E+01  0.5000000E+01  0.1000000E+01  0.3000000E-01
  0.1793467E+00  0.7054739E-01  0.2865000E+01  0.5000000E+01  0.1000000E+01  0.3000000E-01
  0.1794589E+00  0.7050959E-01  0.2860000E+01  0.5000000E+01  0.1000000E+01  0.3000000E-01
  0.1795712E+00  0.7047160E-01  0.2855000E+01  0.5000000E+01  0.1000000E+01  0.3000000E-01
  0.1796835E+00  0.7043342E-01  0.2850000E+01  0.5000000E+01  0.1000000E+01  0.3000000E-01
  0.1797960E+00  0.7039505E-01  0.2845000E+01  0.5000000E+01  0.1000000E+01  0.3000000E-01
  0.1799086E+00  0.7035648E-01  0.2840000E+01  0.5000000E+01  0.1000000E+01  0.3000000E-01
  0.1800212E+00  0.7031772E-01  0.2835000E+01  0.5000000E+01  0.1000000E+01  0.3000000E-01
  0.1801340E+00  0.7027877E-01  0.2830000E+01  0.5000000E+01  0.1000000E+01  0.3000000E-01
  0.1802469E+00  0.7023962E-01  0.2825000E+01  0.5000000E+01  0.1000000E+01  0.3000000E-01
  0.1803599E+00  0.7020028E-01  0.2820000E+01  0.5000000E+01  0.1000000E+01  0.3000000E-01
  0.1804730E+00  0.7016074E-01  0.2815000E+01  0.5000000E+01  0.1000000E+01  0.3000000E-01
  0.1805861E+00  0.7012101E-01  0.2810000E+01  0.5000000E+01  0.1000000E+01  0.3000000E-01
  0.1806994E+00  0.7008107E-01  0.2805000E+01  0.5000000E+01  0.1000000E+01  0.3000000E-01
  0.1808128E+00  0.7004094E-01  0.2800000E+01  0.5000000E+01  0.1000000E+01  0.3000000E-01
  0.1809263E+00  0.7000061E-01  0.2795000E+01  0.5000000E+01  0.1000000E+01  0.3000000E-01
  0.1810399E+00  0.6996008E-01  0.2790000E+01  0.5000000E+01  0.1000000E+01  0.3000000E-01
  0.1811536E+00  0.6991936E-01  0.2785000E+01  0.5000000E+01  0.1000000E+01  0.3000000E-01
  0.1812674E+00  0.6987843E-01  0.2780000E+01  0.5000000E+01  0.1000000E+01  0.3000000E-01
  0.1813812E+00  0.6983730E-01  0.2775000E+01  0.5000000E+01  0.1000000E+01  0.3000000E-01
  0.1814952E+00  0.6979596E-01  0.2770000E+01  0.5000000E+01  0.1000000E+01  0.3000000E-01
  0.1816093E+00  0.6975443E-01  0.2765000E+01  0.5000000E+01  0.1000000E+01  0.3000000E-01
  0.1817235E+00  0.6971269E-01  0.2760000E+01  0.5000000E+01  0.1000000E+01  0.3000000E-01
  0.1818378E+00  0.6967075E-01  0.2755000E+01  0.5000000E+01  0.1000000E+01  0.3000000E-01
  0.1819522E+00  0.6962860E-01  0.2750000E+01  0.5000000E+01  0.1000000E+01  0.3000000E-01
  0.1820667E+00  0.6958625E-01  0.2745000E+01  0.5000000E+01  0.1000000E+01  0.3000000E-01
  0.1821812E+00  0.6954369E-01  0.2740000E+01  0.5000000E+01  0.1000000E+01  0.3000000E-01
  0.1822959E+00  0.6950093E-01  0.2735000E+01  0.5000000E+01  0.1000000E+01  0.3000000E-01
  0.1824107E+00  0.6945795E-01  0.2730000E+01  0.5000000E+01  0.1000000E+01  0.3000000E-01
  0.1825256E+00  0.6941477E-01  0.2725000E+01  0.5000000E+01  0.1000000E+01  0.3000000E-01
  0.1826405E+00  0.6937138E-01  0.2720000E+01  0.5000000E+01  0.1000000E+01  0.3000000E-01
  0.1827556E+00  0.6932778E-01  0.2715000E+01  0.5000000E+01  0.1000000E+01  0.3000000E-01
  0.1828708E+00  0.6928398E-01  0.2710000E+01  0.5000000E+01  0.1000000E+01  0.3000000E-01
  0.1829860E+00  0.6923996E-01  0.2705000E+01  0.5000000E+01  0.1000000E+01  0.3000000E-01
  0.1831014E+00  0.6919572E-01  0.2700000E+01  0.5000000E+01  0.1000000E+01  0.3000000E-01
  0.1832169E+00  0.6915128E-01  0.2695000E+01  0.5000000E+01  0.1000000E+01  0.3000000E-01
  0.1833324E+00  0.6910663E-01  0.2690000E+01  0.5000000E+01  0.1000000E+01  0.3000000E-01
  0.1834481E+00  0.6906176E-01  0.2685000E+01  0.5000000E+01  0.1000000E+01  0.3000000E-01
  0.1835638E+00  0.6901667E-01  0.2680000E+01  0.5000000E+01  0.1000000E+01  0.3000000E-01
  0.1836796E+00  0.6897137E-01  0.2675000E+01  0.5000000E+01  0.1000000E+01  0.3000000E-01
  0.1837956E+00  0.6892586E-01  0.2670000E+01  0.5000000E+01  0.1000000E+01  0.3000000E-01
  0.1839116E+00  0.6888013E-01  0.2665000E+01  0.5000000E+01  0.1000000E+01  0.3000000E-01
  0.1840277E+00  0.6883418E-01  0.2660000E+01  0.5000000E+01  0.1000000E+01  0.3000000E-01
  0.1841439E+00  0.6878801E-01  0.2655000E+01  0.5000000E+01  0.1000000E+01  0.3000000E-01
  0.1842603E+00  0.6874163E-01  0.2650000E+01  0.5000000E+01  0.1000000E+01  0.3000000E-01
  0.1843767E+00  0.6869502E-01  0.2645000E+01  0.5000000E+01  0.1000000E+01  0.3000000E-01
  0.1844932E+00  0.6864820E-01  0.2640000E+01  0.5000000E+01  0.1000000E+01  0.3000000E-01
  0.1846098E+00  0.6860116E-01  0.2635000E+01  0.5000000E+01  0.1000000E+01  0.3000000E-01
  0.1847264E+00  0.6855389E-01  0.2630000E+01  0.5000000E+01  0.1000000E+01  0.3000000E-01
  0.1848432E+00  0.6850640E-01  0.2625000E+01  0.5000000E+01  0.1000000E+01  0.3000000E-01
  0.1849601E+00  0.6845869E-01  0.2620000E+01  0.5000000E+01  0.1000000E+01  0.3000000E-01
  0.1850770E+00  0.6841076E-01  0.2615000E+01  0.5000000E+01  0.1000000E+01  0.3000000E-01
  0.1851941E+00  0.6836260E-01  0.2610000E+01  0.5000000E+01  0.1000000E+01  0.3000000E-01
  0.1853112E+00  0.6831422E-01  0.2605000E+01  0.5000000E+01  0.1000000E+01  0.3000000E-01
  0.1854285E+00  0.6826561E-01  0.2600000E+01  0.5000000E+01  0.1000000E+01  0.3000000E-01
  0.1855458E+00  0.6821678E-01  0.2595000E+01  0.5000000E+01  0.1000000E+01  0.3000000E-01
  0.1856632E+00  0.6816772E-01  0.2590000E+01  0.5000000E+01  0.1000000E+01  0.3000000E-01
  0.1857807E+00  0.6811843E-01  0.2585000E+01  0.5000000E+01  0.1000000E+01  0.3000000E-01
  0.1858983E+00  0.6806891E-01  0.2580000E+01  0.5000000E+01  0.1000000E+01  0.3000000E-01
  0.1860160E+00  0.6801916E-01  0.2575000E+01  0.5000000E+01  0.1000000E+01  0.3000000E-01
  0.1861338E+00  0.6796918E-01  0.2570000E+01  0.5000000E+01  0.1000000E+01  0.3000000E-01
  0.1862516E+00  0.6791898E-01  0.2565000E+01  0.5000000E+01  0.1000000E+01  0.3000000E-01
  0.1863696E+00  0.6786854E-01  0.2560000E+01  0.5000000E+01  0.1000000E+01  0.3000000E-01
  0.1864876E+00  0.6781787E-01  0.2555000E+01  0.5000000E+01  0.1000000E+01  0.3000000E-01
  0.1866057E+00  0.6776696E-01  0.2550000E+01  0.5000000E+01  0.1000000E+01  0.3000000E-01
  0.1867239E+00  0.6771583E-01  0.2545000E+01  0.5000000E+01  0.1000000E+01  0.3000000E-01
  0.1868422E+00  0.6766445E-01  0.2540000E+01  0.5000000E+01  0.1000000E+01  0.3000000E-01
  0.1869606E+00  0.6761285E-01  0.2535000E+01  0.5000000E+01  0.1000000E+01  0.3000000E-01
  0.1870791E+00  0.6756101E-01  0.2530000E+01  0.5000000E+01  0.1000000E+01  0.3000000E-01
  0.1871976E+00  0.6750893E-01  0.2525000E+01  0.5000000E+01  0.1000000E+01  0.3000000E-01
  0.1873163E+00  0.6745661E-01  0.2520000E+01  0.5000000E+01  0.1000000E+01  0.3000000E-01
  0.1874350E+00  0.6740406E-01  0.2515000E+01  0.5000000E+01  0.1000000E+01  0.3000000E-01
  0.1875538E+00  0.6735126E-01  0.2510000E+01  0.5000000E+01  0.1000000E+01  0.3000000E-01
  0.1876727E+00  0.6729823E-01  0.2505000E+01  0.5000000E+01  0.1000000E+01  0.3000000E-01
  0.1877917E+00  0.6724496E-01  0.2500000E+01  0.5000000E+01  0.1000000E+01  0.3000000E-01
  0.1879107E+00  0.6719145E-01  0.2495000E+01  0.5000000E+01  0.1000000E+01  0.3000000E-01
  0.1880299E+00  0.6713769E-01  0.2490000E+01  0.5000000E+01  0.1000000E+01  0.3000000E-01
  0.1881491E+00  0.6708370E-01  0.2485000E+01  0.5000000E+01  0.1000000E+01  0.3000000E-01
  0.1882684E+00  0.6702946E-01  0.2480000E+01  0.5000000E+01  0.1000000E+01  0.3000000E-01
  0.1883878E+00  0.6697497E-01  0.2475000E+01  0.5000000E+01  0.1000000E+01  0.3000000E-01
  0.1885073E+00  0.6692024E-01  0.2470000E+01  0.5000000E+01  0.1000000E+01  0.3000000E-01
  0.1886268E+00  0.6686527E-01  0.2465000E+01  0.5000000E+01  0.1000000E+01  0.3000000E-01
  0.1887465E+00  0.6681005E-01  0.2460000E+01  0.5000000E+01  0.1000000E+01  0.3000000E-01
  0.1888662E+00  0.6675458E-01  0.2455000E+01  0.5000000E+01  0.1000000E+01  0.3000000E-01
  0.1889860E+00  0.6669887E-01  0.2450000E+01  0.5000000E+01  0.1000000E+01  0.3000000E-01
  0.1891058E+00  0.6664290E-01  0.2445000E+01  0.5000000E+01  0.1000000E+01  0.3000000E-01
  0.1892258E+00  0.6658669E-01  0.2440000E+01  0.5000000E+01  0.1000000E+01  0.3000000E-01
  0.1893458E+00  0.6653023E-01  0.2435000E+01  0.5000000E+01  0.1000000E+01  0.3000000E-01
  0.1894659E+00  0.6647352E-01  0.2430000E+01  0.5000000E+01  0.1000000E+01  0.3000000E-01
  0.1895861E+00  0.6641655E-01  0.2425000E+01  0.5000000E+01  0.1000000E+01  0.3000000E-01
  0.1897064E+00  0.6635934E-01  0.2420000E+01  0.5000000E+01  0.1000000E+01  0.3000000E-01
  0.1898267E+00  0.6630187E-01  0.2415000E+01  0.5000000E+01  0.1000000E+01  0.3000000E-01
  0.1899471E+00  0.6624415E-01  0.2410000E+01  0.5000000E+01  0.1000000E+01  0.3000000E-01
  0.1900676E+00  0.6618617E-01  0.2405000E+01  0.5000000E+01  0.1000000E+01  0.3000000E-01
  0.1901882E+00  0.6612794E-01  0.2400000E+01  0.5000000E+01  0.1000000E+01  0.3000000E-01
  0.1903088E+00  0.6606945E-01  0.2395000E+01  0.5000000E+01  0.1000000E+01  0.3000000E-01
  0.1904295E+00  0.6601071E-01  0.2390000E+01  0.5000000E+01  0.1000000E+01  0.3000000E-01
  0.1905503E+00  0.6595170E-01  0.2385000E+01  0.5000000E+01  0.1000000E+01  0.3000000E-01
  0.1906712E+00  0.6589244E-01  0.2380000E+01  0.5000000E+01  0.1000000E+01  0.3000000E-01
  0.1907921E+00  0.6583292E-01  0.2375000E+01  0.5000000E+01  0.1000000E+01  0.3000000E-01
  0.1909131E+00  0.6577315E-01  0.2370000E+01  0.5000000E+01  0.1000000E+01  0.3000000E-01
  0.1910342E+00  0.6571311E-01  0.2365000E+01  0.5000000E+01  0.1000000E+01  0.3000000E-01
  0.1911554E+00  0.6565281E-01  0.2360000E+01  0.5000000E+01  0.1000000E+01  0.3000000E-01
  0.1912766E+00  0.6559224E-01  0.2355000E+01  0.5000000E+01  0.1000000E+01  0.3000000E-01
  0.1913979E+00  0.6553142E-01  0.2350000E+01  0.5000000E+01  0.1000000E+01  0.3000000E-01
  0.1915192E+00  0.6547033E-01  0.2345000E+01  0.5000000E+01  0.1000000E+01  0.3000000E-01
  0.1916407E+00  0.6540898E-01  0.2340000E+01  0.5000000E+01  0.1000000E+01  0.3000000E-01
  0.1917622E+00  0.6534736E-01  0.2335000E+01  0.5000000E+01  0.1000000E+01  0.3000000E-01
  0.1918837E+00  0.6528548E-01  0.2330000E+01  0.5000000E+01  0.1000000E+01  0.3000000E-01
  0.1920054E+00  0.6522333E-01  0.2325000E+01  0.5000000E+01  0.1000000E+01  0.3000000E-01
  0.1921271E+00  0.6516091E-01  0.2320000E+01  0.5000000E+01  0.1000000E+01  0.3000000E-01
  0.1922488E+00  0.6509822E-01  0.2315000E+01  0.5000000E+01  0.1000000E+01  0.3000000E-01
  0.1923707E+00  0.6503527E-01  0.2310000E+01  0.5000000E+01  0.1000000E+01  0.3000000E-01
  0.1924926E+00  0.6497205E-01  0.2305000E+01  0.5000000E+01  0.1000000E+01  0.3000000E-01
  0.1926145E+00  0.6490855E-01  0.2300000E+01  0.5000000E+01  0.1000000E+01  0.3000000E-01
  0.1927366E+00  0.6484479E-01  0.2295000E+01  0.5000000E+01  0.1000000E+01  0.3000000E-01
  0.1928587E+00  0.6478075E-01  0.2290000E+01  0.5000000E+01  0.1000000E+01  0.3000000E-01
  0.1929808E+00  0.6471644E-01  0.2285000E+01  0.5000000E+01  0.1000000E+01  0.3000000E-01
  0.1931030E+00  0.6465185E-01  0.2280000E+01  0.5000000E+01  0.1000000E+01  0.3000000E-01
  0.1932253E+00  0.6458700E-01  0.2275000E+01  0.5000000E+01  0.1000000E+01  0.3000000E-01
  0.1933477E+00  0.6452186E-01  0.2270000E+01  0.5000000E+01  0.1000000E+01  0.3000000E-01
  0.1934701E+00  0.6445645E-01  0.2265000E+01  0.5000000E+01  0.1000000E+01  0.3000000E-01
  0.1935925E+00  0.6439077E-01  0.2260000E+01  0.5000000E+01  0.1000000E+01  0.3000000E-01
  0.1937151E+00  0.6432481E-01  0.2255000E+01  0.5000000E+01  0.1000000E+01  0.3000000E-01
  0.1938376E+00  0.6425857E-01  0.2250000E+01  0.5000000E+01  0.1000000E+01  0.3000000E-01
  0.1939603E+00  0.6419205E-01  0.2245000E+01  0.5000000E+01  0.1000000E+01  0.3000000E-01
  0.1940830E+00  0.6412525E-01  0.2240000E+01  0.5000000E+01  0.1000000E+01  0.3000000E-01
  0.1942057E+00  0.6405817E-01  0.2235000E+01  0.5000000E+01  0.1000000E+01  0.3000000E-01
  0.1943286E+00  0.6399081E-01  0.2230000E+01  0.5000000E+01  0.1000000E+01  0.3000000E-01
  0.1944514E+00  0.6392316E-01  0.2225000E+01  0.5000000E+01  0.1000000E+01  0.3000000E-01
  0.1945744E+00  0.6385524E-01  0.2220000E+01  0.5000000E+01  0.1000000E+01  0.3000000E-01
  0.1946973E+00  0.6378703E-01  0.2215000E+01  0.5000000E+01  0.1000000E+01  0.3000000E-01
  0.1948204E+00  0.6371854E-01  0.2210000E+01  0.5000000E+01  0.1000000E+01  0.3000000E-01
  0.1949435E+00  0.6364976E-01  0.2205000E+01  0.5000000E+01  0.1000000E+01  0.3000000E-01
  0.1950666E+00  0.6358070E-01  0.2200000E+01  0.5000000E+01  0.1000000E+01  0.3000000E-01
  0.1951898E+00  0.6351134E-01  0.2195000E+01  0.5000000E+01  0.1000000E+01  0.3000000E-01
  0.1953131E+00  0.6344171E-01  0.2190000E+01  0.5000000E+01  0.1000000E+01  0.3000000E-01
  0.1954364E+00  0.6337178E-01  0.2185000E+01  0.5000000E+01  0.1000000E+01  0.3000000E-01
  0.1955597E+00  0.6330157E-01  0.2180000E+01  0.5000000E+01  0.1000000E+01  0.3000000E-01
  0.1956831E+00  0.6323106E-01  0.2175000E+01  0.5000000E+01  0.1000000E+01  0.3000000E-01
  0.1958066E+00  0.6316027E-01  0.2170000E+01  0.5000000E+01  0.1000000E+01  0.3000000E-01
  0.1959300E+00  0.6308918E-01  0.2165000E+01  0.5000000E+01  0.1000000E+01  0.3000000E-01
  0.1960536E+00  0.6301780E-01  0.2160000E+01  0.5000000E+01  0.1000000E+01  0.3000000E-01
  0.1961772E+00  0.6294613E-01  0.2155000E+01  0.5000000E+01  0.1000000E+01  0.3000000E-01
  0.1963008E+00  0.6287417E-01  0.2150000E+01  0.5000000E+01  0.1000000E+01  0.3000000E-01
  0.1964245E+00  0.6280191E-01  0.2145000E+01  0.5000000E+01  0.1000000E+01  0.3000000E-01
  0.1965482E+00  0.6272936E-01  0.2140000E+01  0.5000000E+01  0.1000000E+01  0.3000000E-01
  0.1966720E+00  0.6265651E-01  0.2135000E+01  0.5000000E+01  0.1000000E+01  0.3000000E-01
  0.1967958E+00  0.6258336E-01  0.2130000E+01  0.5000000E+01  0.1000000E+01  0.3000000E-01
  0.1969197E+00  0.6250992E-01  0.2125000E+01  0.5000000E+01  0.1000000E+01  0.3000000E-01
  0.1970436E+00  0.6243618E-01  0.2120000E+01  0.5000000E+01  0.1000000E+01  0.3000000E-01
  0.1971675E+00  0.6236214E-01  0.2115000E+01  0.5000000E+01  0.1000000E+01  0.3000000E-01
  0.1972915E+00  0.6228780E-01  0.2110000E+01  0.5000000E+01  0.1000000E+01  0.3000000E-01
  0.1974155E+00  0.6221316E-01  0.2105000E+01  0.5000000E+01  0.1000000E+01  0.3000000E-01
  0.1975396E+00  0.6213821E-01  0.2100000E+01  0.5000000E+01  0.1000000E+01  0.3000000E-01
  0.1976637E+00  0.6206297E-01  0.2095000E+01  0.5000000E+01  0.1000000E+01  0.3000000E-01
  0.1977878E+00  0.6198742E-01  0.2090000E+01  0.5000000E+01  0.1000000E+01  0.3000000E-01
  0.1979120E+00  0.6191158E-01  0.2085000E+01  0.5000000E+01  0.1000000E+01  0.3000000E-01
  0.1980362E+00  0.6183542E-01  0.2080000E+01  0.5000000E+01  0.1000000E+01  0.3000000E-01
  0.1981604E+00  0.6175896E-01  0.2075000E+01  0.5000000E+01  0.1000000E+01  0.3000000E-01
  0.1982847E+00  0.6168220E-01  0.2070000E+01  0.5000000E+01  0.1000000E+01  0.3000000E-01
  0.1984090E+00  0.6160513E-01  0.2065000E+01  0.5000000E+01  0.1000000E+01  0.3000000E-01
  0.1985334E+00  0.6152775E-01  0.2060000E+01  0.5000000E+01  0.1000000E+01  0.3000000E-01
  0.1986578E+00  0.6145006E-01  0.2055000E+01  0.5000000E+01  0.1000000E+01  0.3000000E-01
  0.1987822E+00  0.6137207E-01  0.2050000E+01  0.5000000E+01  0.1000000E+01  0.3000000E-01
  0.1989066E+00  0.6129376E-01  0.2045000E+01  0.5000000E+01  0.1000000E+01  0.3000000E-01
  0.1990311E+00  0.6121515E-01  0.2040000E+01  0.5000000E+01  0.1000000E+01  0.3000000E-01
  0.1991556E+00  0.6113622E-01  0.2035000E+01  0.5000000E+01  0.1000000E+01  0.3000000E-01
  0.1992801E+00  0.6105698E-01  0.2030000E+01  0.5000000E+01  0.1000000E+01  0.3000000E-01
  0.1994046E+00  0.6097743E-01  0.2025000E+01  0.5000000E+01  0.1000000E+01  0.3000000E-01
  0.1995292E+00  0.6089757E-01  0.2020000E+01  0.5000000E+01  0.1000000E+01  0.3000000E-01
  0.1996538E+00  0.6081739E-01  0.2015000E+01  0.5000000E+01  0.1000000E+01  0.3000000E-01
  0.1997785E+00  0.6073690E-01  0.2010000E+01  0.5000000E+01  0.1000000E+01  0.3000000E-01
  0.1999031E+00  0.6065609E-01  0.2005000E+01  0.5000000E+01  0.1000000E+01  0.3000000E-01
  0.2000278E+00  0.6057497E-01  0.2000000E+01  0.5000000E+01  0.1000000E+01  0.3000000E-01
  0.2001525E+00  0.6049353E-01  0.1995000E+01  0.5000000E+01  0.1000000E+01  0.3000000E-01
  0.2002772E+00  0.6041177E-01  0.1990000E+01  0.5000000E+01  0.1000000E+01  0.3000000E-01
  0.2004019E+00  0.6032969E-01  0.1985000E+01  0.5000000E+01  0.1000000E+01  0.3000000E-01
  0.2005267E+00  0.6024729E-01  0.1980000E+01  0.5000000E+01  0.1000000E+01  0.3000000E-01
  0.2006515E+00  0.6016458E-01  0.1975000E+01  0.5000000E+01  0.1000000E+01  0.3000000E-01
  0.2007763E+00  0.6008154E-01  0.1970000E+01  0.5000000E+01  0.1000000E+01  0.3000000E-01
  0.2009011E+00  0.5999818E-01  0.1965000E+01  0.5000000E+01  0.1000000E+01  0.3000000E-01
  0.2010259E+00  0.5991450E-01  0.1960000E+01  0.5000000E+01  0.1000000E+01  0.3000000E-01
  0.2011508E+00  0.5983049E-01  0.1955000E+01  0.5000000E+01  0.1000000E+01  0.3000000E-01
  0.2012756E+00  0.5974617E-01  0.1950000E+01  0.5000000E+01  0.1000000E+01  0.3000000E-01
  0.2014005E+00  0.5966151E-01  0.1945000E+01  0.5000000E+01  0.1000000E+01  0.3000000E-01
  0.2015254E+00  0.5957654E-01  0.1940000E+01  0.5000000E+01  0.1000000E+01  0.3000000E-01
  0.2016503E+00  0.5949123E-01  0.1935000E+01  0.5000000E+01  0.1000000E+01  0.3000000E-01
  0.2017752E+00  0.5940560E-01  0.1930000E+01  0.5000000E+01  0.1000000E+01  0.3000000E-01
  0.2019001E+00  0.5931965E-01  0.1925000E+01  0.5000000E+01  0.1000000E+01  0.3000000E-01
  0.2020250E+00  0.5923336E-01  0.1920000E+01  0.5000000E+01  0.1000000E+01  0.3000000E-01
  0.2021500E+00  0.5914675E-01  0.1915000E+01  0.5000000E+01  0.1000000E+01  0.3000000E-01
  0.2022749E+00  0.5905980E-01  0.1910000E+01  0.5000000E+01  0.1000000E+01  0.3000000E-01
  0.2023998E+00  0.5897253E-01  0.1905000E+01  0.5000000E+01  0.1000000E+01  0.3000000E-01
  0.2025248E+00  0.5888493E-01  0.1900000E+01  0.5000000E+01  0.1000000E+01  0.3000000E-01
  0.2026497E+00  0.5879699E-01  0.1895000E+01  0.5000000E+01  0.1000000E+01  0.3000000E-01
  0.2027747E+00  0.5870872E-01  0.1890000E+01  0.5000000E+01  0.1000000E+01  0.3000000E-01
  0.2028996E+00  0.5862012E-01  0.1885000E+01  0.5000000E+01  0.1000000E+01  0.3000000E-01
  0.2030246E+00  0.5853118E-01  0.1880000E+01  0.5000000E+01  0.1000000E+01  0.3000000E-01
  0.2031496E+00  0.5844191E-01  0.1875000E+01  0.5000000E+01  0.1000000E+01  0.3000000E-01
  0.2032745E+00  0.5835231E-01  0.1870000E+01  0.5000000E+01  0.1000000E+01  0.3000000E-01
  0.2033995E+00  0.5826237E-01  0.1865000E+01  0.5000000E+01  0.1000000E+01  0.3000000E-01
  0.2035244E+00  0.5817209E-01  0.1860000E+01  0.5000000E+01  0.1000000E+01  0.3000000E-01
  0.2036494E+00  0.5808148E-01  0.1855000E+01  0.5000000E+01  0.1000000E+01  0.3000000E-01
  0.2037743E+00  0.5799052E-01  0.1850000E+01  0.5000000E+01  0.1000000E+01  0.3000000E-01
  0.2038992E+00  0.5789923E-01  0.1845000E+01  0.5000000E+01  0.1000000E+01  0.3000000E-01
  0.2040242E+00  0.5780760E-01  0.1840000E+01  0.5000000E+01  0.1000000E+01  0.3000000E-01
  0.2041491E+00  0.5771563E-01  0.1835000E+01  0.5000000E+01  0.1000000E+01  0.3000000E-01
  0.2042740E+00  0.5762332E-01  0.1830000E+01  0.5000000E+01  0.1000000E+01  0.3000000E-01
  0.2043989E+00  0.5753067E-01  0.1825000E+01  0.5000000E+01  0.1000000E+01  0.3000000E-01
  0.2045238E+00  0.5743767E-01  0.1820000E+01  0.5000000E+01  0.1000000E+01  0.3000000E-01
  0.2046486E+00  0.5734433E-01  0.1815000E+01  0.5000000E+01  0.1000000E+01  0.3000000E-01
  0.2047735E+00  0.5725065E-01  0.1810000E+01  0.5000000E+01  0.1000000E+01  0.3000000E-01
  0.2048983E+00  0.5715663E-01  0.1805000E+01  0.5000000E+01  0.1000000E+01  0.3000000E-01
  0.2050232E+00  0.5706226E-01  0.1800000E+01  0.5000000E+01  0.1000000E+01  0.3000000E-01
  0.2051480E+00  0.5696754E-01  0.1795000E+01  0.5000000E+01  0.1000000E+01  0.3000000E-01
  0.2052728E+00  0.5687248E-01  0.1790000E+01  0.5000000E+01  0.1000000E+01  0.3000000E-01
  0.2053975E+00  0.5677707E-01  0.1785000E+01  0.5000000E+01  0.1000000E+01  0.3000000E-01
  0.2055223E+00  0.5668132E-01  0.1780000E+01  0.5000000E+01  0.1000000E+01  0.3000000E-01
  0.2056470E+00  0.5658522E-01  0.1775000E+01  0.5000000E+01  0.1000000E+01  0.3000000E-01
  0.2057717E+00  0.5648876E-01  0.1770000E+01  0.5000000E+01  0.1000000E+01  0.3000000E-01
  0.2058964E+00  0.5639196E-01  0.1765000E+01  0.5000000E+01  0.1000000E+01  0.3000000E-01
  0.2060211E+00  0.5629481E-01  0.1760000E+01  0.5000000E+01  0.1000000E+01  0.3000000E-01
  0.2061457E+00  0.5619731E-01  0.1755000E+01  0.5000000E+01  0.1000000E+01  0.3000000E-01
  0.2062703E+00  0.5609946E-01  0.1750000E+01  0.5000000E+01  0.1000000E+01  0.3000000E-01
  0.2063949E+00  0.5600125E-01  0.1745000E+01  0.5000000E+01  0.1000000E+01  0.3000000E-01
  0.2065194E+00  0.5590269E-01  0.1740000E+01  0.5000000E+01  0.1000000E+01  0.3000000E-01
  0.2066440E+00  0.5580378E-01  0.1735000E+01  0.5000000E+01  0.1000000E+01  0.3000000E-01
  0.2067684E+00  0.5570452E-01  0.1730000E+01  0.5000000E+01  0.1000000E+01  0.3000000E-01
  0.2068929E+00  0.5560490E-01  0.1725000E+01  0.5000000E+01  0.1000000E+01  0.3000000E-01
  0.2070173E+00  0.5550493E-01  0.1720000E+01  0.5000000E+01  0.1000000E+01  0.3000000E-01
  0.2071417E+00  0.5540460E-01  0.1715000E+01  0.5000000E+01  0.1000000E+01  0.3000000E-01
  0.2072660E+00  0.5530391E-01  0.1710000E+01  0.5000000E+01  0.1000000E+01  0.3000000E-01
  0.2073904E+00  0.5520287E-01  0.1705000E+01  0.5000000E+01  0.1000000E+01  0.3000000E-01
  0.2075146E+00  0.5510147E-01  0.1700000E+01  0.5000000E+01  0.1000000E+01  0.3000000E-01
  0.2076388E+00  0.5499971E-01  0.1695000E+01  0.5000000E+01  0.1000000E+01  0.3000000E-01
  0.2077630E+00  0.5489760E-01  0.1690000E+01  0.5000000E+01  0.1000000E+01  0.3000000E-01
  0.2078872E+00  0.5479512E-01  0.1685000E+01  0.5000000E+01  0.1000000E+01  0.3000000E-01
  0.2080113E+00  0.5469228E-01  0.1680000E+01  0.5000000E+01  0.1000000E+01  0.3000000E-01
  0.2081353E+00  0.5458909E-01  0.1675000E+01  0.5000000E+01  0.1000000E+01  0.3000000E-01
  0.2082593E+00  0.5448553E-01  0.1670000E+01  0.5000000E+01  0.1000000E+01  0.3000000E-01
  0.2083833E+00  0.5438161E-01  0.1665000E+01  0.5000000E+01  0.1000000E+01  0.3000000E-01
  0.2085072E+00  0.5427733E-01  0.1660000E+01  0.5000000E+01  0.1000000E+01  0.3000000E-01
  0.2086311E+00  0.5417269E-01  0.1655000E+01  0.5000000E+01  0.1000000E+01  0.3000000E-01
  0.2087549E+00  0.5406768E-01  0.1650000E+01  0.5000000E+01  0.1000000E+01  0.3000000E-01
  0.2088786E+00  0.5396231E-01  0.1645000E+01  0.5000000E+01  0.1000000E+01  0.3000000E-01
  0.2090024E+00  0.5385658E-01  0.1640000E+01  0.5000000E+01  0.1000000E+01  0.3000000E-01
  0.2091260E+00  0.5375048E-01  0.1635000E+01  0.5000000E+01  0.1000000E+01  0.3000000E-01
  0.2092496E+00  0.5364402E-01  0.1630000E+01  0.5000000E+01  0.1000000E+01  0.3000000E-01
  0.2093731E+00  0.5353718E-01  0.1625000E+01  0.5000000E+01  0.1000000E+01  0.3000000E-01
  0.2094966E+00  0.5342999E-01  0.1620000E+01  0.5000000E+01  0.1000000E+01  0.3000000E-01
  0.2096200E+00  0.5332242E-01  0.1615000E+01  0.5000000E+01  0.1000000E+01  0.3000000E-01
  0.2097434E+00  0.5321449E-01  0.1610000E+01  0.5000000E+01  0.1000000E+01  0.3000000E-01
  0.2098667E+00  0.5310619E-01  0.1605000E+01  0.5000000E+01  0.1000000E+01  0.3000000E-01
  0.2099899E+00  0.5299752E-01  0.1600000E+01  0.5000000E+01  0.1000000E+01  0.3000000E-01
  0.2101130E+00  0.5288849E-01  0.1595000E+01  0.5000000E+01  0.1000000E+01  0.3000000E-01
  0.2102361E+00  0.5277908E-01  0.1590000E+01  0.5000000E+01  0.1000000E+01  0.3000000E-01
  0.2103591E+00  0.5266930E-01  0.1585000E+01  0.5000000E+01  0.1000000E+01  0.3000000E-01
  0.2104821E+00  0.5255915E-01  0.1580000E+01  0.5000000E+01  0.1000000E+01  0.3000000E-01
  0.2106050E+00  0.5244863E-01  0.1575000E+01  0.5000000E+01  0.1000000E+01  0.3000000E-01
  0.2107278E+00  0.5233774E-01  0.1570000E+01  0.5000000E+01  0.1000000E+01  0.3000000E-01
  0.2108505E+00  0.5222648E-01  0.1565000E+01  0.5000000E+01  0.1000000E+01  0.3000000E-01
  0.2109732E+00  0.5211485E-01  0.1560000E+01  0.5000000E+01  0.1000000E+01  0.3000000E-01
  0.2110958E+00  0.5200284E-01  0.1555000E+01  0.5000000E+01  0.1000000E+01  0.3000000E-01
  0.2112183E+00  0.5189045E-01  0.1550000E+01  0.5000000E+01  0.1000000E+01  0.3000000E-01
  0.2113407E+00  0.5177770E-01  0.1545000E+01  0.5000000E+01  0.1000000E+01  0.3000000E-01
  0.2114630E+00  0.5166457E-01  0.1540000E+01  0.5000000E+01  0.1000000E+01  0.3000000E-01
  0.2115853E+00  0.5155106E-01  0.1535000E+01  0.5000000E+01  0.1000000E+01  0.3000000E-01
  0.2117075E+00  0.5143718E-01  0.1530000E+01  0.5000000E+01  0.1000000E+01  0.3000000E-01
  0.2118295E+00  0.5132293E-01  0.1525000E+01  0.5000000E+01  0.1000000E+01  0.3000000E-01
  0.2119515E+00  0.5120829E-01  0.1520000E+01  0.5000000E+01  0.1000000E+01  0.3000000E-01
  0.2120735E+00  0.5109329E-01  0.1515000E+01  0.5000000E+01  0.1000000E+01  0.3000000E-01
  0.2121953E+00  0.5097790E-01  0.1510000E+01  0.5000000E+01  0.1000000E+01  0.3000000E-01
  0.2123170E+00  0.5086214E-01  0.1505000E+01  0.5000000E+01  0.1000000E+01  0.3000000E-01
  0.2124387E+00  0.5074600E-01  0.1500000E+01  0.5000000E+01  0.1000000E+01  0.3000000E-01
  0.2125602E+00  0.5062948E-01  0.1495000E+01  0.5000000E+01  0.1000000E+01  0.3000000E-01
  0.2126817E+00  0.5051258E-01  0.1490000E+01  0.5000000E+01  0.1000000E+01  0.3000000E-01
  0.2128030E+00  0.5039530E-01  0.1485000E+01  0.5000000E+01  0.1000000E+01  0.3000000E-01
  0.2129243E+00  0.5027764E-01  0.1480000E+01  0.5000000E+01  0.1000000E+01  0.3000000E-01
  0.2130454E+00  0.5015961E-01  0.1475000E+01  0.5000000E+01  0.1000000E+01  0.3000000E-01
  0.2131665E+00  0.5004119E-01  0.1470000E+01  0.5000000E+01  0.1000000E+01  0.3000000E-01
  0.2132874E+00  0.4992239E-01  0.1465000E+01  0.5000000E+01  0.1000000E+01  0.3000000E-01
  0.2134083E+00  0.4980322E-01  0.1460000E+01  0.5000000E+01  0.1000000E+01  0.3000000E-01
  0.2135290E+00  0.4968366E-01  0.1455000E+01  0.5000000E+01  0.1000000E+01  0.3000000E-01
  0.2136497E+00  0.4956371E-01  0.1450000E+01  0.5000000E+01  0.1000000E+01  0.3000000E-01
  0.2137702E+00  0.4944339E-01  0.1445000E+01  0.5000000E+01  0.1000000E+01  0.3000000E-01
  0.2138906E+00  0.4932269E-01  0.1440000E+01  0.5000000E+01  0.1000000E+01  0.3000000E-01
  0.2140109E+00  0.4920160E-01  0.1435000E+01  0.5000000E+01  0.1000000E+01  0.3000000E-01
  0.2141311E+00  0.4908013E-01  0.1430000E+01  0.5000000E+01  0.1000000E+01  0.3000000E-01
  0.2142512E+00  0.4895827E-01  0.1425000E+01  0.5000000E+01  0.1000000E+01  0.3000000E-01
  0.2143711E+00  0.4883603E-01  0.1420000E+01  0.5000000E+01  0.1000000E+01  0.3000000E-01
  0.2144910E+00  0.4871341E-01  0.1415000E+01  0.5000000E+01  0.1000000E+01  0.3000000E-01
  0.2146107E+00  0.4859041E-01  0.1410000E+01  0.5000000E+01  0.1000000E+01  0.3000000E-01
  0.2147303E+00  0.4846702E-01  0.1405000E+01  0.5000000E+01  0.1000000E+01  0.3000000E-01
  0.2148498E+00  0.4834324E-01  0.1400000E+01  0.5000000E+01  0.1000000E+01  0.3000000E-01
  0.2149691E+00  0.4821908E-01  0.1395000E+01  0.5000000E+01  0.1000000E+01  0.3000000E-01
  0.2150883E+00  0.4809454E-01  0.1390000E+01  0.5000000E+01  0.1000000E+01  0.3000000E-01
  0.2152074E+00  0.4796960E-01  0.1385000E+01  0.5000000E+01  0.1000000E+01  0.3000000E-01
  0.2153264E+00  0.4784429E-01  0.1380000E+01  0.5000000E+01  0.1000000E+01  0.3000000E-01
  0.2154452E+00  0.4771858E-01  0.1375000E+01  0.5000000E+01  0.1000000E+01  0.3000000E-01
  0.2155640E+00  0.4759249E-01  0.1370000E+01  0.5000000E+01  0.1000000E+01  0.3000000E-01
  0.2156825E+00  0.4746602E-01  0.1365000E+01  0.5000000E+01  0.1000000E+01  0.3000000E-01
  0.2158010E+00  0.4733916E-01  0.1360000E+01  0.5000000E+01  0.1000000E+01  0.3000000E-01
  0.2159193E+00  0.4721191E-01  0.1355000E+01  0.5000000E+01  0.1000000E+01  0.3000000E-01
  0.2160374E+00  0.4708427E-01  0.1350000E+01  0.5000000E+01  0.1000000E+01  0.3000000E-01
  0.2161554E+00  0.4695625E-01  0.1345000E+01  0.5000000E+01  0.1000000E+01  0.3000000E-01
  0.2162733E+00  0.4682783E-01  0.1340000E+01  0.5000000E+01  0.1000000E+01  0.3000000E-01
  0.2163911E+00  0.4669903E-01  0.1335000E+01  0.5000000E+01  0.1000000E+01  0.3000000E-01
  0.2165086E+00  0.4656985E-01  0.1330000E+01  0.5000000E+01  0.1000000E+01  0.3000000E-01
  0.2166261E+00  0.4644027E-01  0.1325000E+01  0.5000000E+01  0.1000000E+01  0.3000000E-01
  0.2167434E+00  0.4631031E-01  0.1320000E+01  0.5000000E+01  0.1000000E+01  0.3000000E-01
  0.2168605E+00  0.4617995E-01  0.1315000E+01  0.5000000E+01  0.1000000E+01  0.3000000E-01
  0.2169775E+00  0.4604921E-01  0.1310000E+01  0.5000000E+01  0.1000000E+01  0.3000000E-01
  0.2170944E+00  0.4591808E-01  0.1305000E+01  0.5000000E+01  0.1000000E+01  0.3000000E-01
  0.2172110E+00  0.4578657E-01  0.1300000E+01  0.5000000E+01  0.1000000E+01  0.3000000E-01
  0.2173276E+00  0.4565466E-01  0.1295000E+01  0.5000000E+01  0.1000000E+01  0.3000000E-01
  0.2174439E+00  0.4552236E-01  0.1290000E+01  0.5000000E+01  0.1000000E+01  0.3000000E-01
  0.2175601E+00  0.4538968E-01  0.1285000E+01  0.5000000E+01  0.1000000E+01  0.3000000E-01
  0.2176762E+00  0.4525660E-01  0.1280000E+01  0.5000000E+01  0.1000000E+01  0.3000000E-01
  0.2177921E+00  0.4512314E-01  0.1275000E+01  0.5000000E+01  0.1000000E+01  0.3000000E-01
  0.2179078E+00  0.4498928E-01  0.1270000E+01  0.5000000E+01  0.1000000E+01  0.3000000E-01
  0.2180233E+00  0.4485504E-01  0.1265000E+01  0.5000000E+01  0.1000000E+01  0.3000000E-01
  0.2181387E+00  0.4472040E-01  0.1260000E+01  0.5000000E+01  0.1000000E+01  0.3000000E-01
  0.2182539E+00  0.4458538E-01  0.1255000E+01  0.5000000E+01  0.1000000E+01  0.3000000E-01
  0.2183690E+00  0.4444997E-01  0.1250000E+01  0.5000000E+01  0.1000000E+01  0.3000000E-01
  0.2184838E+00  0.4431417E-01  0.1245000E+01  0.5000000E+01  0.1000000E+01  0.3000000E-01
  0.2185985E+00  0.4417797E-01  0.1240000E+01  0.5000000E+01  0.1000000E+01  0.3000000E-01
  0.2187130E+00  0.4404139E-01  0.1235000E+01  0.5000000E+01  0.1000000E+01  0.3000000E-01
  0.2188274E+00  0.4390442E-01  0.1230000E+01  0.5000000E+01  0.1000000E+01  0.3000000E-01
  0.2189415E+00  0.4376706E-01  0.1225000E+01  0.5000000E+01  0.1000000E+01  0.3000000E-01
  0.2190555E+00  0.4362931E-01  0.1220000E+01  0.5000000E+01  0.1000000E+01  0.3000000E-01
  0.2191693E+00  0.4349117E-01  0.1215000E+01  0.5000000E+01  0.1000000E+01  0.3000000E-01
  0.2192829E+00  0.4335264E-01  0.1210000E+01  0.5000000E+01  0.1000000E+01  0.3000000E-01
  0.2193963E+00  0.4321372E-01  0.1205000E+01  0.5000000E+01  0.1000000E+01  0.3000000E-01
  0.2195095E+00  0.4307440E-01  0.1200000E+01  0.5000000E+01  0.1000000E+01  0.3000000E-01
  0.2196225E+00  0.4293470E-01  0.1195000E+01  0.5000000E+01  0.1000000E+01  0.3000000E-01
  0.2197354E+00  0.4279461E-01  0.1190000E+01  0.5000000E+01  0.1000000E+01  0.3000000E-01
  0.2198480E+00  0.4265414E-01  0.1185000E+01  0.5000000E+01  0.1000000E+01  0.3000000E-01
  0.2199604E+00  0.4251327E-01  0.1180000E+01  0.5000000E+01  0.1000000E+01  0.3000000E-01
  0.2200727E+00  0.4237201E-01  0.1175000E+01  0.5000000E+01  0.1000000E+01  0.3000000E-01
  0.2201847E+00  0.4223036E-01  0.1170000E+01  0.5000000E+01  0.1000000E+01  0.3000000E-01
  0.2202966E+00  0.4208832E-01  0.1165000E+01  0.5000000E+01  0.1000000E+01  0.3000000E-01
  0.2204082E+00  0.4194590E-01  0.1160000E+01  0.5000000E+01  0.1000000E+01  0.3000000E-01
  0.2205197E+00  0.4180308E-01  0.1155000E+01  0.5000000E+01  0.1000000E+01  0.3000000E-01
  0.2206309E+00  0.4165988E-01  0.1150000E+01  0.5000000E+01  0.1000000E+01  0.3000000E-01
  0.2207419E+00  0.4151629E-01  0.1145000E+01  0.5000000E+01  0.1000000E+01  0.3000000E-01
  0.2208527E+00  0.4137231E-01  0.1140000E+01  0.5000000E+01  0.1000000E+01  0.3000000E-01
  0.2209633E+00  0.4122794E-01  0.1135000E+01  0.5000000E+01  0.1000000E+01  0.3000000E-01
  0.2210737E+00  0.4108318E-01  0.1130000E+01  0.5000000E+01  0.1000000E+01  0.3000000E-01
  0.2211839E+00  0.4093804E-01  0.1125000E+01  0.5000000E+01  0.1000000E+01  0.3000000E-01
  0.2212938E+00  0.4079251E-01  0.1120000E+01  0.5000000E+01  0.1000000E+01  0.3000000E-01
  0.2214035E+00  0.4064659E-01  0.1115000E+01  0.5000000E+01  0.1000000E+01  0.3000000E-01
  0.2215131E+00  0.4050028E-01  0.1110000E+01  0.5000000E+01  0.1000000E+01  0.3000000E-01
  0.2216223E+00  0.4035359E-01  0.1105000E+01  0.5000000E+01  0.1000000E+01  0.3000000E-01
  0.2217314E+00  0.4020650E-01  0.1100000E+01  0.5000000E+01  0.1000000E+01  0.3000000E-01
  0.2218402E+00  0.4005904E-01  0.1095000E+01  0.5000000E+01  0.1000000E+01  0.3000000E-01
  0.2219488E+00  0.3991118E-01  0.1090000E+01  0.5000000E+01  0.1000000E+01  0.3000000E-01
  0.2220572E+00  0.3976294E-01  0.1085000E+01  0.5000000E+01  0.1000000E+01  0.3000000E-01
  0.2221653E+00  0.3961432E-01  0.1080000E+01  0.5000000E+01  0.1000000E+01  0.3000000E-01
  0.2222732E+00  0.3946530E-01  0.1075000E+01  0.5000000E+01  0.1000000E+01  0.3000000E-01
  0.2223809E+00  0.3931591E-01  0.1070000E+01  0.5000000E+01  0.1000000E+01  0.3000000E-01
  0.2224883E+00  0.3916613E-01  0.1065000E+01  0.5000000E+01  0.1000000E+01  0.3000000E-01
  0.2225955E+00  0.3901596E-01  0.1060000E+01  0.5000000E+01  0.1000000E+01  0.3000000E-01
  0.2227025E+00  0.3886541E-01  0.1055000E+01  0.5000000E+01  0.1000000E+01  0.3000000E-01
  0.2228092E+00  0.3871447E-01  0.1050000E+01  0.5000000E+01  0.1000000E+01  0.3000000E-01
  0.2229156E+00  0.3856316E-01  0.1045000E+01  0.5000000E+01  0.1000000E+01  0.3000000E-01
  0.2230219E+00  0.3841145E-01  0.1040000E+01  0.5000000E+01  0.1000000E+01  0.3000000E-01
  0.2231278E+00  0.3825937E-01  0.1035000E+01  0.5000000E+01  0.1000000E+01  0.3000000E-01
  0.2232335E+00  0.3810690E-01  0.1030000E+01  0.5000000E+01  0.1000000E+01  0.3000000E-01
  0.2233390E+00  0.3795405E-01  0.1025000E+01  0.5000000E+01  0.1000000E+01  0.3000000E-01
  0.2234442E+00  0.3780082E-01  0.1020000E+01  0.5000000E+01  0.1000000E+01  0.3000000E-01
  0.2235491E+00  0.3764721E-01  0.1015000E+01  0.5000000E+01  0.1000000E+01  0.3000000E-01
  0.2236538E+00  0.3749322E-01  0.1010000E+01  0.5000000E+01  0.1000000E+01  0.3000000E-01
  0.2237583E+00  0.3733885E-01  0.1005000E+01  0.5000000E+01  0.1000000E+01  0.3000000E-01
  0.2238624E+00  0.3718409E-01  0.1000000E+01  0.5000000E+01  0.1000000E+01  0.3000000E-01
  0.2239663E+00  0.3702896E-01  0.9950000E+00  0.5000000E+01  0.1000000E+01  0.3000000E-01
  0.2240700E+00  0.3687345E-01  0.9900000E+00  0.5000000E+01  0.1000000E+01  0.3000000E-01
  0.2241733E+00  0.3671756E-01  0.9850000E+00  0.5000000E+01  0.1000000E+01  0.3000000E-01
  0.2242764E+00  0.3656129E-01  0.9800000E+00  0.5000000E+01  0.1000000E+01  0.3000000E-01
  0.2243793E+00  0.3640465E-01  0.9750000E+00  0.5000000E+01  0.1000000E+01  0.3000000E-01
  0.2244818E+00  0.3624762E-01  0.9700000E+00  0.5000000E+01  0.1000000E+01  0.3000000E-01
  0.2245841E+00  0.3609022E-01  0.9650000E+00  0.5000000E+01  0.1000000E+01  0.3000000E-01
  0.2246861E+00  0.3593245E-01  0.9600000E+00  0.5000000E+01  0.1000000E+01  0.3000000E-01
  0.2247878E+00  0.3577430E-01  0.9550000E+00  0.5000000E+01  0.1000000E+01  0.3000000E-01
  0.2248893E+00  0.3561577E-01  0.9500000E+00  0.5000000E+01  0.1000000E+01  0.3000000E-01
  0.2249904E+00  0.3545687E-01  0.9450000E+00  0.5000000E+01  0.1000000E+01  0.3000000E-01
  0.2250913E+00  0.3529760E-01  0.9400000E+00  0.5000000E+01  0.1000000E+01  0.3000000E-01
  0.2251919E+00  0.3513796E-01  0.9350000E+00  0.5000000E+01  0.1000000E+01  0.3000000E-01
  0.2252922E+00  0.3497794E-01  0.9300000E+00  0.5000000E+01  0.1000000E+01  0.3000000E-01
  0.2253922E+00  0.3481755E-01  0.9250000E+00  0.5000000E+01  0.1000000E+01  0.3000000E-01
  0.2254919E+00  0.3465678E-01  0.9200000E+00  0.5000000E+01  0.1000000E+01  0.3000000E-01
  0.2255914E+00  0.3449565E-01  0.9150000E+00  0.5000000E+01  0.1000000E+01  0.3000000E-01
  0.2256905E+00  0.3433415E-01  0.9100000E+00  0.5000000E+01  0.1000000E+01  0.3000000E-01
  0.2257893E+00  0.3417228E-01  0.9050000E+00  0.5000000E+01  0.1000000E+01  0.3000000E-01
  0.2258879E+00  0.3401004E-01  0.9000000E+00  0.5000000E+01  0.1000000E+01  0.3000000E-01
  0.2259861E+00  0.3384743E-01  0.8950000E+00  0.5000000E+01  0.1000000E+01  0.3000000E-01
  0.2260840E+00  0.3368445E-01  0.8900000E+00  0.5000000E+01  0.1000000E+01  0.3000000E-01
  0.2261816E+00  0.3352111E-01  0.8850000E+00  0.5000000E+01  0.1000000E+01  0.3000000E-01
  0.2262790E+00  0.3335740E-01  0.8800000E+00  0.5000000E+01  0.1000000E+01  0.3000000E-01
  0.2263760E+00  0.3319333E-01  0.8750000E+00  0.5000000E+01  0.1000000E+01  0.3000000E-01
  0.2264727E+00  0.3302889E-01  0.8700000E+00  0.5000000E+01  0.1000000E+01  0.3000000E-01
  0.2265690E+00  0.3286409E-01  0.8650000E+00  0.5000000E+01  0.1000000E+01  0.3000000E-01
  0.2266651E+00  0.3269893E-01  0.8600000E+00  0.5000000E+01  0.1000000E+01  0.3000000E-01
  0.2267609E+00  0.3253341E-01  0.8550000E+00  0.5000000E+01  0.1000000E+01  0.3000000E-01
  0.2268563E+00  0.3236752E-01  0.8500000E+00  0.5000000E+01  0.1000000E+01  0.3000000E-01
  0.2269514E+00  0.3220127E-01  0.8450000E+00  0.5000000E+01  0.1000000E+01  0.3000000E-01
  0.2270462E+00  0.3203467E-01  0.8400000E+00  0.5000000E+01  0.1000000E+01  0.3000000E-01
  0.2271407E+00  0.3186770E-01  0.8350000E+00  0.5000000E+01  0.1000000E+01  0.3000000E-01
  0.2272348E+00  0.3170038E-01  0.8300000E+00  0.5000000E+01  0.1000000E+01  0.3000000E-01
  0.2273286E+00  0.3153270E-01  0.8250000E+00  0.5000000E+01  0.1000000E+01  0.3000000E-01
  0.2274221E+00  0.3136466E-01  0.8200000E+00  0.5000000E+01  0.1000000E+01  0.3000000E-01
  0.2275153E+00  0.3119627E-01  0.8150000E+00  0.5000000E+01  0.1000000E+01  0.3000000E-01
  0.2276081E+00  0.3102752E-01  0.8100000E+00  0.5000000E+01  0.1000000E+01  0.3000000E-01
  0.2277006E+00  0.3085842E-01  0.8050000E+00  0.5000000E+01  0.1000000E+01  0.3000000E-01
  0.2277928E+00  0.3068897E-01  0.8000000E+00  0.5000000E+01  0.1000000E+01  0.3000000E-01
  0.2278846E+00  0.3051917E-01  0.7950000E+00  0.5000000E+01  0.1000000E+01  0.3000000E-01
  0.2279760E+00  0.3034901E-01  0.7900000E+00  0.5000000E+01  0.1000000E+01  0.3000000E-01
  0.2280672E+00  0.3017851E-01  0.7850000E+00  0.5000000E+01  0.1000000E+01  0.3000000E-01
  0.2281580E+00  0.3000766E-01  0.7800000E+00  0.5000000E+01  0.1000000E+01  0.3000000E-01
  0.2282484E+00  0.2983646E-01  0.7750000E+00  0.5000000E+01  0.1000000E+01  0.3000000E-01
  0.2283385E+00  0.2966491E-01  0.7700000E+00  0.5000000E+01  0.1000000E+01  0.3000000E-01
  0.2284282E+00  0.2949301E-01  0.7650000E+00  0.5000000E+01  0.1000000E+01  0.3000000E-01
  0.2285176E+00  0.2932078E-01  0.7600000E+00  0.5000000E+01  0.1000000E+01  0.3000000E-01
  0.2286067E+00  0.2914819E-01  0.7550000E+00  0.5000000E+01  0.1000000E+01  0.3000000E-01
  0.2286953E+00  0.2897527E-01  0.7500000E+00  0.5000000E+01  0.1000000E+01  0.3000000E-01
  0.2287837E+00  0.2880200E-01  0.7450000E+00  0.5000000E+01  0.1000000E+01  0.3000000E-01
  0.2288716E+00  0.2862839E-01  0.7400000E+00  0.5000000E+01  0.1000000E+01  0.3000000E-01
  0.2289592E+00  0.2845445E-01  0.7350000E+00  0.5000000E+01  0.1000000E+01  0.3000000E-01
  0.2290465E+00  0.2828016E-01  0.7300000E+00  0.5000000E+01  0.1000000E+01  0.3000000E-01
  0.2291334E+00  0.2810554E-01  0.7250000E+00  0.5000000E+01  0.1000000E+01  0.3000000E-01
  0.2292199E+00  0.2793058E-01  0.7200000E+00  0.5000000E+01  0.1000000E+01  0.3000000E-01
  0.2293060E+00  0.2775528E-01  0.7150000E+00  0.5000000E+01  0.1000000E+01  0.3000000E-01
  0.2293918E+00  0.2757965E-01  0.7100000E+00  0.5000000E+01  0.1000000E+01  0.3000000E-01
  0.2294772E+00  0.2740369E-01  0.7050000E+00  0.5000000E+01  0.1000000E+01  0.3000000E-01
  0.2295623E+00  0.2722740E-01  0.7000000E+00  0.5000000E+01  0.1000000E+01  0.3000000E-01
  0.2296469E+00  0.2705078E-01  0.6950000E+00  0.5000000E+01  0.1000000E+01  0.3000000E-01
  0.2297312E+00  0.2687382E-01  0.6900000E+00  0.5000000E+01  0.1000000E+01  0.3000000E-01
  0.2298151E+00  0.2669654E-01  0.6850000E+00  0.5000000E+01  0.1000000E+01  0.3000000E-01
  0.2298986E+00  0.2651893E-01  0.6800000E+00  0.5000000E+01  0.1000000E+01  0.3000000E-01
  0.2299818E+00  0.2634100E-01  0.6750000E+00  0.5000000E+01  0.1000000E+01  0.3000000E-01
  0.2300645E+00  0.2616274E-01  0.6700000E+00  0.5000000E+01  0.1000000E+01  0.3000000E-01
  0.2301469E+00  0.2598415E-01  0.6650000E+00  0.5000000E+01  0.1000000E+01  0.3000000E-01
  0.2302289E+00  0.2580525E-01  0.6600000E+00  0.5000000E+01  0.1000000E+01  0.3000000E-01
  0.2303105E+00  0.2562602E-01  0.6550000E+00  0.5000000E+01  0.1000000E+01  0.3000000E-01
  0.2303917E+00  0.2544648E-01  0.6500000E+00  0.5000000E+01  0.1000000E+01  0.3000000E-01
  0.2304725E+00  0.2526661E-01  0.6450000E+00  0.5000000E+01  0.1000000E+01  0.3000000E-01
  0.2305529E+00  0.2508643E-01  0.6400000E+00  0.5000000E+01  0.1000000E+01  0.3000000E-01
  0.2306329E+00  0.2490594E-01  0.6350000E+00  0.5000000E+01  0.1000000E+01  0.3000000E-01
  0.2307126E+00  0.2472513E-01  0.6300000E+00  0.5000000E+01  0.1000000E+01  0.3000000E-01
  0.2307918E+00  0.2454400E-01  0.6250000E+00  0.5000000E+01  0.1000000E+01  0.3000000E-01
  0.2308706E+00  0.2436257E-01  0.6200000E+00  0.5000000E+01  0.1000000E+01  0.3000000E-01
  0.2309490E+00  0.2418082E-01  0.6150000E+00  0.5000000E+01  0.1000000E+01  0.3000000E-01
  0.2310271E+00  0.2399877E-01  0.6100000E+00  0.5000000E+01  0.1000000E+01  0.3000000E-01
  0.2311047E+00  0.2381641E-01  0.6050000E+00  0.5000000E+01  0.1000000E+01  0.3000000E-01
  0.2311819E+00  0.2363374E-01  0.6000000E+00  0.5000000E+01  0.1000000E+01  0.3000000E-01
  0.2312587E+00  0.2345077E-01  0.5950000E+00  0.5000000E+01  0.1000000E+01  0.3000000E-01
  0.2313350E+00  0.2326749E-01  0.5900000E+00  0.5000000E+01  0.1000000E+01  0.3000000E-01
  0.2314110E+00  0.2308391E-01  0.5850000E+00  0.5000000E+01  0.1000000E+01  0.3000000E-01
  0.2314866E+00  0.2290003E-01  0.5800000E+00  0.5000000E+01  0.1000000E+01  0.3000000E-01
  0.2315617E+00  0.2271586E-01  0.5750000E+00  0.5000000E+01  0.1000000E+01  0.3000000E-01
  0.2316364E+00  0.2253138E-01  0.5700000E+00  0.5000000E+01  0.1000000E+01  0.3000000E-01
  0.2317107E+00  0.2234661E-01  0.5650000E+00  0.5000000E+01  0.1000000E+01  0.3000000E-01
  0.2317846E+00  0.2216154E-01  0.5600000E+00  0.5000000E+01  0.1000000E+01  0.3000000E-01
  0.2318581E+00  0.2197619E-01  0.5550000E+00  0.5000000E+01  0.1000000E+01  0.3000000E-01
  0.2319311E+00  0.2179053E-01  0.5500000E+00  0.5000000E+01  0.1000000E+01  0.3000000E-01
  0.2320037E+00  0.2160459E-01  0.5450000E+00  0.5000000E+01  0.1000000E+01  0.3000000E-01
  0.2320759E+00  0.2141837E-01  0.5400000E+00  0.5000000E+01  0.1000000E+01  0.3000000E-01
  0.2321476E+00  0.2123185E-01  0.5350000E+00  0.5000000E+01  0.1000000E+01  0.3000000E-01
  0.2322190E+00  0.2104505E-01  0.5300000E+00  0.5000000E+01  0.1000000E+01  0.3000000E-01
  0.2322898E+00  0.2085796E-01  0.5250000E+00  0.5000000E+01  0.1000000E+01  0.3000000E-01
  0.2323603E+00  0.2067060E-01  0.5200000E+00  0.5000000E+01  0.1000000E+01  0.3000000E-01
  0.2324303E+00  0.2048295E-01  0.5150000E+00  0.5000000E+01  0.1000000E+01  0.3000000E-01
  0.2324999E+00  0.2029502E-01  0.5100000E+00  0.5000000E+01  0.1000000E+01  0.3000000E-01
  0.2325690E+00  0.2010682E-01  0.5050000E+00  0.5000000E+01  0.1000000E+01  0.3000000E-01
  0.2326377E+00  0.1991834E-01  0.5000000E+00  0.5000000E+01  0.1000000E+01  0.3000000E-01
  0.2327060E+00  0.1972958E-01  0.4950000E+00  0.5000000E+01  0.1000000E+01  0.3000000E-01
  0.2327738E+00  0.1954055E-01  0.4900000E+00  0.5000000E+01  0.1000000E+01  0.3000000E-01
  0.2328412E+00  0.1935126E-01  0.4850000E+00  0.5000000E+01  0.1000000E+01  0.3000000E-01
  0.2329081E+00  0.1916169E-01  0.4800000E+00  0.5000000E+01  0.1000000E+01  0.3000000E-01
  0.2329746E+00  0.1897185E-01  0.4750000E+00  0.5000000E+01  0.1000000E+01  0.3000000E-01
  0.2330406E+00  0.1878175E-01  0.4700000E+00  0.5000000E+01  0.1000000E+01  0.3000000E-01
  0.2331062E+00  0.1859139E-01  0.4650000E+00  0.5000000E+01  0.1000000E+01  0.3000000E-01
  0.2331713E+00  0.1840076E-01  0.4600000E+00  0.5000000E+01  0.1000000E+01  0.3000000E-01
  0.2332360E+00  0.1820987E-01  0.4550000E+00  0.5000000E+01  0.1000000E+01  0.3000000E-01
  0.2333002E+00  0.1801873E-01  0.4500000E+00  0.5000000E+01  0.1000000E+01  0.3000000E-01
  0.2333639E+00  0.1782732E-01  0.4450000E+00  0.5000000E+01  0.1000000E+01  0.3000000E-01
  0.2334272E+00  0.1763566E-01  0.4400000E+00  0.5000000E+01  0.1000000E+01  0.3000000E-01
  0.2334901E+00  0.1744375E-01  0.4350000E+00  0.5000000E+01  0.1000000E+01  0.3000000E-01
  0.2335525E+00  0.1725158E-01  0.4300000E+00  0.5000000E+01  0.1000000E+01  0.3000000E-01
  0.2336144E+00  0.1705917E-01  0.4250000E+00  0.5000000E+01  0.1000000E+01  0.3000000E-01
  0.2336758E+00  0.1686650E-01  0.4200000E+00  0.5000000E+01  0.1000000E+01  0.3000000E-01
  0.2337368E+00  0.1667359E-01  0.4150000E+00  0.5000000E+01  0.1000000E+01  0.3000000E-01
  0.2337973E+00  0.1648044E-01  0.4100000E+00  0.5000000E+01  0.1000000E+01  0.3000000E-01
  0.2338574E+00  0.1628704E-01  0.4050000E+00  0.5000000E+01  0.1000000E+01  0.3000000E-01
  0.2339170E+00  0.1609340E-01  0.4000000E+00  0.5000000E+01  0.1000000E+01  0.3000000E-01
  0.2339761E+00  0.1589952E-01  0.3950000E+00  0.5000000E+01  0.1000000E+01  0.3000000E-01
  0.2340347E+00  0.1570541E-01  0.3900000E+00  0.5000000E+01  0.1000000E+01  0.3000000E-01
  0.2340929E+00  0.1551106E-01  0.3850000E+00  0.5000000E+01  0.1000000E+01  0.3000000E-01
  0.2341506E+00  0.1531647E-01  0.3800000E+00  0.5000000E+01  0.1000000E+01  0.3000000E-01
  0.2342078E+00  0.1512165E-01  0.3750000E+00  0.5000000E+01  0.1000000E+01  0.3000000E-01
  0.2342645E+00  0.1492661E-01  0.3700000E+00  0.5000000E+01  0.1000000E+01  0.3000000E-01
  0.2343208E+00  0.1473133E-01  0.3650000E+00  0.5000000E+01  0.1000000E+01  0.3000000E-01
  0.2343765E+00  0.1453583E-01  0.3600000E+00  0.5000000E+01  0.1000000E+01  0.3000000E-01
  0.2344318E+00  0.1434011E-01  0.3550000E+00  0.5000000E+01  0.1000000E+01  0.3000000E-01
  0.2344866E+00  0.1414416E-01  0.3500000E+00  0.5000000E+01  0.1000000E+01  0.3000000E-01
  0.2345410E+00  0.1394799E-01  0.3450000E+00  0.5000000E+01  0.1000000E+01  0.3000000E-01
  0.2345948E+00  0.1375161E-01  0.3400000E+00  0.5000000E+01  0.1000000E+01  0.3000000E-01
  0.2346482E+00  0.1355501E-01  0.3350000E+00  0.5000000E+01  0.1000000E+01  0.3000000E-01
  0.2347010E+00  0.1335819E-01  0.3300000E+00  0.5000000E+01  0.1000000E+01  0.3000000E-01
  0.2347534E+00  0.1316116E-01  0.3250000E+00  0.5000000E+01  0.1000000E+01  0.3000000E-01
  0.2348053E+00  0.1296392E-01  0.3200000E+00  0.5000000E+01  0.1000000E+01  0.3000000E-01
  0.2348567E+00  0.1276648E-01  0.3150000E+00  0.5000000E+01  0.1000000E+01  0.3000000E-01
  0.2349076E+00  0.1256882E-01  0.3100000E+00  0.5000000E+01  0.1000000E+01  0.3000000E-01
  0.2349580E+00  0.1237096E-01  0.3050000E+00  0.5000000E+01  0.1000000E+01  0.3000000E-01
  0.2350079E+00  0.1217290E-01  0.3000000E+00  0.5000000E+01  0.1000000E+01  0.3000000E-01
  0.2350573E+00  0.1197464E-01  0.2950000E+00  0.5000000E+01  0.1000000E+01  0.3000000E-01
  0.2351063E+00  0.1177618E-01  0.2900000E+00  0.5000000E+01  0.1000000E+01  0.3000000E-01
  0.2351547E+00  0.1157753E-01  0.2850000E+00  0.5000000E+01  0.1000000E+01  0.3000000E-01
  0.2352026E+00  0.1137868E-01  0.2800000E+00  0.5000000E+01  0.1000000E+01  0.3000000E-01
  0.2352500E+00  0.1117964E-01  0.2750000E+00  0.5000000E+01  0.1000000E+01  0.3000000E-01
  0.2352969E+00  0.1098041E-01  0.2700000E+00  0.5000000E+01  0.1000000E+01  0.3000000E-01
  0.2353434E+00  0.1078099E-01  0.2650000E+00  0.5000000E+01  0.1000000E+01  0.3000000E-01
  0.2353893E+00  0.1058138E-01  0.2600000E+00  0.5000000E+01  0.1000000E+01  0.3000000E-01
  0.2354347E+00  0.1038159E-01  0.2550000E+00  0.5000000E+01  0.1000000E+01  0.3000000E-01
  0.2354796E+00  0.1018162E-01  0.2500000E+00  0.5000000E+01  0.1000000E+01  0.3000000E-01
  0.2355240E+00  0.9981472E-02  0.2450000E+00  0.5000000E+01  0.1000000E+01  0.3000000E-01
  0.2355679E+00  0.9781145E-02  0.2400000E+00  0.5000000E+01  0.1000000E+01  0.3000000E-01
  0.2356112E+00  0.9580642E-02  0.2350000E+00  0.5000000E+01  0.1000000E+01  0.3000000E-01
  0.2356541E+00  0.9379965E-02  0.2300000E+00  0.5000000E+01  0.1000000E+01  0.3000000E-01
  0.2356965E+00  0.9179118E-02  0.2250000E+00  0.5000000E+01  0.1000000E+01  0.3000000E-01
  0.2357383E+00  0.8978102E-02  0.2200000E+00  0.5000000E+01  0.1000000E+01  0.3000000E-01
  0.2357797E+00  0.8776920E-02  0.2150000E+00  0.5000000E+01  0.1000000E+01  0.3000000E-01
  0.2358205E+00  0.8575572E-02  0.2100000E+00  0.5000000E+01  0.1000000E+01  0.3000000E-01
  0.2358608E+00  0.8374063E-02  0.2050000E+00  0.5000000E+01  0.1000000E+01  0.3000000E-01
  0.2359006E+00  0.8172393E-02  0.2000000E+00  0.5000000E+01  0.1000000E+01  0.3000000E-01
  0.2359398E+00  0.7970565E-02  0.1950000E+00  0.5000000E+01  0.1000000E+01  0.3000000E-01
  0.2359786E+00  0.7768581E-02  0.1900000E+00  0.5000000E+01  0.1000000E+01  0.3000000E-01
  0.2360168E+00  0.7566444E-02  0.1850000E+00  0.5000000E+01  0.1000000E+01  0.3000000E-01
  0.2360545E+00  0.7364155E-02  0.1800000E+00  0.5000000E+01  0.1000000E+01  0.3000000E-01
  0.2360917E+00  0.7161718E-02  0.1750000E+00  0.5000000E+01  0.1000000E+01  0.3000000E-01
  0.2361284E+00  0.6959133E-02  0.1700000E+00  0.5000000E+01  0.1000000E+01  0.3000000E-01
  0.2361645E+00  0.6756403E-02  0.1650000E+00  0.5000000E+01  0.1000000E+01  0.3000000E-01
  0.2362002E+00  0.6553531E-02  0.1600000E+00  0.5000000E+01  0.1000000E+01  0.3000000E-01
  0.2362353E+00  0.6350518E-02  0.1550000E+00  0.5000000E+01  0.1000000E+01  0.3000000E-01
  0.2362699E+00  0.6147368E-02  0.1500000E+00  0.5000000E+01  0.1000000E+01  0.3000000E-01
  0.2363039E+00  0.5944082E-02  0.1450000E+00  0.5000000E+01  0.1000000E+01  0.3000000E-01
  0.2363374E+00  0.5740662E-02  0.1400000E+00  0.5000000E+01  0.1000000E+01  0.3000000E-01
  0.2363704E+00  0.5537111E-02  0.1350000E+00  0.5000000E+01  0.1000000E+01  0.3000000E-01
  0.2364029E+00  0.5333431E-02  0.1300000E+00  0.5000000E+01  0.1000000E+01  0.3000000E-01
  0.2364349E+00  0.5129624E-02  0.1250000E+00  0.5000000E+01  0.1000000E+01  0.3000000E-01
  0.2364663E+00  0.4925692E-02  0.1200000E+00  0.5000000E+01  0.1000000E+01  0.3000000E-01
  0.2364972E+00  0.4721639E-02  0.1150000E+00  0.5000000E+01  0.1000000E+01  0.3000000E-01
  0.2365275E+00  0.4517465E-02  0.1100000E+00  0.5000000E+01  0.1000000E+01  0.3000000E-01
  0.2365574E+00  0.4313174E-02  0.1050000E+00  0.5000000E+01  0.1000000E+01  0.3000000E-01
  0.2365867E+00  0.4108768E-02  0.1000000E+00  0.5000000E+01  0.1000000E+01  0.3000000E-01
  0.2366154E+00  0.3904249E-02  0.9500000E-01  0.5000000E+01  0.1000000E+01  0.3000000E-01
  0.2366436E+00  0.3699619E-02  0.9000000E-01  0.5000000E+01  0.1000000E+01  0.3000000E-01
  0.2366713E+00  0.3494880E-02  0.8500000E-01  0.5000000E+01  0.1000000E+01  0.3000000E-01
  0.2366985E+00  0.3290036E-02  0.8000000E-01  0.5000000E+01  0.1000000E+01  0.3000000E-01
  0.2367251E+00  0.3085087E-02  0.7500000E-01  0.5000000E+01  0.1000000E+01  0.3000000E-01
  0.2367512E+00  0.2880037E-02  0.7000000E-01  0.5000000E+01  0.1000000E+01  0.3000000E-01
  0.2367768E+00  0.2674889E-02  0.6500000E-01  0.5000000E+01  0.1000000E+01  0.3000000E-01
  0.2368018E+00  0.2469643E-02  0.6000000E-01  0.5000000E+01  0.1000000E+01  0.3000000E-01
  0.2368263E+00  0.2264303E-02  0.5500000E-01  0.5000000E+01  0.1000000E+01  0.3000000E-01
  0.2368502E+00  0.2058871E-02  0.5000000E-01  0.5000000E+01  0.1000000E+01  0.3000000E-01

