  0.1977887E+01  0.7660306E-01  0.5000000E+01  0.5000000E+01  0.1000000E+01  0.3000000E-01
  0.1977941E+01  0.7666164E-01  0.4995000E+01  0.5000000E+01  0.1000000E+01  0.3000000E-01
  0.1977996E+01  0.7672028E-01  0.4990000E+01  0.5000000E+01  0.1000000E+01  0.3000000E-01
  0.1978050E+01  0.7677899E-01  0.4985000E+01  0.5000000E+01  0.1000000E+01  0.3000000E-01
  0.1978104E+01  0.7683777E-01  0.4980000E+01  0.5000000E+01  0.1000000E+01  0.3000000E-01
  0.1978159E+01  0.7689662E-01  0.4975000E+01  0.5000000E+01  0.1000000E+01  0.3000000E-01
  0.1978214E+01  0.7695554E-01  0.4970000E+01  0.5000000E+01  0.1000000E+01  0.3000000E-01
  0.1978269E+01  0.7701453E-01  0.4965000E+01  0.5000000E+01  0.1000000E+01  0.3000000E-01
  0.1978324E+01  0.7707358E-01  0.4960000E+01  0.5000000E+01  0.1000000E+01  0.3000000E-01
  0.1978379E+01  0.7713271E-01  0.4955000E+01  0.5000000E+01  0.1000000E+01  0.3000000E-01
  0.1978434E+01  0.7719190E-01  0.4950000E+01  0.5000000E+01  0.1000000E+01  0.3000000E-01
  0.1978490E+01  0.7725116E-01  0.4945000E+01  0.5000000E+01  0.1000000E+01  0.3000000E-01
  0.1978545E+01  0.7731049E-01  0.4940000E+01  0.5000000E+01  0.1000000E+01  0.3000000E-01
  0.1978601E+01  0.7736989E-01  0.4935000E+01  0.5000000E+01  0.1000000E+01  0.3000000E-01
  0.1978657E+01  0.7742936E-01  0.4930000E+01  0.5000000E+01  0.1000000E+01  0.3000000E-01
  0.1978713E+01  0.7748890E-01  0.4925000E+01  0.5000000E+01  0.1000000E+01  0.3000000E-01
  0.1978769E+01  0.7754850E-01  0.4920000E+01  0.5000000E+01  0.1000000E+01  0.3000000E-01
  0.1978825E+01  0.7760818E-01  0.4915000E+01  0.5000000E+01  0.1000000E+01  0.3000000E-01
  0.1978882E+01  0.7766792E-01  0.4910000E+01  0.5000000E+01  0.1000000E+01  0.3000000E-01
  0.1978939E+01  0.7772774E-01  0.4905000E+01  0.5000000E+01  0.1000000E+01  0.3000000E-01
  0.1978995E+01  0.7778762E-01  0.4900000E+01  0.5000000E+01  0.1000000E+01  0.3000000E-01
  0.1979052E+01  0.7784757E-01  0.4895000E+01  0.5000000E+01  0.1000000E+01  0.3000000E-01
  0.1979110E+01  0.7790759E-01  0.4890000E+01  0.5000000E+01  0.1000000E+01  0.3000000E-01
  0.1979167E+01  0.7796767E-01  0.4885000E+01  0.5000000E+01  0.1000000E+01  0.3000000E-01
  0.1979224E+01  0.7802783E-01  0.4880000E+01  0.5000000E+01  0.1000000E+01  0.3000000E-01
  0.1979282E+01  0.7808806E-01  0.4875000E+01  0.5000000E+01  0.1000000E+01  0.3000000E-01
  0.1979340E+01  0.7814835E-01  0.4870000E+01  0.5000000E+01  0.1000000E+01  0.3000000E-01
  0.1979397E+01  0.7820872E-01  0.4865000E+01  0.5000000E+01  0.1000000E+01  0.3000000E-01
  0.1979455E+01  0.7826915E-01  0.4860000E+01  0.5000000E+01  0.1000000E+01  0.3000000E-01
  0.1979514E+01  0.7832965E-01  0.4855000E+01  0.5000000E+01  0.1000000E+01  0.3000000E-01
  0.1979572E+01  0.7839022E-01  0.4850000E+01  0.5000000E+01  0.1000000E+01  0.3000000E-01
  0.1979630E+01  0.7845086E-01  0.4845000E+01  0.5000000E+01  0.1000000E+01  0.3000000E-01
  0.1979689E+01  0.7851157E-01  0.4840000E+01  0.5000000E+01  0.1000000E+01  0.3000000E-01
  0.1979748E+01  0.7857235E-01  0.4835000E+01  0.5000000E+01  0.1000000E+01  0.3000000E-01
  0.1979807E+01  0.7863320E-01  0.4830000E+01  0.5000000E+01  0.1000000E+01  0.3000000E-01
  0.1979866E+01  0.7869412E-01  0.4825000E+01  0.5000000E+01  0.1000000E+01  0.3000000E-01
  0.1979925E+01  0.7875510E-01  0.4820000E+01  0.5000000E+01  0.1000000E+01  0.3000000E-01
  0.1979985E+01  0.7881616E-01  0.4815000E+01  0.5000000E+01  0.1000000E+01  0.3000000E-01
  0.1980044E+01  0.7887728E-01  0.4810000E+01  0.5000000E+01  0.1000000E+01  0.3000000E-01
  0.1980104E+01  0.7893847E-01  0.4805000E+01  0.5000000E+01  0.1000000E+01  0.3000000E-01
  0.1980164E+01  0.7899974E-01  0.4800000E+01  0.5000000E+01  0.1000000E+01  0.3000000E-01
  0.1980224E+01  0.7906107E-01  0.4795000E+01  0.5000000E+01  0.1000000E+01  0.3000000E-01
  0.1980285E+01  0.7912247E-01  0.4790000E+01  0.5000000E+01  0.1000000E+01  0.3000000E-01
  0.1980345E+01  0.7918394E-01  0.4785000E+01  0.5000000E+01  0.1000000E+01  0.3000000E-01
  0.1980406E+01  0.7924548E-01  0.4780000E+01  0.5000000E+01  0.1000000E+01  0.3000000E-01
  0.1980466E+01  0.7930708E-01  0.4775000E+01  0.5000000E+01  0.1000000E+01  0.3000000E-01
  0.1980527E+01  0.7936876E-01  0.4770000E+01  0.5000000E+01  0.1000000E+01  0.3000000E-01
  0.1980588E+01  0.7943051E-01  0.4765000E+01  0.5000000E+01  0.1000000E+01  0.3000000E-01
  0.1980650E+01  0.7949232E-01  0.4760000E+01  0.5000000E+01  0.1000000E+01  0.3000000E-01
  0.1980711E+01  0.7955421E-01  0.4755000E+01  0.5000000E+01  0.1000000E+01  0.3000000E-01
  0.1980773E+01  0.7961616E-01  0.4750000E+01  0.5000000E+01  0.1000000E+01  0.3000000E-01
  0.1980834E+01  0.7967818E-01  0.4745000E+01  0.5000000E+01  0.1000000E+01  0.3000000E-01
  0.1980896E+01  0.7974028E-01  0.4740000E+01  0.5000000E+01  0.1000000E+01  0.3000000E-01
  0.1980959E+01  0.7980244E-01  0.4735000E+01  0.5000000E+01  0.1000000E+01  0.3000000E-01
  0.1981021E+01  0.7986467E-01  0.4730000E+01  0.5000000E+01  0.1000000E+01  0.3000000E-01
  0.1981083E+01  0.7992696E-01  0.4725000E+01  0.5000000E+01  0.1000000E+01  0.3000000E-01
  0.1981146E+01  0.7998933E-01  0.4720000E+01  0.5000000E+01  0.1000000E+01  0.3000000E-01
  0.1981209E+01  0.8005177E-01  0.4715000E+01  0.5000000E+01  0.1000000E+01  0.3000000E-01
  0.1981272E+01  0.8011428E-01  0.4710000E+01  0.5000000E+01  0.1000000E+01  0.3000000E-01
  0.1981335E+01  0.8017685E-01  0.4705000E+01  0.5000000E+01  0.1000000E+01  0.3000000E-01
  0.1981398E+01  0.8023949E-01  0.4700000E+01  0.5000000E+01  0.1000000E+01  0.3000000E-01
  0.1981461E+01  0.8030221E-01  0.4695000E+01  0.5000000E+01  0.1000000E+01  0.3000000E-01
  0.1981525E+01  0.8036499E-01  0.4690000E+01  0.5000000E+01  0.1000000E+01  0.3000000E-01
  0.1981589E+01  0.8042784E-01  0.4685000E+01  0.5000000E+01  0.1000000E+01  0.3000000E-01
  0.1981653E+01  0.8049076E-01  0.4680000E+01  0.5000000E+01  0.1000000E+01  0.3000000E-01
  0.1981717E+01  0.8055375E-01  0.4675000E+01  0.5000000E+01  0.1000000E+01  0.3000000E-01
  0.1981782E+01  0.8061680E-01  0.4670000E+01  0.5000000E+01  0.1000000E+01  0.3000000E-01
  0.1981846E+01  0.8067993E-01  0.4665000E+01  0.5000000E+01  0.1000000E+01  0.3000000E-01
  0.1981911E+01  0.8074313E-01  0.4660000E+01  0.5000000E+01  0.1000000E+01  0.3000000E-01
  0.1981976E+01  0.8080639E-01  0.4655000E+01  0.5000000E+01  0.1000000E+01  0.3000000E-01
  0.1982041E+01  0.8086972E-01  0.4650000E+01  0.5000000E+01  0.1000000E+01  0.3000000E-01
  0.1982106E+01  0.8093312E-01  0.4645000E+01  0.5000000E+01  0.1000000E+01  0.3000000E-01
  0.1982171E+01  0.8099659E-01  0.4640000E+01  0.5000000E+01  0.1000000E+01  0.3000000E-01
  0.1982237E+01  0.8106013E-01  0.4635000E+01  0.5000000E+01  0.1000000E+01  0.3000000E-01
  0.1982303E+01  0.8112374E-01  0.4630000E+01  0.5000000E+01  0.1000000E+01  0.3000000E-01
  0.1982369E+01  0.8118741E-01  0.4625000E+01  0.5000000E+01  0.1000000E+01  0.3000000E-01
  0.1982435E+01  0.8125116E-01  0.4620000E+01  0.5000000E+01  0.1000000E+01  0.3000000E-01
  0.1982501E+01  0.8131497E-01  0.4615000E+01  0.5000000E+01  0.1000000E+01  0.3000000E-01
  0.1982568E+01  0.8137885E-01  0.4610000E+01  0.5000000E+01  0.1000000E+01  0.3000000E-01
  0.1982635E+01  0.8144280E-01  0.4605000E+01  0.5000000E+01  0.1000000E+01  0.3000000E-01
  0.1982701E+01  0.8150682E-01  0.4600000E+01  0.5000000E+01  0.1000000E+01  0.3000000E-01
  0.1982769E+01  0.8157090E-01  0.4595000E+01  0.5000000E+01  0.1000000E+01  0.3000000E-01
  0.1982836E+01  0.8163506E-01  0.4590000E+01  0.5000000E+01  0.1000000E+01  0.3000000E-01
  0.1982903E+01  0.8169928E-01  0.4585000E+01  0.5000000E+01  0.1000000E+01  0.3000000E-01
  0.1982971E+01  0.8176357E-01  0.4580000E+01  0.5000000E+01  0.1000000E+01  0.3000000E-01
  0.1983039E+01  0.8182793E-01  0.4575000E+01  0.5000000E+01  0.1000000E+01  0.3000000E-01
  0.1983107E+01  0.8189236E-01  0.4570000E+01  0.5000000E+01  0.1000000E+01  0.3000000E-01
  0.1983175E+01  0.8195685E-01  0.4565000E+01  0.5000000E+01  0.1000000E+01  0.3000000E-01
  0.1983243E+01  0.8202141E-01  0.4560000E+01  0.5000000E+01  0.1000000E+01  0.3000000E-01
  0.1983312E+01  0.8208604E-01  0.4555000E+01  0.5000000E+01  0.1000000E+01  0.3000000E-01
  0.1983381E+01  0.8215074E-01  0.4550000E+01  0.5000000E+01  0.1000000E+01  0.3000000E-01
  0.1983450E+01  0.8221551E-01  0.4545000E+01  0.5000000E+01  0.1000000E+01  0.3000000E-01
  0.1983519E+01  0.8228034E-01  0.4540000E+01  0.5000000E+01  0.1000000E+01  0.3000000E-01
  0.1983588E+01  0.8234524E-01  0.4535000E+01  0.5000000E+01  0.1000000E+01  0.3000000E-01
  0.1983658E+01  0.8241021E-01  0.4530000E+01  0.5000000E+01  0.1000000E+01  0.3000000E-01
  0.1983728E+01  0.8247525E-01  0.4525000E+01  0.5000000E+01  0.1000000E+01  0.3000000E-01
  0.1983798E+01  0.8254035E-01  0.4520000E+01  0.5000000E+01  0.1000000E+01  0.3000000E-01
  0.1983868E+01  0.8260553E-01  0.4515000E+01  0.5000000E+01  0.1000000E+01  0.3000000E-01
  0.1983938E+01  0.8267076E-01  0.4510000E+01  0.5000000E+01  0.1000000E+01  0.3000000E-01
  0.1984009E+01  0.8273607E-01  0.4505000E+01  0.5000000E+01  0.1000000E+01  0.3000000E-01
  0.1984080E+01  0.8280144E-01  0.4500000E+01  0.5000000E+01  0.1000000E+01  0.3000000E-01
  0.1984151E+01  0.8286688E-01  0.4495000E+01  0.5000000E+01  0.1000000E+01  0.3000000E-01
  0.1984222E+01  0.8293239E-01  0.4490000E+01  0.5000000E+01  0.1000000E+01  0.3000000E-01
  0.1984293E+01  0.8299797E-01  0.4485000E+01  0.5000000E+01  0.1000000E+01  0.3000000E-01
  0.1984365E+01  0.8306361E-01  0.4480000E+01  0.5000000E+01  0.1000000E+01  0.3000000E-01
  0.1984436E+01  0.8312932E-01  0.4475000E+01  0.5000000E+01  0.1000000E+01  0.3000000E-01
  0.1984508E+01  0.8319509E-01  0.4470000E+01  0.5000000E+01  0.1000000E+01  0.3000000E-01
  0.1984581E+01  0.8326093E-01  0.4465000E+01  0.5000000E+01  0.1000000E+01  0.3000000E-01
  0.1984653E+01  0.8332684E-01  0.4460000E+01  0.5000000E+01  0.1000000E+01  0.3000000E-01
  0.1984726E+01  0.8339281E-01  0.4455000E+01  0.5000000E+01  0.1000000E+01  0.3000000E-01
  0.1984798E+01  0.8345886E-01  0.4450000E+01  0.5000000E+01  0.1000000E+01  0.3000000E-01
  0.1984871E+01  0.8352496E-01  0.4445000E+01  0.5000000E+01  0.1000000E+01  0.3000000E-01
  0.1984945E+01  0.8359114E-01  0.4440000E+01  0.5000000E+01  0.1000000E+01  0.3000000E-01
  0.1985018E+01  0.8365737E-01  0.4435000E+01  0.5000000E+01  0.1000000E+01  0.3000000E-01
  0.1985092E+01  0.8372368E-01  0.4430000E+01  0.5000000E+01  0.1000000E+01  0.3000000E-01
  0.1985166E+01  0.8379005E-01  0.4425000E+01  0.5000000E+01  0.1000000E+01  0.3000000E-01
  0.1985240E+01  0.8385649E-01  0.4420000E+01  0.5000000E+01  0.1000000E+01  0.3000000E-01
  0.1985314E+01  0.8392299E-01  0.4415000E+01  0.5000000E+01  0.1000000E+01  0.3000000E-01
  0.1985388E+01  0.8398956E-01  0.4410000E+01  0.5000000E+01  0.1000000E+01  0.3000000E-01
  0.1985463E+01  0.8405619E-01  0.4405000E+01  0.5000000E+01  0.1000000E+01  0.3000000E-01
  0.1985538E+01  0.8412289E-01  0.4400000E+01  0.5000000E+01  0.1000000E+01  0.3000000E-01
  0.1985613E+01  0.8418966E-01  0.4395000E+01  0.5000000E+01  0.1000000E+01  0.3000000E-01
  0.1985688E+01  0.8425648E-01  0.4390000E+01  0.5000000E+01  0.1000000E+01  0.3000000E-01
  0.1985764E+01  0.8432338E-01  0.4385000E+01  0.5000000E+01  0.1000000E+01  0.3000000E-01
  0.1985840E+01  0.8439034E-01  0.4380000E+01  0.5000000E+01  0.1000000E+01  0.3000000E-01
  0.1985916E+01  0.8445736E-01  0.4375000E+01  0.5000000E+01  0.1000000E+01  0.3000000E-01
  0.1985992E+01  0.8452445E-01  0.4370000E+01  0.5000000E+01  0.1000000E+01  0.3000000E-01
  0.1986068E+01  0.8459160E-01  0.4365000E+01  0.5000000E+01  0.1000000E+01  0.3000000E-01
  0.1986145E+01  0.8465882E-01  0.4360000E+01  0.5000000E+01  0.1000000E+01  0.3000000E-01
  0.1986222E+01  0.8472610E-01  0.4355000E+01  0.5000000E+01  0.1000000E+01  0.3000000E-01
  0.1986299E+01  0.8479345E-01  0.4350000E+01  0.5000000E+01  0.1000000E+01  0.3000000E-01
  0.1986376E+01  0.8486086E-01  0.4345000E+01  0.5000000E+01  0.1000000E+01  0.3000000E-01
  0.1986454E+01  0.8492833E-01  0.4340000E+01  0.5000000E+01  0.1000000E+01  0.3000000E-01
  0.1986532E+01  0.8499587E-01  0.4335000E+01  0.5000000E+01  0.1000000E+01  0.3000000E-01
  0.1986610E+01  0.8506347E-01  0.4330000E+01  0.5000000E+01  0.1000000E+01  0.3000000E-01
  0.1986688E+01  0.8513113E-01  0.4325000E+01  0.5000000E+01  0.1000000E+01  0.3000000E-01
  0.1986766E+01  0.8519886E-01  0.4320000E+01  0.5000000E+01  0.1000000E+01  0.3000000E-01
  0.1986845E+01  0.8526665E-01  0.4315000E+01  0.5000000E+01  0.1000000E+01  0.3000000E-01
  0.1986924E+01  0.8533451E-01  0.4310000E+01  0.5000000E+01  0.1000000E+01  0.3000000E-01
  0.1987003E+01  0.8540242E-01  0.4305000E+01  0.5000000E+01  0.1000000E+01  0.3000000E-01
  0.1987082E+01  0.8547040E-01  0.4300000E+01  0.5000000E+01  0.1000000E+01  0.3000000E-01
  0.1987162E+01  0.8553845E-01  0.4295000E+01  0.5000000E+01  0.1000000E+01  0.3000000E-01
  0.1987242E+01  0.8560655E-01  0.4290000E+01  0.5000000E+01  0.1000000E+01  0.3000000E-01
  0.1987322E+01  0.8567472E-01  0.4285000E+01  0.5000000E+01  0.1000000E+01  0.3000000E-01
  0.1987402E+01  0.8574294E-01  0.4280000E+01  0.5000000E+01  0.1000000E+01  0.3000000E-01
  0.1987483E+01  0.8581123E-01  0.4275000E+01  0.5000000E+01  0.1000000E+01  0.3000000E-01
  0.1987563E+01  0.8587959E-01  0.4270000E+01  0.5000000E+01  0.1000000E+01  0.3000000E-01
  0.1987644E+01  0.8594800E-01  0.4265000E+01  0.5000000E+01  0.1000000E+01  0.3000000E-01
  0.1987726E+01  0.8601648E-01  0.4260000E+01  0.5000000E+01  0.1000000E+01  0.3000000E-01
  0.1987807E+01  0.8608501E-01  0.4255000E+01  0.5000000E+01  0.1000000E+01  0.3000000E-01
  0.1987889E+01  0.8615361E-01  0.4250000E+01  0.5000000E+01  0.1000000E+01  0.3000000E-01
  0.1987971E+01  0.8622227E-01  0.4245000E+01  0.5000000E+01  0.1000000E+01  0.3000000E-01
  0.1988053E+01  0.8629099E-01  0.4240000E+01  0.5000000E+01  0.1000000E+01  0.3000000E-01
  0.1988135E+01  0.8635976E-01  0.4235000E+01  0.5000000E+01  0.1000000E+01  0.3000000E-01
  0.1988218E+01  0.8642860E-01  0.4230000E+01  0.5000000E+01  0.1000000E+01  0.3000000E-01
  0.1988301E+01  0.8649750E-01  0.4225000E+01  0.5000000E+01  0.1000000E+01  0.3000000E-01
  0.1988384E+01  0.8656646E-01  0.4220000E+01  0.5000000E+01  0.1000000E+01  0.3000000E-01
  0.1988467E+01  0.8663548E-01  0.4215000E+01  0.5000000E+01  0.1000000E+01  0.3000000E-01
  0.1988551E+01  0.8670456E-01  0.4210000E+01  0.5000000E+01  0.1000000E+01  0.3000000E-01
  0.1988635E+01  0.8677370E-01  0.4205000E+01  0.5000000E+01  0.1000000E+01  0.3000000E-01
  0.1988719E+01  0.8684290E-01  0.4200000E+01  0.5000000E+01  0.1000000E+01  0.3000000E-01
  0.1988804E+01  0.8691215E-01  0.4195000E+01  0.5000000E+01  0.1000000E+01  0.3000000E-01
  0.1988888E+01  0.8698146E-01  0.4190000E+01  0.5000000E+01  0.1000000E+01  0.3000000E-01
  0.1988973E+01  0.8705084E-01  0.4185000E+01  0.5000000E+01  0.1000000E+01  0.3000000E-01
  0.1989058E+01  0.8712027E-01  0.4180000E+01  0.5000000E+01  0.1000000E+01  0.3000000E-01
  0.1989144E+01  0.8718976E-01  0.4175000E+01  0.5000000E+01  0.1000000E+01  0.3000000E-01
  0.1989229E+01  0.8725930E-01  0.4170000E+01  0.5000000E+01  0.1000000E+01  0.3000000E-01
  0.1989315E+01  0.8732891E-01  0.4165000E+01  0.5000000E+01  0.1000000E+01  0.3000000E-01
  0.1989401E+01  0.8739857E-01  0.4160000E+01  0.5000000E+01  0.1000000E+01  0.3000000E-01
  0.1989488E+01  0.8746829E-01  0.4155000E+01  0.5000000E+01  0.1000000E+01  0.3000000E-01
  0.1989574E+01  0.8753806E-01  0.4150000E+01  0.5000000E+01  0.1000000E+01  0.3000000E-01
  0.1989661E+01  0.8760789E-01  0.4145000E+01  0.5000000E+01  0.1000000E+01  0.3000000E-01
  0.1989748E+01  0.8767778E-01  0.4140000E+01  0.5000000E+01  0.1000000E+01  0.3000000E-01
  0.1989836E+01  0.8774773E-01  0.4135000E+01  0.5000000E+01  0.1000000E+01  0.3000000E-01
  0.1989924E+01  0.8781773E-01  0.4130000E+01  0.5000000E+01  0.1000000E+01  0.3000000E-01
  0.1990012E+01  0.8788778E-01  0.4125000E+01  0.5000000E+01  0.1000000E+01  0.3000000E-01
  0.1990100E+01  0.8795789E-01  0.4120000E+01  0.5000000E+01  0.1000000E+01  0.3000000E-01
  0.1990188E+01  0.8802806E-01  0.4115000E+01  0.5000000E+01  0.1000000E+01  0.3000000E-01
  0.1990277E+01  0.8809828E-01  0.4110000E+01  0.5000000E+01  0.1000000E+01  0.3000000E-01
  0.1990366E+01  0.8816856E-01  0.4105000E+01  0.5000000E+01  0.1000000E+01  0.3000000E-01
  0.1990455E+01  0.8823889E-01  0.4100000E+01  0.5000000E+01  0.1000000E+01  0.3000000E-01
  0.1990545E+01  0.8830927E-01  0.4095000E+01  0.5000000E+01  0.1000000E+01  0.3000000E-01
  0.1990635E+01  0.8837971E-01  0.4090000E+01  0.5000000E+01  0.1000000E+01  0.3000000E-01
  0.1990725E+01  0.8845020E-01  0.4085000E+01  0.5000000E+01  0.1000000E+01  0.3000000E-01
  0.1990815E+01  0.8852074E-01  0.4080000E+01  0.5000000E+01  0.1000000E+01  0.3000000E-01
  0.1990906E+01  0.8859134E-01  0.4075000E+01  0.5000000E+01  0.1000000E+01  0.3000000E-01
  0.1990997E+01  0.8866199E-01  0.4070000E+01  0.5000000E+01  0.1000000E+01  0.3000000E-01
  0.1991088E+01  0.8873269E-01  0.4065000E+01  0.5000000E+01  0.1000000E+01  0.3000000E-01
  0.1991179E+01  0.8880344E-01  0.4060000E+01  0.5000000E+01  0.1000000E+01  0.3000000E-01
  0.1991271E+01  0.8887425E-01  0.4055000E+01  0.5000000E+01  0.1000000E+01  0.3000000E-01
  0.1991363E+01  0.8894510E-01  0.4050000E+01  0.5000000E+01  0.1000000E+01  0.3000000E-01
  0.1991455E+01  0.8901601E-01  0.4045000E+01  0.5000000E+01  0.1000000E+01  0.3000000E-01
  0.1991548E+01  0.8908697E-01  0.4040000E+01  0.5000000E+01  0.1000000E+01  0.3000000E-01
  0.1991641E+01  0.8915798E-01  0.4035000E+01  0.5000000E+01  0.1000000E+01  0.3000000E-01
  0.1991734E+01  0.8922904E-01  0.4030000E+01  0.5000000E+01  0.1000000E+01  0.3000000E-01
  0.1991827E+01  0.8930014E-01  0.4025000E+01  0.5000000E+01  0.1000000E+01  0.3000000E-01
  0.1991921E+01  0.8937130E-01  0.4020000E+01  0.5000000E+01  0.1000000E+01  0.3000000E-01
  0.1992015E+01  0.8944251E-01  0.4015000E+01  0.5000000E+01  0.1000000E+01  0.3000000E-01
  0.1992109E+01  0.8951376E-01  0.4010000E+01  0.5000000E+01  0.1000000E+01  0.3000000E-01
  0.1992203E+01  0.8958507E-01  0.4005000E+01  0.5000000E+01  0.1000000E+01  0.3000000E-01
  0.1992298E+01  0.8965642E-01  0.4000000E+01  0.5000000E+01  0.1000000E+01  0.3000000E-01
  0.1992393E+01  0.8972782E-01  0.3995000E+01  0.5000000E+01  0.1000000E+01  0.3000000E-01
  0.1992489E+01  0.8979927E-01  0.3990000E+01  0.5000000E+01  0.1000000E+01  0.3000000E-01
  0.1992584E+01  0.8987076E-01  0.3985000E+01  0.5000000E+01  0.1000000E+01  0.3000000E-01
  0.1992680E+01  0.8994230E-01  0.3980000E+01  0.5000000E+01  0.1000000E+01  0.3000000E-01
  0.1992777E+01  0.9001389E-01  0.3975000E+01  0.5000000E+01  0.1000000E+01  0.3000000E-01
  0.1992873E+01  0.9008552E-01  0.3970000E+01  0.5000000E+01  0.1000000E+01  0.3000000E-01
  0.1992970E+01  0.9015720E-01  0.3965000E+01  0.5000000E+01  0.1000000E+01  0.3000000E-01
  0.1993067E+01  0.9022892E-01  0.3960000E+01  0.5000000E+01  0.1000000E+01  0.3000000E-01
  0.1993165E+01  0.9030069E-01  0.3955000E+01  0.5000000E+01  0.1000000E+01  0.3000000E-01
  0.1993262E+01  0.9037250E-01  0.3950000E+01  0.5000000E+01  0.1000000E+01  0.3000000E-01
  0.1993360E+01  0.9044436E-01  0.3945000E+01  0.5000000E+01  0.1000000E+01  0.3000000E-01
  0.1993459E+01  0.9051625E-01  0.3940000E+01  0.5000000E+01  0.1000000E+01  0.3000000E-01
  0.1993557E+01  0.9058820E-01  0.3935000E+01  0.5000000E+01  0.1000000E+01  0.3000000E-01
  0.1993656E+01  0.9066018E-01  0.3930000E+01  0.5000000E+01  0.1000000E+01  0.3000000E-01
  0.1993755E+01  0.9073221E-01  0.3925000E+01  0.5000000E+01  0.1000000E+01  0.3000000E-01
  0.1993855E+01  0.9080428E-01  0.3920000E+01  0.5000000E+01  0.1000000E+01  0.3000000E-01
  0.1993955E+01  0.9087639E-01  0.3915000E+01  0.5000000E+01  0.1000000E+01  0.3000000E-01
  0.1994055E+01  0.9094854E-01  0.3910000E+01  0.5000000E+01  0.1000000E+01  0.3000000E-01
  0.1994155E+01  0.9102073E-01  0.3905000E+01  0.5000000E+01  0.1000000E+01  0.3000000E-01
  0.1994256E+01  0.9109297E-01  0.3900000E+01  0.5000000E+01  0.1000000E+01  0.3000000E-01
  0.1994357E+01  0.9116524E-01  0.3895000E+01  0.5000000E+01  0.1000000E+01  0.3000000E-01
  0.1994459E+01  0.9123755E-01  0.3890000E+01  0.5000000E+01  0.1000000E+01  0.3000000E-01
  0.1994560E+01  0.9130990E-01  0.3885000E+01  0.5000000E+01  0.1000000E+01  0.3000000E-01
  0.1994662E+01  0.9138229E-01  0.3880000E+01  0.5000000E+01  0.1000000E+01  0.3000000E-01
  0.1994765E+01  0.9145472E-01  0.3875000E+01  0.5000000E+01  0.1000000E+01  0.3000000E-01
  0.1994867E+01  0.9152718E-01  0.3870000E+01  0.5000000E+01  0.1000000E+01  0.3000000E-01
  0.1994970E+01  0.9159968E-01  0.3865000E+01  0.5000000E+01  0.1000000E+01  0.3000000E-01
  0.1995073E+01  0.9167222E-01  0.3860000E+01  0.5000000E+01  0.1000000E+01  0.3000000E-01
  0.1995177E+01  0.9174479E-01  0.3855000E+01  0.5000000E+01  0.1000000E+01  0.3000000E-01
  0.1995281E+01  0.9181740E-01  0.3850000E+01  0.5000000E+01  0.1000000E+01  0.3000000E-01
  0.1995385E+01  0.9189004E-01  0.3845000E+01  0.5000000E+01  0.1000000E+01  0.3000000E-01
  0.1995490E+01  0.9196272E-01  0.3840000E+01  0.5000000E+01  0.1000000E+01  0.3000000E-01
  0.1995594E+01  0.9203543E-01  0.3835000E+01  0.5000000E+01  0.1000000E+01  0.3000000E-01
  0.1995700E+01  0.9210818E-01  0.3830000E+01  0.5000000E+01  0.1000000E+01  0.3000000E-01
  0.1995805E+01  0.9218096E-01  0.3825000E+01  0.5000000E+01  0.1000000E+01  0.3000000E-01
  0.1995911E+01  0.9225377E-01  0.3820000E+01  0.5000000E+01  0.1000000E+01  0.3000000E-01
  0.1996017E+01  0.9232661E-01  0.3815000E+01  0.5000000E+01  0.1000000E+01  0.3000000E-01
  0.1996124E+01  0.9239948E-01  0.3810000E+01  0.5000000E+01  0.1000000E+01  0.3000000E-01
  0.1996230E+01  0.9247239E-01  0.3805000E+01  0.5000000E+01  0.1000000E+01  0.3000000E-01
  0.1996338E+01  0.9254532E-01  0.3800000E+01  0.5000000E+01  0.1000000E+01  0.3000000E-01
  0.1996445E+01  0.9261829E-01  0.3795000E+01  0.5000000E+01  0.1000000E+01  0.3000000E-01
  0.1996553E+01  0.9269128E-01  0.3790000E+01  0.5000000E+01  0.1000000E+01  0.3000000E-01
  0.1996661E+01  0.9276430E-01  0.3785000E+01  0.5000000E+01  0.1000000E+01  0.3000000E-01
  0.1996770E+01  0.9283735E-01  0.3780000E+01  0.5000000E+01  0.1000000E+01  0.3000000E-01
  0.1996878E+01  0.9291043E-01  0.3775000E+01  0.5000000E+01  0.1000000E+01  0.3000000E-01
  0.1996988E+01  0.9298353E-01  0.3770000E+01  0.5000000E+01  0.1000000E+01  0.3000000E-01
  0.1997097E+01  0.9305666E-01  0.3765000E+01  0.5000000E+01  0.1000000E+01  0.3000000E-01
  0.1997207E+01  0.9312982E-01  0.3760000E+01  0.5000000E+01  0.1000000E+01  0.3000000E-01
  0.1997317E+01  0.9320300E-01  0.3755000E+01  0.5000000E+01  0.1000000E+01  0.3000000E-01
  0.1997428E+01  0.9327620E-01  0.3750000E+01  0.5000000E+01  0.1000000E+01  0.3000000E-01
  0.1997538E+01  0.9334943E-01  0.3745000E+01  0.5000000E+01  0.1000000E+01  0.3000000E-01
  0.1997650E+01  0.9342269E-01  0.3740000E+01  0.5000000E+01  0.1000000E+01  0.3000000E-01
  0.1997761E+01  0.9349596E-01  0.3735000E+01  0.5000000E+01  0.1000000E+01  0.3000000E-01
  0.1997873E+01  0.9356926E-01  0.3730000E+01  0.5000000E+01  0.1000000E+01  0.3000000E-01
  0.1997985E+01  0.9364257E-01  0.3725000E+01  0.5000000E+01  0.1000000E+01  0.3000000E-01
  0.1998098E+01  0.9371591E-01  0.3720000E+01  0.5000000E+01  0.1000000E+01  0.3000000E-01
  0.1998211E+01  0.9378927E-01  0.3715000E+01  0.5000000E+01  0.1000000E+01  0.3000000E-01
  0.1998324E+01  0.9386265E-01  0.3710000E+01  0.5000000E+01  0.1000000E+01  0.3000000E-01
  0.1998438E+01  0.9393604E-01  0.3705000E+01  0.5000000E+01  0.1000000E+01  0.3000000E-01
  0.1998552E+01  0.9400946E-01  0.3700000E+01  0.5000000E+01  0.1000000E+01  0.3000000E-01
  0.1998666E+01  0.9408289E-01  0.3695000E+01  0.5000000E+01  0.1000000E+01  0.3000000E-01
  0.1998781E+01  0.9415634E-01  0.3690000E+01  0.5000000E+01  0.1000000E+01  0.3000000E-01
  0.1998896E+01  0.9422980E-01  0.3685000E+01  0.5000000E+01  0.1000000E+01  0.3000000E-01
  0.1999012E+01  0.9430328E-01  0.3680000E+01  0.5000000E+01  0.1000000E+01  0.3000000E-01
  0.1999128E+01  0.9437677E-01  0.3675000E+01  0.5000000E+01  0.1000000E+01  0.3000000E-01
  0.1999244E+01  0.9445028E-01  0.3670000E+01  0.5000000E+01  0.1000000E+01  0.3000000E-01
  0.1999360E+01  0.9452380E-01  0.3665000E+01  0.5000000E+01  0.1000000E+01  0.3000000E-01
  0.1999477E+01  0.9459733E-01  0.3660000E+01  0.5000000E+01  0.1000000E+01  0.3000000E-01
  0.1999595E+01  0.9467087E-01  0.3655000E+01  0.5000000E+01  0.1000000E+01  0.3000000E-01
  0.1999712E+01  0.9474442E-01  0.3650000E+01  0.5000000E+01  0.1000000E+01  0.3000000E-01
  0.1999830E+01  0.9481799E-01  0.3645000E+01  0.5000000E+01  0.1000000E+01  0.3000000E-01
  0.1999949E+01  0.9489156E-01  0.3640000E+01  0.5000000E+01  0.1000000E+01  0.3000000E-01
  0.2000067E+01  0.9496514E-01  0.3635000E+01  0.5000000E+01  0.1000000E+01  0.3000000E-01
  0.2000187E+01  0.9503873E-01  0.3630000E+01  0.5000000E+01  0.1000000E+01  0.3000000E-01
  0.2000306E+01  0.9511233E-01  0.3625000E+01  0.5000000E+01  0.1000000E+01  0.3000000E-01
  0.2000426E+01  0.9518593E-01  0.3620000E+01  0.5000000E+01  0.1000000E+01  0.3000000E-01
  0.2000546E+01  0.9525953E-01  0.3615000E+01  0.5000000E+01  0.1000000E+01  0.3000000E-01
  0.2000667E+01  0.9533314E-01  0.3610000E+01  0.5000000E+01  0.1000000E+01  0.3000000E-01
  0.2000788E+01  0.9540676E-01  0.3605000E+01  0.5000000E+01  0.1000000E+01  0.3000000E-01
  0.2000909E+01  0.9548038E-01  0.3600000E+01  0.5000000E+01  0.1000000E+01  0.3000000E-01
  0.2001031E+01  0.9555400E-01  0.3595000E+01  0.5000000E+01  0.1000000E+01  0.3000000E-01
  0.2001153E+01  0.9562762E-01  0.3590000E+01  0.5000000E+01  0.1000000E+01  0.3000000E-01
  0.2001276E+01  0.9570124E-01  0.3585000E+01  0.5000000E+01  0.1000000E+01  0.3000000E-01
  0.2001399E+01  0.9577486E-01  0.3580000E+01  0.5000000E+01  0.1000000E+01  0.3000000E-01
  0.2001522E+01  0.9584847E-01  0.3575000E+01  0.5000000E+01  0.1000000E+01  0.3000000E-01
  0.2001646E+01  0.9592209E-01  0.3570000E+01  0.5000000E+01  0.1000000E+01  0.3000000E-01
  0.2001770E+01  0.9599570E-01  0.3565000E+01  0.5000000E+01  0.1000000E+01  0.3000000E-01
  0.2001895E+01  0.9606931E-01  0.3560000E+01  0.5000000E+01  0.1000000E+01  0.3000000E-01
  0.2002020E+01  0.9614291E-01  0.3555000E+01  0.5000000E+01  0.1000000E+01  0.3000000E-01
  0.2002145E+01  0.9621651E-01  0.3550000E+01  0.5000000E+01  0.1000000E+01  0.3000000E-01
  0.2002271E+01  0.9629010E-01  0.3545000E+01  0.5000000E+01  0.1000000E+01  0.3000000E-01
  0.2002397E+01  0.9636368E-01  0.3540000E+01  0.5000000E+01  0.1000000E+01  0.3000000E-01
  0.2002523E+01  0.9643725E-01  0.3535000E+01  0.5000000E+01  0.1000000E+01  0.3000000E-01
  0.2002650E+01  0.9651081E-01  0.3530000E+01  0.5000000E+01  0.1000000E+01  0.3000000E-01
  0.2002778E+01  0.9658437E-01  0.3525000E+01  0.5000000E+01  0.1000000E+01  0.3000000E-01
  0.2002905E+01  0.9665791E-01  0.3520000E+01  0.5000000E+01  0.1000000E+01  0.3000000E-01
  0.2003034E+01  0.9673143E-01  0.3515000E+01  0.5000000E+01  0.1000000E+01  0.3000000E-01
  0.2003162E+01  0.9680495E-01  0.3510000E+01  0.5000000E+01  0.1000000E+01  0.3000000E-01
  0.2003291E+01  0.9687844E-01  0.3505000E+01  0.5000000E+01  0.1000000E+01  0.3000000E-01
  0.2003421E+01  0.9695193E-01  0.3500000E+01  0.5000000E+01  0.1000000E+01  0.3000000E-01
  0.2003550E+01  0.9702539E-01  0.3495000E+01  0.5000000E+01  0.1000000E+01  0.3000000E-01
  0.2003681E+01  0.9709884E-01  0.3490000E+01  0.5000000E+01  0.1000000E+01  0.3000000E-01
  0.2003811E+01  0.9717227E-01  0.3485000E+01  0.5000000E+01  0.1000000E+01  0.3000000E-01
  0.2003942E+01  0.9724568E-01  0.3480000E+01  0.5000000E+01  0.1000000E+01  0.3000000E-01
  0.2004074E+01  0.9731906E-01  0.3475000E+01  0.5000000E+01  0.1000000E+01  0.3000000E-01
  0.2004206E+01  0.9739243E-01  0.3470000E+01  0.5000000E+01  0.1000000E+01  0.3000000E-01
  0.2004338E+01  0.9746577E-01  0.3465000E+01  0.5000000E+01  0.1000000E+01  0.3000000E-01
  0.2004471E+01  0.9753909E-01  0.3460000E+01  0.5000000E+01  0.1000000E+01  0.3000000E-01
  0.2004604E+01  0.9761238E-01  0.3455000E+01  0.5000000E+01  0.1000000E+01  0.3000000E-01
  0.2004737E+01  0.9768565E-01  0.3450000E+01  0.5000000E+01  0.1000000E+01  0.3000000E-01
  0.2004871E+01  0.9775888E-01  0.3445000E+01  0.5000000E+01  0.1000000E+01  0.3000000E-01
  0.2005006E+01  0.9783209E-01  0.3440000E+01  0.5000000E+01  0.1000000E+01  0.3000000E-01
  0.2005141E+01  0.9790527E-01  0.3435000E+01  0.5000000E+01  0.1000000E+01  0.3000000E-01
  0.2005276E+01  0.9797842E-01  0.3430000E+01  0.5000000E+01  0.1000000E+01  0.3000000E-01
  0.2005412E+01  0.9805153E-01  0.3425000E+01  0.5000000E+01  0.1000000E+01  0.3000000E-01
  0.2005548E+01  0.9812462E-01  0.3420000E+01  0.5000000E+01  0.1000000E+01  0.3000000E-01
  0.2005684E+01  0.9819766E-01  0.3415000E+01  0.5000000E+01  0.1000000E+01  0.3000000E-01
  0.2005821E+01  0.9827067E-01  0.3410000E+01  0.5000000E+01  0.1000000E+01  0.3000000E-01
  0.2005959E+01  0.9834365E-01  0.3405000E+01  0.5000000E+01  0.1000000E+01  0.3000000E-01
  0.2006097E+01  0.9841658E-01  0.3400000E+01  0.5000000E+01  0.1000000E+01  0.3000000E-01
  0.2006235E+01  0.9848948E-01  0.3395000E+01  0.5000000E+01  0.1000000E+01  0.3000000E-01
  0.2006374E+01  0.9856233E-01  0.3390000E+01  0.5000000E+01  0.1000000E+01  0.3000000E-01
  0.2006513E+01  0.9863514E-01  0.3385000E+01  0.5000000E+01  0.1000000E+01  0.3000000E-01
  0.2006653E+01  0.9870791E-01  0.3380000E+01  0.5000000E+01  0.1000000E+01  0.3000000E-01
  0.2006793E+01  0.9878064E-01  0.3375000E+01  0.5000000E+01  0.1000000E+01  0.3000000E-01
  0.2006934E+01  0.9885331E-01  0.3370000E+01  0.5000000E+01  0.1000000E+01  0.3000000E-01
  0.2007075E+01  0.9892594E-01  0.3365000E+01  0.5000000E+01  0.1000000E+01  0.3000000E-01
  0.2007216E+01  0.9899853E-01  0.3360000E+01  0.5000000E+01  0.1000000E+01  0.3000000E-01
  0.2007358E+01  0.9907106E-01  0.3355000E+01  0.5000000E+01  0.1000000E+01  0.3000000E-01
  0.2007500E+01  0.9914354E-01  0.3350000E+01  0.5000000E+01  0.1000000E+01  0.3000000E-01
  0.2007643E+01  0.9921596E-01  0.3345000E+01  0.5000000E+01  0.1000000E+01  0.3000000E-01
  0.2007787E+01  0.9928834E-01  0.3340000E+01  0.5000000E+01  0.1000000E+01  0.3000000E-01
  0.2007930E+01  0.9936065E-01  0.3335000E+01  0.5000000E+01  0.1000000E+01  0.3000000E-01
  0.2008075E+01  0.9943291E-01  0.3330000E+01  0.5000000E+01  0.1000000E+01  0.3000000E-01
  0.2008219E+01  0.9950512E-01  0.3325000E+01  0.5000000E+01  0.1000000E+01  0.3000000E-01
  0.2008365E+01  0.9957726E-01  0.3320000E+01  0.5000000E+01  0.1000000E+01  0.3000000E-01
  0.2008510E+01  0.9964934E-01  0.3315000E+01  0.5000000E+01  0.1000000E+01  0.3000000E-01
  0.2008656E+01  0.9972136E-01  0.3310000E+01  0.5000000E+01  0.1000000E+01  0.3000000E-01
  0.2008803E+01  0.9979331E-01  0.3305000E+01  0.5000000E+01  0.1000000E+01  0.3000000E-01
  0.2008950E+01  0.9986520E-01  0.3300000E+01  0.5000000E+01  0.1000000E+01  0.3000000E-01
  0.2009098E+01  0.9993702E-01  0.3295000E+01  0.5000000E+01  0.1000000E+01  0.3000000E-01
  0.2009246E+01  0.1000088E+00  0.3290000E+01  0.5000000E+01  0.1000000E+01  0.3000000E-01
  0.2009394E+01  0.1000805E+00  0.3285000E+01  0.5000000E+01  0.1000000E+01  0.3000000E-01
  0.2009543E+01  0.1001521E+00  0.3280000E+01  0.5000000E+01  0.1000000E+01  0.3000000E-01
  0.2009693E+01  0.1002236E+00  0.3275000E+01  0.5000000E+01  0.1000000E+01  0.3000000E-01
  0.2009842E+01  0.1002951E+00  0.3270000E+01  0.5000000E+01  0.1000000E+01  0.3000000E-01
  0.2009993E+01  0.1003664E+00  0.3265000E+01  0.5000000E+01  0.1000000E+01  0.3000000E-01
  0.2010144E+01  0.1004377E+00  0.3260000E+01  0.5000000E+01  0.1000000E+01  0.3000000E-01
  0.2010295E+01  0.1005090E+00  0.3255000E+01  0.5000000E+01  0.1000000E+01  0.3000000E-01
  0.2010447E+01  0.1005801E+00  0.3250000E+01  0.5000000E+01  0.1000000E+01  0.3000000E-01
  0.2010599E+01  0.1006512E+00  0.3245000E+01  0.5000000E+01  0.1000000E+01  0.3000000E-01
  0.2010752E+01  0.1007222E+00  0.3240000E+01  0.5000000E+01  0.1000000E+01  0.3000000E-01
  0.2010906E+01  0.1007930E+00  0.3235000E+01  0.5000000E+01  0.1000000E+01  0.3000000E-01
  0.2011060E+01  0.1008638E+00  0.3230000E+01  0.5000000E+01  0.1000000E+01  0.3000000E-01
  0.2011214E+01  0.1009346E+00  0.3225000E+01  0.5000000E+01  0.1000000E+01  0.3000000E-01
  0.2011369E+01  0.1010052E+00  0.3220000E+01  0.5000000E+01  0.1000000E+01  0.3000000E-01
  0.2011524E+01  0.1010757E+00  0.3215000E+01  0.5000000E+01  0.1000000E+01  0.3000000E-01
  0.2011680E+01  0.1011461E+00  0.3210000E+01  0.5000000E+01  0.1000000E+01  0.3000000E-01
  0.2011836E+01  0.1012165E+00  0.3205000E+01  0.5000000E+01  0.1000000E+01  0.3000000E-01
  0.2011993E+01  0.1012867E+00  0.3200000E+01  0.5000000E+01  0.1000000E+01  0.3000000E-01
  0.2012150E+01  0.1013569E+00  0.3195000E+01  0.5000000E+01  0.1000000E+01  0.3000000E-01
  0.2012308E+01  0.1014269E+00  0.3190000E+01  0.5000000E+01  0.1000000E+01  0.3000000E-01
  0.2012467E+01  0.1014968E+00  0.3185000E+01  0.5000000E+01  0.1000000E+01  0.3000000E-01
  0.2012626E+01  0.1015666E+00  0.3180000E+01  0.5000000E+01  0.1000000E+01  0.3000000E-01
  0.2012785E+01  0.1016364E+00  0.3175000E+01  0.5000000E+01  0.1000000E+01  0.3000000E-01
  0.2012945E+01  0.1017060E+00  0.3170000E+01  0.5000000E+01  0.1000000E+01  0.3000000E-01
  0.2013105E+01  0.1017755E+00  0.3165000E+01  0.5000000E+01  0.1000000E+01  0.3000000E-01
  0.2013266E+01  0.1018448E+00  0.3160000E+01  0.5000000E+01  0.1000000E+01  0.3000000E-01
  0.2013428E+01  0.1019141E+00  0.3155000E+01  0.5000000E+01  0.1000000E+01  0.3000000E-01
  0.2013590E+01  0.1019833E+00  0.3150000E+01  0.5000000E+01  0.1000000E+01  0.3000000E-01
  0.2013752E+01  0.1020523E+00  0.3145000E+01  0.5000000E+01  0.1000000E+01  0.3000000E-01
  0.2013915E+01  0.1021212E+00  0.3140000E+01  0.5000000E+01  0.1000000E+01  0.3000000E-01
  0.2014079E+01  0.1021900E+00  0.3135000E+01  0.5000000E+01  0.1000000E+01  0.3000000E-01
  0.2014243E+01  0.1022586E+00  0.3130000E+01  0.5000000E+01  0.1000000E+01  0.3000000E-01
  0.2014408E+01  0.1023272E+00  0.3125000E+01  0.5000000E+01  0.1000000E+01  0.3000000E-01
  0.2014573E+01  0.1023956E+00  0.3120000E+01  0.5000000E+01  0.1000000E+01  0.3000000E-01
  0.2014739E+01  0.1024638E+00  0.3115000E+01  0.5000000E+01  0.1000000E+01  0.3000000E-01
  0.2014905E+01  0.1025320E+00  0.3110000E+01  0.5000000E+01  0.1000000E+01  0.3000000E-01
  0.2015072E+01  0.1026000E+00  0.3105000E+01  0.5000000E+01  0.1000000E+01  0.3000000E-01
  0.2015239E+01  0.1026678E+00  0.3100000E+01  0.5000000E+01  0.1000000E+01  0.3000000E-01
  0.2015407E+01  0.1027356E+00  0.3095000E+01  0.5000000E+01  0.1000000E+01  0.3000000E-01
  0.2015575E+01  0.1028031E+00  0.3090000E+01  0.5000000E+01  0.1000000E+01  0.3000000E-01
  0.2015744E+01  0.1028706E+00  0.3085000E+01  0.5000000E+01  0.1000000E+01  0.3000000E-01
  0.2015913E+01  0.1029379E+00  0.3080000E+01  0.5000000E+01  0.1000000E+01  0.3000000E-01
  0.2016084E+01  0.1030050E+00  0.3075000E+01  0.5000000E+01  0.1000000E+01  0.3000000E-01
  0.2016254E+01  0.1030720E+00  0.3070000E+01  0.5000000E+01  0.1000000E+01  0.3000000E-01
  0.2016425E+01  0.1031388E+00  0.3065000E+01  0.5000000E+01  0.1000000E+01  0.3000000E-01
  0.2016597E+01  0.1032055E+00  0.3060000E+01  0.5000000E+01  0.1000000E+01  0.3000000E-01
  0.2016769E+01  0.1032720E+00  0.3055000E+01  0.5000000E+01  0.1000000E+01  0.3000000E-01
  0.2016942E+01  0.1033384E+00  0.3050000E+01  0.5000000E+01  0.1000000E+01  0.3000000E-01
  0.2017115E+01  0.1034046E+00  0.3045000E+01  0.5000000E+01  0.1000000E+01  0.3000000E-01
  0.2017289E+01  0.1034706E+00  0.3040000E+01  0.5000000E+01  0.1000000E+01  0.3000000E-01
  0.2017464E+01  0.1035365E+00  0.3035000E+01  0.5000000E+01  0.1000000E+01  0.3000000E-01
  0.2017639E+01  0.1036022E+00  0.3030000E+01  0.5000000E+01  0.1000000E+01  0.3000000E-01
  0.2017814E+01  0.1036677E+00  0.3025000E+01  0.5000000E+01  0.1000000E+01  0.3000000E-01
  0.2017990E+01  0.1037331E+00  0.3020000E+01  0.5000000E+01  0.1000000E+01  0.3000000E-01
  0.2018167E+01  0.1037982E+00  0.3015000E+01  0.5000000E+01  0.1000000E+01  0.3000000E-01
  0.2018344E+01  0.1038632E+00  0.3010000E+01  0.5000000E+01  0.1000000E+01  0.3000000E-01
  0.2018522E+01  0.1039280E+00  0.3005000E+01  0.5000000E+01  0.1000000E+01  0.3000000E-01
  0.2018701E+01  0.1039927E+00  0.3000000E+01  0.5000000E+01  0.1000000E+01  0.3000000E-01
  0.2018880E+01  0.1040571E+00  0.2995000E+01  0.5000000E+01  0.1000000E+01  0.3000000E-01
  0.2019059E+01  0.1041214E+00  0.2990000E+01  0.5000000E+01  0.1000000E+01  0.3000000E-01
  0.2019239E+01  0.1041854E+00  0.2985000E+01  0.5000000E+01  0.1000000E+01  0.3000000E-01
  0.2019420E+01  0.1042493E+00  0.2980000E+01  0.5000000E+01  0.1000000E+01  0.3000000E-01
  0.2019601E+01  0.1043129E+00  0.2975000E+01  0.5000000E+01  0.1000000E+01  0.3000000E-01
  0.2019783E+01  0.1043764E+00  0.2970000E+01  0.5000000E+01  0.1000000E+01  0.3000000E-01
  0.2019966E+01  0.1044397E+00  0.2965000E+01  0.5000000E+01  0.1000000E+01  0.3000000E-01
  0.2020149E+01  0.1045027E+00  0.2960000E+01  0.5000000E+01  0.1000000E+01  0.3000000E-01
  0.2020332E+01  0.1045656E+00  0.2955000E+01  0.5000000E+01  0.1000000E+01  0.3000000E-01
  0.2020516E+01  0.1046282E+00  0.2950000E+01  0.5000000E+01  0.1000000E+01  0.3000000E-01
  0.2020701E+01  0.1046906E+00  0.2945000E+01  0.5000000E+01  0.1000000E+01  0.3000000E-01
  0.2020887E+01  0.1047528E+00  0.2940000E+01  0.5000000E+01  0.1000000E+01  0.3000000E-01
  0.2021073E+01  0.1048148E+00  0.2935000E+01  0.5000000E+01  0.1000000E+01  0.3000000E-01
  0.2021259E+01  0.1048766E+00  0.2930000E+01  0.5000000E+01  0.1000000E+01  0.3000000E-01
  0.2021446E+01  0.1049381E+00  0.2925000E+01  0.5000000E+01  0.1000000E+01  0.3000000E-01
  0.2021634E+01  0.1049994E+00  0.2920000E+01  0.5000000E+01  0.1000000E+01  0.3000000E-01
  0.2021823E+01  0.1050605E+00  0.2915000E+01  0.5000000E+01  0.1000000E+01  0.3000000E-01
  0.2022012E+01  0.1051213E+00  0.2910000E+01  0.5000000E+01  0.1000000E+01  0.3000000E-01
  0.2022201E+01  0.1051819E+00  0.2905000E+01  0.5000000E+01  0.1000000E+01  0.3000000E-01
  0.2022391E+01  0.1052423E+00  0.2900000E+01  0.5000000E+01  0.1000000E+01  0.3000000E-01
  0.2022582E+01  0.1053024E+00  0.2895000E+01  0.5000000E+01  0.1000000E+01  0.3000000E-01
  0.2022773E+01  0.1053623E+00  0.2890000E+01  0.5000000E+01  0.1000000E+01  0.3000000E-01
  0.2022965E+01  0.1054219E+00  0.2885000E+01  0.5000000E+01  0.1000000E+01  0.3000000E-01
  0.2023158E+01  0.1054813E+00  0.2880000E+01  0.5000000E+01  0.1000000E+01  0.3000000E-01
  0.2023351E+01  0.1055404E+00  0.2875000E+01  0.5000000E+01  0.1000000E+01  0.3000000E-01
  0.2023545E+01  0.1055993E+00  0.2870000E+01  0.5000000E+01  0.1000000E+01  0.3000000E-01
  0.2023740E+01  0.1056579E+00  0.2865000E+01  0.5000000E+01  0.1000000E+01  0.3000000E-01
  0.2023935E+01  0.1057162E+00  0.2860000E+01  0.5000000E+01  0.1000000E+01  0.3000000E-01
  0.2024130E+01  0.1057743E+00  0.2855000E+01  0.5000000E+01  0.1000000E+01  0.3000000E-01
  0.2024327E+01  0.1058321E+00  0.2850000E+01  0.5000000E+01  0.1000000E+01  0.3000000E-01
  0.2024523E+01  0.1058896E+00  0.2845000E+01  0.5000000E+01  0.1000000E+01  0.3000000E-01
  0.2024721E+01  0.1059468E+00  0.2840000E+01  0.5000000E+01  0.1000000E+01  0.3000000E-01
  0.2024919E+01  0.1060038E+00  0.2835000E+01  0.5000000E+01  0.1000000E+01  0.3000000E-01
  0.2025118E+01  0.1060605E+00  0.2830000E+01  0.5000000E+01  0.1000000E+01  0.3000000E-01
  0.2025317E+01  0.1061169E+00  0.2825000E+01  0.5000000E+01  0.1000000E+01  0.3000000E-01
  0.2025517E+01  0.1061730E+00  0.2820000E+01  0.5000000E+01  0.1000000E+01  0.3000000E-01
  0.2025718E+01  0.1062288E+00  0.2815000E+01  0.5000000E+01  0.1000000E+01  0.3000000E-01
  0.2025919E+01  0.1062843E+00  0.2810000E+01  0.5000000E+01  0.1000000E+01  0.3000000E-01
  0.2026121E+01  0.1063395E+00  0.2805000E+01  0.5000000E+01  0.1000000E+01  0.3000000E-01
  0.2026324E+01  0.1063944E+00  0.2800000E+01  0.5000000E+01  0.1000000E+01  0.3000000E-01
  0.2026527E+01  0.1064489E+00  0.2795000E+01  0.5000000E+01  0.1000000E+01  0.3000000E-01
  0.2026731E+01  0.1065032E+00  0.2790000E+01  0.5000000E+01  0.1000000E+01  0.3000000E-01
  0.2026935E+01  0.1065572E+00  0.2785000E+01  0.5000000E+01  0.1000000E+01  0.3000000E-01
  0.2027140E+01  0.1066108E+00  0.2780000E+01  0.5000000E+01  0.1000000E+01  0.3000000E-01
  0.2027346E+01  0.1066641E+00  0.2775000E+01  0.5000000E+01  0.1000000E+01  0.3000000E-01
  0.2027552E+01  0.1067171E+00  0.2770000E+01  0.5000000E+01  0.1000000E+01  0.3000000E-01
  0.2027759E+01  0.1067698E+00  0.2765000E+01  0.5000000E+01  0.1000000E+01  0.3000000E-01
  0.2027967E+01  0.1068221E+00  0.2760000E+01  0.5000000E+01  0.1000000E+01  0.3000000E-01
  0.2028175E+01  0.1068741E+00  0.2755000E+01  0.5000000E+01  0.1000000E+01  0.3000000E-01
  0.2028384E+01  0.1069258E+00  0.2750000E+01  0.5000000E+01  0.1000000E+01  0.3000000E-01
  0.2028594E+01  0.1069771E+00  0.2745000E+01  0.5000000E+01  0.1000000E+01  0.3000000E-01
  0.2028804E+01  0.1070280E+00  0.2740000E+01  0.5000000E+01  0.1000000E+01  0.3000000E-01
  0.2029015E+01  0.1070786E+00  0.2735000E+01  0.5000000E+01  0.1000000E+01  0.3000000E-01
  0.2029227E+01  0.1071289E+00  0.2730000E+01  0.5000000E+01  0.1000000E+01  0.3000000E-01
  0.2029439E+01  0.1071788E+00  0.2725000E+01  0.5000000E+01  0.1000000E+01  0.3000000E-01
  0.2029652E+01  0.1072283E+00  0.2720000E+01  0.5000000E+01  0.1000000E+01  0.3000000E-01
  0.2029865E+01  0.1072774E+00  0.2715000E+01  0.5000000E+01  0.1000000E+01  0.3000000E-01
  0.2030079E+01  0.1073262E+00  0.2710000E+01  0.5000000E+01  0.1000000E+01  0.3000000E-01
  0.2030294E+01  0.1073746E+00  0.2705000E+01  0.5000000E+01  0.1000000E+01  0.3000000E-01
  0.2030509E+01  0.1074226E+00  0.2700000E+01  0.5000000E+01  0.1000000E+01  0.3000000E-01
  0.2030726E+01  0.1074703E+00  0.2695000E+01  0.5000000E+01  0.1000000E+01  0.3000000E-01
  0.2030942E+01  0.1075175E+00  0.2690000E+01  0.5000000E+01  0.1000000E+01  0.3000000E-01
  0.2031160E+01  0.1075644E+00  0.2685000E+01  0.5000000E+01  0.1000000E+01  0.3000000E-01
  0.2031378E+01  0.1076108E+00  0.2680000E+01  0.5000000E+01  0.1000000E+01  0.3000000E-01
  0.2031597E+01  0.1076569E+00  0.2675000E+01  0.5000000E+01  0.1000000E+01  0.3000000E-01
  0.2031816E+01  0.1077025E+00  0.2670000E+01  0.5000000E+01  0.1000000E+01  0.3000000E-01
  0.2032036E+01  0.1077478E+00  0.2665000E+01  0.5000000E+01  0.1000000E+01  0.3000000E-01
  0.2032257E+01  0.1077926E+00  0.2660000E+01  0.5000000E+01  0.1000000E+01  0.3000000E-01
  0.2032478E+01  0.1078370E+00  0.2655000E+01  0.5000000E+01  0.1000000E+01  0.3000000E-01
  0.2032701E+01  0.1078810E+00  0.2650000E+01  0.5000000E+01  0.1000000E+01  0.3000000E-01
  0.2032923E+01  0.1079245E+00  0.2645000E+01  0.5000000E+01  0.1000000E+01  0.3000000E-01
  0.2033147E+01  0.1079677E+00  0.2640000E+01  0.5000000E+01  0.1000000E+01  0.3000000E-01
  0.2033371E+01  0.1080104E+00  0.2635000E+01  0.5000000E+01  0.1000000E+01  0.3000000E-01
  0.2033596E+01  0.1080526E+00  0.2630000E+01  0.5000000E+01  0.1000000E+01  0.3000000E-01
  0.2033821E+01  0.1080944E+00  0.2625000E+01  0.5000000E+01  0.1000000E+01  0.3000000E-01
  0.2034047E+01  0.1081358E+00  0.2620000E+01  0.5000000E+01  0.1000000E+01  0.3000000E-01
  0.2034274E+01  0.1081767E+00  0.2615000E+01  0.5000000E+01  0.1000000E+01  0.3000000E-01
  0.2034501E+01  0.1082171E+00  0.2610000E+01  0.5000000E+01  0.1000000E+01  0.3000000E-01
  0.2034729E+01  0.1082571E+00  0.2605000E+01  0.5000000E+01  0.1000000E+01  0.3000000E-01
  0.2034958E+01  0.1082966E+00  0.2600000E+01  0.5000000E+01  0.1000000E+01  0.3000000E-01
  0.2035188E+01  0.1083356E+00  0.2595000E+01  0.5000000E+01  0.1000000E+01  0.3000000E-01
  0.2035418E+01  0.1083742E+00  0.2590000E+01  0.5000000E+01  0.1000000E+01  0.3000000E-01
  0.2035649E+01  0.1084123E+00  0.2585000E+01  0.5000000E+01  0.1000000E+01  0.3000000E-01
  0.2035880E+01  0.1084499E+00  0.2580000E+01  0.5000000E+01  0.1000000E+01  0.3000000E-01
  0.2036112E+01  0.1084870E+00  0.2575000E+01  0.5000000E+01  0.1000000E+01  0.3000000E-01
  0.2036345E+01  0.1085236E+00  0.2570000E+01  0.5000000E+01  0.1000000E+01  0.3000000E-01
  0.2036579E+01  0.1085597E+00  0.2565000E+01  0.5000000E+01  0.1000000E+01  0.3000000E-01
  0.2036813E+01  0.1085953E+00  0.2560000E+01  0.5000000E+01  0.1000000E+01  0.3000000E-01
  0.2037048E+01  0.1086304E+00  0.2555000E+01  0.5000000E+01  0.1000000E+01  0.3000000E-01
  0.2037284E+01  0.1086650E+00  0.2550000E+01  0.5000000E+01  0.1000000E+01  0.3000000E-01
  0.2037520E+01  0.1086990E+00  0.2545000E+01  0.5000000E+01  0.1000000E+01  0.3000000E-01
  0.2037757E+01  0.1087325E+00  0.2540000E+01  0.5000000E+01  0.1000000E+01  0.3000000E-01
  0.2037995E+01  0.1087655E+00  0.2535000E+01  0.5000000E+01  0.1000000E+01  0.3000000E-01
  0.2038233E+01  0.1087980E+00  0.2530000E+01  0.5000000E+01  0.1000000E+01  0.3000000E-01
  0.2038472E+01  0.1088299E+00  0.2525000E+01  0.5000000E+01  0.1000000E+01  0.3000000E-01
  0.2038712E+01  0.1088613E+00  0.2520000E+01  0.5000000E+01  0.1000000E+01  0.3000000E-01
  0.2038952E+01  0.1088921E+00  0.2515000E+01  0.5000000E+01  0.1000000E+01  0.3000000E-01
  0.2039193E+01  0.1089224E+00  0.2510000E+01  0.5000000E+01  0.1000000E+01  0.3000000E-01
  0.2039435E+01  0.1089521E+00  0.2505000E+01  0.5000000E+01  0.1000000E+01  0.3000000E-01
  0.2039677E+01  0.1089812E+00  0.2500000E+01  0.5000000E+01  0.1000000E+01  0.3000000E-01
  0.2039920E+01  0.1090098E+00  0.2495000E+01  0.5000000E+01  0.1000000E+01  0.3000000E-01
  0.2040164E+01  0.1090378E+00  0.2490000E+01  0.5000000E+01  0.1000000E+01  0.3000000E-01
  0.2040408E+01  0.1090652E+00  0.2485000E+01  0.5000000E+01  0.1000000E+01  0.3000000E-01
  0.2040654E+01  0.1090920E+00  0.2480000E+01  0.5000000E+01  0.1000000E+01  0.3000000E-01
  0.2040899E+01  0.1091182E+00  0.2475000E+01  0.5000000E+01  0.1000000E+01  0.3000000E-01
  0.2041146E+01  0.1091438E+00  0.2470000E+01  0.5000000E+01  0.1000000E+01  0.3000000E-01
  0.2041393E+01  0.1091689E+00  0.2465000E+01  0.5000000E+01  0.1000000E+01  0.3000000E-01
  0.2041641E+01  0.1091933E+00  0.2460000E+01  0.5000000E+01  0.1000000E+01  0.3000000E-01
  0.2041890E+01  0.1092171E+00  0.2455000E+01  0.5000000E+01  0.1000000E+01  0.3000000E-01
  0.2042139E+01  0.1092402E+00  0.2450000E+01  0.5000000E+01  0.1000000E+01  0.3000000E-01
  0.2042389E+01  0.1092628E+00  0.2445000E+01  0.5000000E+01  0.1000000E+01  0.3000000E-01
  0.2042639E+01  0.1092847E+00  0.2440000E+01  0.5000000E+01  0.1000000E+01  0.3000000E-01
  0.2042891E+01  0.1093060E+00  0.2435000E+01  0.5000000E+01  0.1000000E+01  0.3000000E-01
  0.2043143E+01  0.1093266E+00  0.2430000E+01  0.5000000E+01  0.1000000E+01  0.3000000E-01
  0.2043395E+01  0.1093466E+00  0.2425000E+01  0.5000000E+01  0.1000000E+01  0.3000000E-01
  0.2043649E+01  0.1093659E+00  0.2420000E+01  0.5000000E+01  0.1000000E+01  0.3000000E-01
  0.2043903E+01  0.1093846E+00  0.2415000E+01  0.5000000E+01  0.1000000E+01  0.3000000E-01
  0.2044157E+01  0.1094026E+00  0.2410000E+01  0.5000000E+01  0.1000000E+01  0.3000000E-01
  0.2044413E+01  0.1094200E+00  0.2405000E+01  0.5000000E+01  0.1000000E+01  0.3000000E-01
  0.2044669E+01  0.1094366E+00  0.2400000E+01  0.5000000E+01  0.1000000E+01  0.3000000E-01
  0.2044925E+01  0.1094526E+00  0.2395000E+01  0.5000000E+01  0.1000000E+01  0.3000000E-01
  0.2045183E+01  0.1094679E+00  0.2390000E+01  0.5000000E+01  0.1000000E+01  0.3000000E-01
  0.2045441E+01  0.1094825E+00  0.2385000E+01  0.5000000E+01  0.1000000E+01  0.3000000E-01
  0.2045700E+01  0.1094964E+00  0.2380000E+01  0.5000000E+01  0.1000000E+01  0.3000000E-01
  0.2045959E+01  0.1095096E+00  0.2375000E+01  0.5000000E+01  0.1000000E+01  0.3000000E-01
  0.2046219E+01  0.1095220E+00  0.2370000E+01  0.5000000E+01  0.1000000E+01  0.3000000E-01
  0.2046480E+01  0.1095338E+00  0.2365000E+01  0.5000000E+01  0.1000000E+01  0.3000000E-01
  0.2046741E+01  0.1095448E+00  0.2360000E+01  0.5000000E+01  0.1000000E+01  0.3000000E-01
  0.2047003E+01  0.1095551E+00  0.2355000E+01  0.5000000E+01  0.1000000E+01  0.3000000E-01
  0.2047266E+01  0.1095647E+00  0.2350000E+01  0.5000000E+01  0.1000000E+01  0.3000000E-01
  0.2047530E+01  0.1095735E+00  0.2345000E+01  0.5000000E+01  0.1000000E+01  0.3000000E-01
  0.2047794E+01  0.1095816E+00  0.2340000E+01  0.5000000E+01  0.1000000E+01  0.3000000E-01
  0.2048058E+01  0.1095889E+00  0.2335000E+01  0.5000000E+01  0.1000000E+01  0.3000000E-01
  0.2048324E+01  0.1095954E+00  0.2330000E+01  0.5000000E+01  0.1000000E+01  0.3000000E-01
  0.2048590E+01  0.1096012E+00  0.2325000E+01  0.5000000E+01  0.1000000E+01  0.3000000E-01
  0.2048857E+01  0.1096062E+00  0.2320000E+01  0.5000000E+01  0.1000000E+01  0.3000000E-01
  0.2049124E+01  0.1096105E+00  0.2315000E+01  0.5000000E+01  0.1000000E+01  0.3000000E-01
  0.2049392E+01  0.1096139E+00  0.2310000E+01  0.5000000E+01  0.1000000E+01  0.3000000E-01
  0.2049661E+01  0.1096166E+00  0.2305000E+01  0.5000000E+01  0.1000000E+01  0.3000000E-01
  0.2049930E+01  0.1096184E+00  0.2300000E+01  0.5000000E+01  0.1000000E+01  0.3000000E-01
  0.2050200E+01  0.1096195E+00  0.2295000E+01  0.5000000E+01  0.1000000E+01  0.3000000E-01
  0.2050471E+01  0.1096197E+00  0.2290000E+01  0.5000000E+01  0.1000000E+01  0.3000000E-01
  0.2050742E+01  0.1096192E+00  0.2285000E+01  0.5000000E+01  0.1000000E+01  0.3000000E-01
  0.2051014E+01  0.1096178E+00  0.2280000E+01  0.5000000E+01  0.1000000E+01  0.3000000E-01
  0.2051287E+01  0.1096156E+00  0.2275000E+01  0.5000000E+01  0.1000000E+01  0.3000000E-01
  0.2051560E+01  0.1096125E+00  0.2270000E+01  0.5000000E+01  0.1000000E+01  0.3000000E-01
  0.2051834E+01  0.1096086E+00  0.2265000E+01  0.5000000E+01  0.1000000E+01  0.3000000E-01
  0.2052108E+01  0.1096038E+00  0.2260000E+01  0.5000000E+01  0.1000000E+01  0.3000000E-01
  0.2052384E+01  0.1095982E+00  0.2255000E+01  0.5000000E+01  0.1000000E+01  0.3000000E-01
  0.2052659E+01  0.1095918E+00  0.2250000E+01  0.5000000E+01  0.1000000E+01  0.3000000E-01
  0.2052936E+01  0.1095844E+00  0.2245000E+01  0.5000000E+01  0.1000000E+01  0.3000000E-01
  0.2053213E+01  0.1095762E+00  0.2240000E+01  0.5000000E+01  0.1000000E+01  0.3000000E-01
  0.2053491E+01  0.1095671E+00  0.2235000E+01  0.5000000E+01  0.1000000E+01  0.3000000E-01
  0.2053769E+01  0.1095572E+00  0.2230000E+01  0.5000000E+01  0.1000000E+01  0.3000000E-01
  0.2054048E+01  0.1095463E+00  0.2225000E+01  0.5000000E+01  0.1000000E+01  0.3000000E-01
  0.2054327E+01  0.1095345E+00  0.2220000E+01  0.5000000E+01  0.1000000E+01  0.3000000E-01
  0.2054607E+01  0.1095218E+00  0.2215000E+01  0.5000000E+01  0.1000000E+01  0.3000000E-01
  0.2054888E+01  0.1095083E+00  0.2210000E+01  0.5000000E+01  0.1000000E+01  0.3000000E-01
  0.2055170E+01  0.1094937E+00  0.2205000E+01  0.5000000E+01  0.1000000E+01  0.3000000E-01
  0.2055452E+01  0.1094783E+00  0.2200000E+01  0.5000000E+01  0.1000000E+01  0.3000000E-01
  0.2055734E+01  0.1094619E+00  0.2195000E+01  0.5000000E+01  0.1000000E+01  0.3000000E-01
  0.2056017E+01  0.1094446E+00  0.2190000E+01  0.5000000E+01  0.1000000E+01  0.3000000E-01
  0.2056301E+01  0.1094264E+00  0.2185000E+01  0.5000000E+01  0.1000000E+01  0.3000000E-01
  0.2056586E+01  0.1094072E+00  0.2180000E+01  0.5000000E+01  0.1000000E+01  0.3000000E-01
  0.2056871E+01  0.1093870E+00  0.2175000E+01  0.5000000E+01  0.1000000E+01  0.3000000E-01
  0.2057156E+01  0.1093659E+00  0.2170000E+01  0.5000000E+01  0.1000000E+01  0.3000000E-01
  0.2057442E+01  0.1093438E+00  0.2165000E+01  0.5000000E+01  0.1000000E+01  0.3000000E-01
  0.2057729E+01  0.1093207E+00  0.2160000E+01  0.5000000E+01  0.1000000E+01  0.3000000E-01
  0.2058016E+01  0.1092966E+00  0.2155000E+01  0.5000000E+01  0.1000000E+01  0.3000000E-01
  0.2058304E+01  0.1092716E+00  0.2150000E+01  0.5000000E+01  0.1000000E+01  0.3000000E-01
  0.2058593E+01  0.1092455E+00  0.2145000E+01  0.5000000E+01  0.1000000E+01  0.3000000E-01
  0.2058882E+01  0.1092184E+00  0.2140000E+01  0.5000000E+01  0.1000000E+01  0.3000000E-01
  0.2059171E+01  0.1091904E+00  0.2135000E+01  0.5000000E+01  0.1000000E+01  0.3000000E-01
  0.2059461E+01  0.1091613E+00  0.2130000E+01  0.5000000E+01  0.1000000E+01  0.3000000E-01
  0.2059752E+01  0.1091312E+00  0.2125000E+01  0.5000000E+01  0.1000000E+01  0.3000000E-01
  0.2060043E+01  0.1091000E+00  0.2120000E+01  0.5000000E+01  0.1000000E+01  0.3000000E-01
  0.2060335E+01  0.1090678E+00  0.2115000E+01  0.5000000E+01  0.1000000E+01  0.3000000E-01
  0.2060627E+01  0.1090346E+00  0.2110000E+01  0.5000000E+01  0.1000000E+01  0.3000000E-01
  0.2060920E+01  0.1090003E+00  0.2105000E+01  0.5000000E+01  0.1000000E+01  0.3000000E-01
  0.2061214E+01  0.1089650E+00  0.2100000E+01  0.5000000E+01  0.1000000E+01  0.3000000E-01
  0.2061508E+01  0.1089286E+00  0.2095000E+01  0.5000000E+01  0.1000000E+01  0.3000000E-01
  0.2061802E+01  0.1088911E+00  0.2090000E+01  0.5000000E+01  0.1000000E+01  0.3000000E-01
  0.2062097E+01  0.1088526E+00  0.2085000E+01  0.5000000E+01  0.1000000E+01  0.3000000E-01
  0.2062393E+01  0.1088129E+00  0.2080000E+01  0.5000000E+01  0.1000000E+01  0.3000000E-01
  0.2062689E+01  0.1087722E+00  0.2075000E+01  0.5000000E+01  0.1000000E+01  0.3000000E-01
  0.2062985E+01  0.1087304E+00  0.2070000E+01  0.5000000E+01  0.1000000E+01  0.3000000E-01
  0.2063282E+01  0.1086875E+00  0.2065000E+01  0.5000000E+01  0.1000000E+01  0.3000000E-01
  0.2063579E+01  0.1086435E+00  0.2060000E+01  0.5000000E+01  0.1000000E+01  0.3000000E-01
  0.2063877E+01  0.1085983E+00  0.2055000E+01  0.5000000E+01  0.1000000E+01  0.3000000E-01
  0.2064176E+01  0.1085521E+00  0.2050000E+01  0.5000000E+01  0.1000000E+01  0.3000000E-01
  0.2064475E+01  0.1085047E+00  0.2045000E+01  0.5000000E+01  0.1000000E+01  0.3000000E-01
  0.2064774E+01  0.1084562E+00  0.2040000E+01  0.5000000E+01  0.1000000E+01  0.3000000E-01
  0.2065074E+01  0.1084065E+00  0.2035000E+01  0.5000000E+01  0.1000000E+01  0.3000000E-01
  0.2065375E+01  0.1083557E+00  0.2030000E+01  0.5000000E+01  0.1000000E+01  0.3000000E-01
  0.2065675E+01  0.1083037E+00  0.2025000E+01  0.5000000E+01  0.1000000E+01  0.3000000E-01
  0.2065977E+01  0.1082506E+00  0.2020000E+01  0.5000000E+01  0.1000000E+01  0.3000000E-01
  0.2066278E+01  0.1081963E+00  0.2015000E+01  0.5000000E+01  0.1000000E+01  0.3000000E-01
  0.2066580E+01  0.1081408E+00  0.2010000E+01  0.5000000E+01  0.1000000E+01  0.3000000E-01
  0.2066883E+01  0.1080842E+00  0.2005000E+01  0.5000000E+01  0.1000000E+01  0.3000000E-01
  0.2067186E+01  0.1080264E+00  0.2000000E+01  0.5000000E+01  0.1000000E+01  0.3000000E-01
  0.2067490E+01  0.1079674E+00  0.1995000E+01  0.5000000E+01  0.1000000E+01  0.3000000E-01
  0.2067793E+01  0.1079072E+00  0.1990000E+01  0.5000000E+01  0.1000000E+01  0.3000000E-01
  0.2068098E+01  0.1078458E+00  0.1985000E+01  0.5000000E+01  0.1000000E+01  0.3000000E-01
  0.2068402E+01  0.1077832E+00  0.1980000E+01  0.5000000E+01  0.1000000E+01  0.3000000E-01
  0.2068707E+01  0.1077193E+00  0.1975000E+01  0.5000000E+01  0.1000000E+01  0.3000000E-01
  0.2069013E+01  0.1076543E+00  0.1970000E+01  0.5000000E+01  0.1000000E+01  0.3000000E-01
  0.2069319E+01  0.1075880E+00  0.1965000E+01  0.5000000E+01  0.1000000E+01  0.3000000E-01
  0.2069625E+01  0.1075205E+00  0.1960000E+01  0.5000000E+01  0.1000000E+01  0.3000000E-01
  0.2069931E+01  0.1074518E+00  0.1955000E+01  0.5000000E+01  0.1000000E+01  0.3000000E-01
  0.2070238E+01  0.1073818E+00  0.1950000E+01  0.5000000E+01  0.1000000E+01  0.3000000E-01
  0.2070546E+01  0.1073106E+00  0.1945000E+01  0.5000000E+01  0.1000000E+01  0.3000000E-01
  0.2070853E+01  0.1072381E+00  0.1940000E+01  0.5000000E+01  0.1000000E+01  0.3000000E-01
  0.2071161E+01  0.1071643E+00  0.1935000E+01  0.5000000E+01  0.1000000E+01  0.3000000E-01
  0.2071470E+01  0.1070893E+00  0.1930000E+01  0.5000000E+01  0.1000000E+01  0.3000000E-01
  0.2071778E+01  0.1070130E+00  0.1925000E+01  0.5000000E+01  0.1000000E+01  0.3000000E-01
  0.2072087E+01  0.1069355E+00  0.1920000E+01  0.5000000E+01  0.1000000E+01  0.3000000E-01
  0.2072397E+01  0.1068566E+00  0.1915000E+01  0.5000000E+01  0.1000000E+01  0.3000000E-01
  0.2072706E+01  0.1067765E+00  0.1910000E+01  0.5000000E+01  0.1000000E+01  0.3000000E-01
  0.2073016E+01  0.1066951E+00  0.1905000E+01  0.5000000E+01  0.1000000E+01  0.3000000E-01
  0.2073326E+01  0.1066124E+00  0.1900000E+01  0.5000000E+01  0.1000000E+01  0.3000000E-01
  0.2073637E+01  0.1065284E+00  0.1895000E+01  0.5000000E+01  0.1000000E+01  0.3000000E-01
  0.2073947E+01  0.1064431E+00  0.1890000E+01  0.5000000E+01  0.1000000E+01  0.3000000E-01
  0.2074258E+01  0.1063564E+00  0.1885000E+01  0.5000000E+01  0.1000000E+01  0.3000000E-01
  0.2074570E+01  0.1062685E+00  0.1880000E+01  0.5000000E+01  0.1000000E+01  0.3000000E-01
  0.2074881E+01  0.1061792E+00  0.1875000E+01  0.5000000E+01  0.1000000E+01  0.3000000E-01
  0.2075193E+01  0.1060886E+00  0.1870000E+01  0.5000000E+01  0.1000000E+01  0.3000000E-01
  0.2075505E+01  0.1059967E+00  0.1865000E+01  0.5000000E+01  0.1000000E+01  0.3000000E-01
  0.2075817E+01  0.1059034E+00  0.1860000E+01  0.5000000E+01  0.1000000E+01  0.3000000E-01
  0.2076130E+01  0.1058088E+00  0.1855000E+01  0.5000000E+01  0.1000000E+01  0.3000000E-01
  0.2076442E+01  0.1057128E+00  0.1850000E+01  0.5000000E+01  0.1000000E+01  0.3000000E-01
  0.2076755E+01  0.1056155E+00  0.1845000E+01  0.5000000E+01  0.1000000E+01  0.3000000E-01
  0.2077068E+01  0.1055169E+00  0.1840000E+01  0.5000000E+01  0.1000000E+01  0.3000000E-01
  0.2077382E+01  0.1054169E+00  0.1835000E+01  0.5000000E+01  0.1000000E+01  0.3000000E-01
  0.2077695E+01  0.1053155E+00  0.1830000E+01  0.5000000E+01  0.1000000E+01  0.3000000E-01
  0.2078009E+01  0.1052127E+00  0.1825000E+01  0.5000000E+01  0.1000000E+01  0.3000000E-01
  0.2078322E+01  0.1051086E+00  0.1820000E+01  0.5000000E+01  0.1000000E+01  0.3000000E-01
  0.2078636E+01  0.1050031E+00  0.1815000E+01  0.5000000E+01  0.1000000E+01  0.3000000E-01
  0.2078950E+01  0.1048962E+00  0.1810000E+01  0.5000000E+01  0.1000000E+01  0.3000000E-01
  0.2079264E+01  0.1047880E+00  0.1805000E+01  0.5000000E+01  0.1000000E+01  0.3000000E-01
  0.2079579E+01  0.1046784E+00  0.1800000E+01  0.5000000E+01  0.1000000E+01  0.3000000E-01
  0.2079893E+01  0.1045673E+00  0.1795000E+01  0.5000000E+01  0.1000000E+01  0.3000000E-01
  0.2080208E+01  0.1044549E+00  0.1790000E+01  0.5000000E+01  0.1000000E+01  0.3000000E-01
  0.2080522E+01  0.1043411E+00  0.1785000E+01  0.5000000E+01  0.1000000E+01  0.3000000E-01
  0.2080837E+01  0.1042259E+00  0.1780000E+01  0.5000000E+01  0.1000000E+01  0.3000000E-01
  0.2081152E+01  0.1041092E+00  0.1775000E+01  0.5000000E+01  0.1000000E+01  0.3000000E-01
  0.2081467E+01  0.1039912E+00  0.1770000E+01  0.5000000E+01  0.1000000E+01  0.3000000E-01
  0.2081781E+01  0.1038717E+00  0.1765000E+01  0.5000000E+01  0.1000000E+01  0.3000000E-01
  0.2082096E+01  0.1037509E+00  0.1760000E+01  0.5000000E+01  0.1000000E+01  0.3000000E-01
  0.2082411E+01  0.1036286E+00  0.1755000E+01  0.5000000E+01  0.1000000E+01  0.3000000E-01
  0.2082726E+01  0.1035049E+00  0.1750000E+01  0.5000000E+01  0.1000000E+01  0.3000000E-01
  0.2083041E+01  0.1033798E+00  0.1745000E+01  0.5000000E+01  0.1000000E+01  0.3000000E-01
  0.2083356E+01  0.1032533E+00  0.1740000E+01  0.5000000E+01  0.1000000E+01  0.3000000E-01
  0.2083672E+01  0.1031253E+00  0.1735000E+01  0.5000000E+01  0.1000000E+01  0.3000000E-01
  0.2083987E+01  0.1029959E+00  0.1730000E+01  0.5000000E+01  0.1000000E+01  0.3000000E-01
  0.2084302E+01  0.1028651E+00  0.1725000E+01  0.5000000E+01  0.1000000E+01  0.3000000E-01
  0.2084617E+01  0.1027328E+00  0.1720000E+01  0.5000000E+01  0.1000000E+01  0.3000000E-01
  0.2084932E+01  0.1025991E+00  0.1715000E+01  0.5000000E+01  0.1000000E+01  0.3000000E-01
  0.2085246E+01  0.1024640E+00  0.1710000E+01  0.5000000E+01  0.1000000E+01  0.3000000E-01
  0.2085561E+01  0.1023274E+00  0.1705000E+01  0.5000000E+01  0.1000000E+01  0.3000000E-01
  0.2085876E+01  0.1021894E+00  0.1700000E+01  0.5000000E+01  0.1000000E+01  0.3000000E-01
  0.2086191E+01  0.1020499E+00  0.1695000E+01  0.5000000E+01  0.1000000E+01  0.3000000E-01
  0.2086505E+01  0.1019090E+00  0.1690000E+01  0.5000000E+01  0.1000000E+01  0.3000000E-01
  0.2086820E+01  0.1017666E+00  0.1685000E+01  0.5000000E+01  0.1000000E+01  0.3000000E-01
  0.2087134E+01  0.1016228E+00  0.1680000E+01  0.5000000E+01  0.1000000E+01  0.3000000E-01
  0.2087448E+01  0.1014776E+00  0.1675000E+01  0.5000000E+01  0.1000000E+01  0.3000000E-01
  0.2087763E+01  0.1013309E+00  0.1670000E+01  0.5000000E+01  0.1000000E+01  0.3000000E-01
  0.2088077E+01  0.1011827E+00  0.1665000E+01  0.5000000E+01  0.1000000E+01  0.3000000E-01
  0.2088390E+01  0.1010331E+00  0.1660000E+01  0.5000000E+01  0.1000000E+01  0.3000000E-01
  0.2088704E+01  0.1008820E+00  0.1655000E+01  0.5000000E+01  0.1000000E+01  0.3000000E-01
  0.2089018E+01  0.1007295E+00  0.1650000E+01  0.5000000E+01  0.1000000E+01  0.3000000E-01
  0.2089331E+01  0.1005755E+00  0.1645000E+01  0.5000000E+01  0.1000000E+01  0.3000000E-01
  0.2089644E+01  0.1004201E+00  0.1640000E+01  0.5000000E+01  0.1000000E+01  0.3000000E-01
  0.2089957E+01  0.1002632E+00  0.1635000E+01  0.5000000E+01  0.1000000E+01  0.3000000E-01
  0.2090270E+01  0.1001049E+00  0.1630000E+01  0.5000000E+01  0.1000000E+01  0.3000000E-01
  0.2090582E+01  0.9994507E-01  0.1625000E+01  0.5000000E+01  0.1000000E+01  0.3000000E-01
  0.2090894E+01  0.9978381E-01  0.1620000E+01  0.5000000E+01  0.1000000E+01  0.3000000E-01
  0.2091206E+01  0.9962110E-01  0.1615000E+01  0.5000000E+01  0.1000000E+01  0.3000000E-01
  0.2091518E+01  0.9945694E-01  0.1610000E+01  0.5000000E+01  0.1000000E+01  0.3000000E-01
  0.2091830E+01  0.9929131E-01  0.1605000E+01  0.5000000E+01  0.1000000E+01  0.3000000E-01
  0.2092141E+01  0.9912424E-01  0.1600000E+01  0.5000000E+01  0.1000000E+01  0.3000000E-01
  0.2092452E+01  0.9895571E-01  0.1595000E+01  0.5000000E+01  0.1000000E+01  0.3000000E-01
  0.2092762E+01  0.9878572E-01  0.1590000E+01  0.5000000E+01  0.1000000E+01  0.3000000E-01
  0.2093073E+01  0.9861428E-01  0.1585000E+01  0.5000000E+01  0.1000000E+01  0.3000000E-01
  0.2093383E+01  0.9844139E-01  0.1580000E+01  0.5000000E+01  0.1000000E+01  0.3000000E-01
  0.2093692E+01  0.9826705E-01  0.1575000E+01  0.5000000E+01  0.1000000E+01  0.3000000E-01
  0.2094002E+01  0.9809126E-01  0.1570000E+01  0.5000000E+01  0.1000000E+01  0.3000000E-01
  0.2094311E+01  0.9791402E-01  0.1565000E+01  0.5000000E+01  0.1000000E+01  0.3000000E-01
  0.2094619E+01  0.9773533E-01  0.1560000E+01  0.5000000E+01  0.1000000E+01  0.3000000E-01
  0.2094928E+01  0.9755520E-01  0.1555000E+01  0.5000000E+01  0.1000000E+01  0.3000000E-01
  0.2095235E+01  0.9737362E-01  0.1550000E+01  0.5000000E+01  0.1000000E+01  0.3000000E-01
  0.2095543E+01  0.9719060E-01  0.1545000E+01  0.5000000E+01  0.1000000E+01  0.3000000E-01
  0.2095850E+01  0.9700614E-01  0.1540000E+01  0.5000000E+01  0.1000000E+01  0.3000000E-01
  0.2096157E+01  0.9682024E-01  0.1535000E+01  0.5000000E+01  0.1000000E+01  0.3000000E-01
  0.2096463E+01  0.9663291E-01  0.1530000E+01  0.5000000E+01  0.1000000E+01  0.3000000E-01
  0.2096769E+01  0.9644414E-01  0.1525000E+01  0.5000000E+01  0.1000000E+01  0.3000000E-01
  0.2097074E+01  0.9625394E-01  0.1520000E+01  0.5000000E+01  0.1000000E+01  0.3000000E-01
  0.2097379E+01  0.9606231E-01  0.1515000E+01  0.5000000E+01  0.1000000E+01  0.3000000E-01
  0.2097683E+01  0.9586925E-01  0.1510000E+01  0.5000000E+01  0.1000000E+01  0.3000000E-01
  0.2097987E+01  0.9567477E-01  0.1505000E+01  0.5000000E+01  0.1000000E+01  0.3000000E-01
  0.2098291E+01  0.9547887E-01  0.1500000E+01  0.5000000E+01  0.1000000E+01  0.3000000E-01
  0.2098594E+01  0.9528155E-01  0.1495000E+01  0.5000000E+01  0.1000000E+01  0.3000000E-01
  0.2098896E+01  0.9508282E-01  0.1490000E+01  0.5000000E+01  0.1000000E+01  0.3000000E-01
  0.2099198E+01  0.9488267E-01  0.1485000E+01  0.5000000E+01  0.1000000E+01  0.3000000E-01
  0.2099500E+01  0.9468112E-01  0.1480000E+01  0.5000000E+01  0.1000000E+01  0.3000000E-01
  0.2099800E+01  0.9447816E-01  0.1475000E+01  0.5000000E+01  0.1000000E+01  0.3000000E-01
  0.2100101E+01  0.9427379E-01  0.1470000E+01  0.5000000E+01  0.1000000E+01  0.3000000E-01
  0.2100401E+01  0.9406803E-01  0.1465000E+01  0.5000000E+01  0.1000000E+01  0.3000000E-01
  0.2100700E+01  0.9386088E-01  0.1460000E+01  0.5000000E+01  0.1000000E+01  0.3000000E-01
  0.2100998E+01  0.9365233E-01  0.1455000E+01  0.5000000E+01  0.1000000E+01  0.3000000E-01
  0.2101296E+01  0.9344240E-01  0.1450000E+01  0.5000000E+01  0.1000000E+01  0.3000000E-01
  0.2101594E+01  0.9323108E-01  0.1445000E+01  0.5000000E+01  0.1000000E+01  0.3000000E-01
  0.2101891E+01  0.9301839E-01  0.1440000E+01  0.5000000E+01  0.1000000E+01  0.3000000E-01
  0.2102187E+01  0.9280432E-01  0.1435000E+01  0.5000000E+01  0.1000000E+01  0.3000000E-01
  0.2102483E+01  0.9258888E-01  0.1430000E+01  0.5000000E+01  0.1000000E+01  0.3000000E-01
  0.2102778E+01  0.9237208E-01  0.1425000E+01  0.5000000E+01  0.1000000E+01  0.3000000E-01
  0.2103072E+01  0.9215391E-01  0.1420000E+01  0.5000000E+01  0.1000000E+01  0.3000000E-01
  0.2103366E+01  0.9193439E-01  0.1415000E+01  0.5000000E+01  0.1000000E+01  0.3000000E-01
  0.2103659E+01  0.9171352E-01  0.1410000E+01  0.5000000E+01  0.1000000E+01  0.3000000E-01
  0.2103951E+01  0.9149130E-01  0.1405000E+01  0.5000000E+01  0.1000000E+01  0.3000000E-01
  0.2104243E+01  0.9126774E-01  0.1400000E+01  0.5000000E+01  0.1000000E+01  0.3000000E-01
  0.2104534E+01  0.9104284E-01  0.1395000E+01  0.5000000E+01  0.1000000E+01  0.3000000E-01
  0.2104824E+01  0.9081661E-01  0.1390000E+01  0.5000000E+01  0.1000000E+01  0.3000000E-01
  0.2105114E+01  0.9058906E-01  0.1385000E+01  0.5000000E+01  0.1000000E+01  0.3000000E-01
  0.2105402E+01  0.9036018E-01  0.1380000E+01  0.5000000E+01  0.1000000E+01  0.3000000E-01
  0.2105691E+01  0.9012999E-01  0.1375000E+01  0.5000000E+01  0.1000000E+01  0.3000000E-01
  0.2105978E+01  0.8989849E-01  0.1370000E+01  0.5000000E+01  0.1000000E+01  0.3000000E-01
  0.2106265E+01  0.8966568E-01  0.1365000E+01  0.5000000E+01  0.1000000E+01  0.3000000E-01
  0.2106551E+01  0.8943158E-01  0.1360000E+01  0.5000000E+01  0.1000000E+01  0.3000000E-01
  0.2106836E+01  0.8919618E-01  0.1355000E+01  0.5000000E+01  0.1000000E+01  0.3000000E-01
  0.2107120E+01  0.8895950E-01  0.1350000E+01  0.5000000E+01  0.1000000E+01  0.3000000E-01
  0.2107404E+01  0.8872154E-01  0.1345000E+01  0.5000000E+01  0.1000000E+01  0.3000000E-01
  0.2107686E+01  0.8848230E-01  0.1340000E+01  0.5000000E+01  0.1000000E+01  0.3000000E-01
  0.2107969E+01  0.8824179E-01  0.1335000E+01  0.5000000E+01  0.1000000E+01  0.3000000E-01
  0.2108250E+01  0.8800002E-01  0.1330000E+01  0.5000000E+01  0.1000000E+01  0.3000000E-01
  0.2108530E+01  0.8775699E-01  0.1325000E+01  0.5000000E+01  0.1000000E+01  0.3000000E-01
  0.2108810E+01  0.8751271E-01  0.1320000E+01  0.5000000E+01  0.1000000E+01  0.3000000E-01
  0.2109089E+01  0.8726719E-01  0.1315000E+01  0.5000000E+01  0.1000000E+01  0.3000000E-01
  0.2109367E+01  0.8702044E-01  0.1310000E+01  0.5000000E+01  0.1000000E+01  0.3000000E-01
  0.2109644E+01  0.8677245E-01  0.1305000E+01  0.5000000E+01  0.1000000E+01  0.3000000E-01
  0.2109920E+01  0.8652324E-01  0.1300000E+01  0.5000000E+01  0.1000000E+01  0.3000000E-01
  0.2110195E+01  0.8627281E-01  0.1295000E+01  0.5000000E+01  0.1000000E+01  0.3000000E-01
  0.2110470E+01  0.8602117E-01  0.1290000E+01  0.5000000E+01  0.1000000E+01  0.3000000E-01
  0.2110743E+01  0.8576832E-01  0.1285000E+01  0.5000000E+01  0.1000000E+01  0.3000000E-01
  0.2111016E+01  0.8551429E-01  0.1280000E+01  0.5000000E+01  0.1000000E+01  0.3000000E-01
  0.2111288E+01  0.8525906E-01  0.1275000E+01  0.5000000E+01  0.1000000E+01  0.3000000E-01
  0.2111559E+01  0.8500264E-01  0.1270000E+01  0.5000000E+01  0.1000000E+01  0.3000000E-01
  0.2111829E+01  0.8474506E-01  0.1265000E+01  0.5000000E+01  0.1000000E+01  0.3000000E-01
  0.2112099E+01  0.8448630E-01  0.1260000E+01  0.5000000E+01  0.1000000E+01  0.3000000E-01
  0.2112367E+01  0.8422638E-01  0.1255000E+01  0.5000000E+01  0.1000000E+01  0.3000000E-01
  0.2112634E+01  0.8396531E-01  0.1250000E+01  0.5000000E+01  0.1000000E+01  0.3000000E-01
  0.2112901E+01  0.8370309E-01  0.1245000E+01  0.5000000E+01  0.1000000E+01  0.3000000E-01
  0.2113166E+01  0.8343973E-01  0.1240000E+01  0.5000000E+01  0.1000000E+01  0.3000000E-01
  0.2113431E+01  0.8317524E-01  0.1235000E+01  0.5000000E+01  0.1000000E+01  0.3000000E-01
  0.2113694E+01  0.8290963E-01  0.1230000E+01  0.5000000E+01  0.1000000E+01  0.3000000E-01
  0.2113957E+01  0.8264290E-01  0.1225000E+01  0.5000000E+01  0.1000000E+01  0.3000000E-01
  0.2114219E+01  0.8237505E-01  0.1220000E+01  0.5000000E+01  0.1000000E+01  0.3000000E-01
  0.2114480E+01  0.8210611E-01  0.1215000E+01  0.5000000E+01  0.1000000E+01  0.3000000E-01
  0.2114740E+01  0.8183607E-01  0.1210000E+01  0.5000000E+01  0.1000000E+01  0.3000000E-01
  0.2114998E+01  0.8156494E-01  0.1205000E+01  0.5000000E+01  0.1000000E+01  0.3000000E-01
  0.2115256E+01  0.8129274E-01  0.1200000E+01  0.5000000E+01  0.1000000E+01  0.3000000E-01
  0.2115513E+01  0.8101946E-01  0.1195000E+01  0.5000000E+01  0.1000000E+01  0.3000000E-01
  0.2115769E+01  0.8074512E-01  0.1190000E+01  0.5000000E+01  0.1000000E+01  0.3000000E-01
  0.2116024E+01  0.8046972E-01  0.1185000E+01  0.5000000E+01  0.1000000E+01  0.3000000E-01
  0.2116278E+01  0.8019328E-01  0.1180000E+01  0.5000000E+01  0.1000000E+01  0.3000000E-01
  0.2116531E+01  0.7991579E-01  0.1175000E+01  0.5000000E+01  0.1000000E+01  0.3000000E-01
  0.2116783E+01  0.7963727E-01  0.1170000E+01  0.5000000E+01  0.1000000E+01  0.3000000E-01
  0.2117033E+01  0.7935772E-01  0.1165000E+01  0.5000000E+01  0.1000000E+01  0.3000000E-01
  0.2117283E+01  0.7907716E-01  0.1160000E+01  0.5000000E+01  0.1000000E+01  0.3000000E-01
  0.2117532E+01  0.7879559E-01  0.1155000E+01  0.5000000E+01  0.1000000E+01  0.3000000E-01
  0.2117780E+01  0.7851302E-01  0.1150000E+01  0.5000000E+01  0.1000000E+01  0.3000000E-01
  0.2118027E+01  0.7822945E-01  0.1145000E+01  0.5000000E+01  0.1000000E+01  0.3000000E-01
  0.2118272E+01  0.7794490E-01  0.1140000E+01  0.5000000E+01  0.1000000E+01  0.3000000E-01
  0.2118517E+01  0.7765937E-01  0.1135000E+01  0.5000000E+01  0.1000000E+01  0.3000000E-01
  0.2118761E+01  0.7737287E-01  0.1130000E+01  0.5000000E+01  0.1000000E+01  0.3000000E-01
  0.2119003E+01  0.7708540E-01  0.1125000E+01  0.5000000E+01  0.1000000E+01  0.3000000E-01
  0.2119245E+01  0.7679699E-01  0.1120000E+01  0.5000000E+01  0.1000000E+01  0.3000000E-01
  0.2119485E+01  0.7650763E-01  0.1115000E+01  0.5000000E+01  0.1000000E+01  0.3000000E-01
  0.2119725E+01  0.7621733E-01  0.1110000E+01  0.5000000E+01  0.1000000E+01  0.3000000E-01
  0.2119963E+01  0.7592610E-01  0.1105000E+01  0.5000000E+01  0.1000000E+01  0.3000000E-01
  0.2120200E+01  0.7563394E-01  0.1100000E+01  0.5000000E+01  0.1000000E+01  0.3000000E-01
  0.2120437E+01  0.7534088E-01  0.1095000E+01  0.5000000E+01  0.1000000E+01  0.3000000E-01
  0.2120672E+01  0.7504691E-01  0.1090000E+01  0.5000000E+01  0.1000000E+01  0.3000000E-01
  0.2120906E+01  0.7475204E-01  0.1085000E+01  0.5000000E+01  0.1000000E+01  0.3000000E-01
  0.2121139E+01  0.7445628E-01  0.1080000E+01  0.5000000E+01  0.1000000E+01  0.3000000E-01
  0.2121371E+01  0.7415963E-01  0.1075000E+01  0.5000000E+01  0.1000000E+01  0.3000000E-01
  0.2121601E+01  0.7386212E-01  0.1070000E+01  0.5000000E+01  0.1000000E+01  0.3000000E-01
  0.2121831E+01  0.7356373E-01  0.1065000E+01  0.5000000E+01  0.1000000E+01  0.3000000E-01
  0.2122060E+01  0.7326449E-01  0.1060000E+01  0.5000000E+01  0.1000000E+01  0.3000000E-01
  0.2122287E+01  0.7296440E-01  0.1055000E+01  0.5000000E+01  0.1000000E+01  0.3000000E-01
  0.2122514E+01  0.7266347E-01  0.1050000E+01  0.5000000E+01  0.1000000E+01  0.3000000E-01
  0.2122739E+01  0.7236170E-01  0.1045000E+01  0.5000000E+01  0.1000000E+01  0.3000000E-01
  0.2122963E+01  0.7205910E-01  0.1040000E+01  0.5000000E+01  0.1000000E+01  0.3000000E-01
  0.2123186E+01  0.7175569E-01  0.1035000E+01  0.5000000E+01  0.1000000E+01  0.3000000E-01
  0.2123408E+01  0.7145146E-01  0.1030000E+01  0.5000000E+01  0.1000000E+01  0.3000000E-01
  0.2123629E+01  0.7114643E-01  0.1025000E+01  0.5000000E+01  0.1000000E+01  0.3000000E-01
  0.2123849E+01  0.7084061E-01  0.1020000E+01  0.5000000E+01  0.1000000E+01  0.3000000E-01
  0.2124067E+01  0.7053400E-01  0.1015000E+01  0.5000000E+01  0.1000000E+01  0.3000000E-01
  0.2124285E+01  0.7022661E-01  0.1010000E+01  0.5000000E+01  0.1000000E+01  0.3000000E-01
  0.2124501E+01  0.6991844E-01  0.1005000E+01  0.5000000E+01  0.1000000E+01  0.3000000E-01
  0.2124717E+01  0.6960951E-01  0.1000000E+01  0.5000000E+01  0.1000000E+01  0.3000000E-01
  0.2124931E+01  0.6929983E-01  0.9950000E+00  0.5000000E+01  0.1000000E+01  0.3000000E-01
  0.2125144E+01  0.6898939E-01  0.9900000E+00  0.5000000E+01  0.1000000E+01  0.3000000E-01
  0.2125356E+01  0.6867822E-01  0.9850000E+00  0.5000000E+01  0.1000000E+01  0.3000000E-01
  0.2125566E+01  0.6836631E-01  0.9800000E+00  0.5000000E+01  0.1000000E+01  0.3000000E-01
  0.2125776E+01  0.6805367E-01  0.9750000E+00  0.5000000E+01  0.1000000E+01  0.3000000E-01
  0.2125985E+01  0.6774032E-01  0.9700000E+00  0.5000000E+01  0.1000000E+01  0.3000000E-01
  0.2126192E+01  0.6742625E-01  0.9650000E+00  0.5000000E+01  0.1000000E+01  0.3000000E-01
  0.2126398E+01  0.6711148E-01  0.9600000E+00  0.5000000E+01  0.1000000E+01  0.3000000E-01
  0.2126603E+01  0.6679602E-01  0.9550000E+00  0.5000000E+01  0.1000000E+01  0.3000000E-01
  0.2126807E+01  0.6647986E-01  0.9500000E+00  0.5000000E+01  0.1000000E+01  0.3000000E-01
  0.2127010E+01  0.6616303E-01  0.9450000E+00  0.5000000E+01  0.1000000E+01  0.3000000E-01
  0.2127212E+01  0.6584552E-01  0.9400000E+00  0.5000000E+01  0.1000000E+01  0.3000000E-01
  0.2127412E+01  0.6552734E-01  0.9350000E+00  0.5000000E+01  0.1000000E+01  0.3000000E-01
  0.2127612E+01  0.6520850E-01  0.9300000E+00  0.5000000E+01  0.1000000E+01  0.3000000E-01
  0.2127810E+01  0.6488902E-01  0.9250000E+00  0.5000000E+01  0.1000000E+01  0.3000000E-01
  0.2128007E+01  0.6456888E-01  0.9200000E+00  0.5000000E+01  0.1000000E+01  0.3000000E-01
  0.2128203E+01  0.6424811E-01  0.9150000E+00  0.5000000E+01  0.1000000E+01  0.3000000E-01
  0.2128398E+01  0.6392671E-01  0.9100000E+00  0.5000000E+01  0.1000000E+01  0.3000000E-01
  0.2128592E+01  0.6360468E-01  0.9050000E+00  0.5000000E+01  0.1000000E+01  0.3000000E-01
  0.2128784E+01  0.6328204E-01  0.9000000E+00  0.5000000E+01  0.1000000E+01  0.3000000E-01
  0.2128976E+01  0.6295878E-01  0.8950000E+00  0.5000000E+01  0.1000000E+01  0.3000000E-01
  0.2129166E+01  0.6263493E-01  0.8900000E+00  0.5000000E+01  0.1000000E+01  0.3000000E-01
  0.2129355E+01  0.6231048E-01  0.8850000E+00  0.5000000E+01  0.1000000E+01  0.3000000E-01
  0.2129543E+01  0.6198543E-01  0.8800000E+00  0.5000000E+01  0.1000000E+01  0.3000000E-01
  0.2129730E+01  0.6165981E-01  0.8750000E+00  0.5000000E+01  0.1000000E+01  0.3000000E-01
  0.2129916E+01  0.6133361E-01  0.8700000E+00  0.5000000E+01  0.1000000E+01  0.3000000E-01
  0.2130100E+01  0.6100684E-01  0.8650000E+00  0.5000000E+01  0.1000000E+01  0.3000000E-01
  0.2130284E+01  0.6067951E-01  0.8600000E+00  0.5000000E+01  0.1000000E+01  0.3000000E-01
  0.2130466E+01  0.6035163E-01  0.8550000E+00  0.5000000E+01  0.1000000E+01  0.3000000E-01
  0.2130647E+01  0.6002319E-01  0.8500000E+00  0.5000000E+01  0.1000000E+01  0.3000000E-01
  0.2130827E+01  0.5969422E-01  0.8450000E+00  0.5000000E+01  0.1000000E+01  0.3000000E-01
  0.2131006E+01  0.5936470E-01  0.8400000E+00  0.5000000E+01  0.1000000E+01  0.3000000E-01
  0.2131184E+01  0.5903466E-01  0.8350000E+00  0.5000000E+01  0.1000000E+01  0.3000000E-01
  0.2131361E+01  0.5870410E-01  0.8300000E+00  0.5000000E+01  0.1000000E+01  0.3000000E-01
  0.2131536E+01  0.5837301E-01  0.8250000E+00  0.5000000E+01  0.1000000E+01  0.3000000E-01
  0.2131710E+01  0.5804142E-01  0.8200000E+00  0.5000000E+01  0.1000000E+01  0.3000000E-01
  0.2131884E+01  0.5770932E-01  0.8150000E+00  0.5000000E+01  0.1000000E+01  0.3000000E-01
  0.2132056E+01  0.5737673E-01  0.8100000E+00  0.5000000E+01  0.1000000E+01  0.3000000E-01
  0.2132227E+01  0.5704364E-01  0.8050000E+00  0.5000000E+01  0.1000000E+01  0.3000000E-01
  0.2132396E+01  0.5671007E-01  0.8000000E+00  0.5000000E+01  0.1000000E+01  0.3000000E-01
  0.2132565E+01  0.5637602E-01  0.7950000E+00  0.5000000E+01  0.1000000E+01  0.3000000E-01
  0.2132733E+01  0.5604149E-01  0.7900000E+00  0.5000000E+01  0.1000000E+01  0.3000000E-01
  0.2132899E+01  0.5570650E-01  0.7850000E+00  0.5000000E+01  0.1000000E+01  0.3000000E-01
  0.2133064E+01  0.5537104E-01  0.7800000E+00  0.5000000E+01  0.1000000E+01  0.3000000E-01
  0.2133228E+01  0.5503513E-01  0.7750000E+00  0.5000000E+01  0.1000000E+01  0.3000000E-01
  0.2133391E+01  0.5469877E-01  0.7700000E+00  0.5000000E+01  0.1000000E+01  0.3000000E-01
  0.2133553E+01  0.5436196E-01  0.7650000E+00  0.5000000E+01  0.1000000E+01  0.3000000E-01
  0.2133714E+01  0.5402472E-01  0.7600000E+00  0.5000000E+01  0.1000000E+01  0.3000000E-01
  0.2133873E+01  0.5368704E-01  0.7550000E+00  0.5000000E+01  0.1000000E+01  0.3000000E-01
  0.2134032E+01  0.5334893E-01  0.7500000E+00  0.5000000E+01  0.1000000E+01  0.3000000E-01
  0.2134189E+01  0.5301041E-01  0.7450000E+00  0.5000000E+01  0.1000000E+01  0.3000000E-01
  0.2134345E+01  0.5267146E-01  0.7400000E+00  0.5000000E+01  0.1000000E+01  0.3000000E-01
  0.2134501E+01  0.5233211E-01  0.7350000E+00  0.5000000E+01  0.1000000E+01  0.3000000E-01
  0.2134654E+01  0.5199235E-01  0.7300000E+00  0.5000000E+01  0.1000000E+01  0.3000000E-01
  0.2134807E+01  0.5165219E-01  0.7250000E+00  0.5000000E+01  0.1000000E+01  0.3000000E-01
  0.2134959E+01  0.5131163E-01  0.7200000E+00  0.5000000E+01  0.1000000E+01  0.3000000E-01
  0.2135110E+01  0.5097068E-01  0.7150000E+00  0.5000000E+01  0.1000000E+01  0.3000000E-01
  0.2135259E+01  0.5062935E-01  0.7100000E+00  0.5000000E+01  0.1000000E+01  0.3000000E-01
  0.2135408E+01  0.5028764E-01  0.7050000E+00  0.5000000E+01  0.1000000E+01  0.3000000E-01
  0.2135555E+01  0.4994556E-01  0.7000000E+00  0.5000000E+01  0.1000000E+01  0.3000000E-01
  0.2135701E+01  0.4960310E-01  0.6950000E+00  0.5000000E+01  0.1000000E+01  0.3000000E-01
  0.2135846E+01  0.4926028E-01  0.6900000E+00  0.5000000E+01  0.1000000E+01  0.3000000E-01
  0.2135990E+01  0.4891710E-01  0.6850000E+00  0.5000000E+01  0.1000000E+01  0.3000000E-01
  0.2136133E+01  0.4857357E-01  0.6800000E+00  0.5000000E+01  0.1000000E+01  0.3000000E-01
  0.2136275E+01  0.4822969E-01  0.6750000E+00  0.5000000E+01  0.1000000E+01  0.3000000E-01
  0.2136415E+01  0.4788546E-01  0.6700000E+00  0.5000000E+01  0.1000000E+01  0.3000000E-01
  0.2136555E+01  0.4754089E-01  0.6650000E+00  0.5000000E+01  0.1000000E+01  0.3000000E-01
  0.2136693E+01  0.4719599E-01  0.6600000E+00  0.5000000E+01  0.1000000E+01  0.3000000E-01
  0.2136831E+01  0.4685075E-01  0.6550000E+00  0.5000000E+01  0.1000000E+01  0.3000000E-01
  0.2136967E+01  0.4650519E-01  0.6500000E+00  0.5000000E+01  0.1000000E+01  0.3000000E-01
  0.2137102E+01  0.4615931E-01  0.6450000E+00  0.5000000E+01  0.1000000E+01  0.3000000E-01
  0.2137236E+01  0.4581311E-01  0.6400000E+00  0.5000000E+01  0.1000000E+01  0.3000000E-01
  0.2137369E+01  0.4546660E-01  0.6350000E+00  0.5000000E+01  0.1000000E+01  0.3000000E-01
  0.2137501E+01  0.4511977E-01  0.6300000E+00  0.5000000E+01  0.1000000E+01  0.3000000E-01
  0.2137631E+01  0.4477265E-01  0.6250000E+00  0.5000000E+01  0.1000000E+01  0.3000000E-01
  0.2137761E+01  0.4442522E-01  0.6200000E+00  0.5000000E+01  0.1000000E+01  0.3000000E-01
  0.2137890E+01  0.4407750E-01  0.6150000E+00  0.5000000E+01  0.1000000E+01  0.3000000E-01
  0.2138017E+01  0.4372949E-01  0.6100000E+00  0.5000000E+01  0.1000000E+01  0.3000000E-01
  0.2138144E+01  0.4338118E-01  0.6050000E+00  0.5000000E+01  0.1000000E+01  0.3000000E-01
  0.2138269E+01  0.4303260E-01  0.6000000E+00  0.5000000E+01  0.1000000E+01  0.3000000E-01
  0.2138393E+01  0.4268374E-01  0.5950000E+00  0.5000000E+01  0.1000000E+01  0.3000000E-01
  0.2138516E+01  0.4233460E-01  0.5900000E+00  0.5000000E+01  0.1000000E+01  0.3000000E-01
  0.2138639E+01  0.4198519E-01  0.5850000E+00  0.5000000E+01  0.1000000E+01  0.3000000E-01
  0.2138760E+01  0.4163551E-01  0.5800000E+00  0.5000000E+01  0.1000000E+01  0.3000000E-01
  0.2138880E+01  0.4128557E-01  0.5750000E+00  0.5000000E+01  0.1000000E+01  0.3000000E-01
  0.2138998E+01  0.4093537E-01  0.5700000E+00  0.5000000E+01  0.1000000E+01  0.3000000E-01
  0.2139116E+01  0.4058491E-01  0.5650000E+00  0.5000000E+01  0.1000000E+01  0.3000000E-01
  0.2139233E+01  0.4023420E-01  0.5600000E+00  0.5000000E+01  0.1000000E+01  0.3000000E-01
  0.2139349E+01  0.3988324E-01  0.5550000E+00  0.5000000E+01  0.1000000E+01  0.3000000E-01
  0.2139463E+01  0.3953204E-01  0.5500000E+00  0.5000000E+01  0.1000000E+01  0.3000000E-01
  0.2139577E+01  0.3918059E-01  0.5450000E+00  0.5000000E+01  0.1000000E+01  0.3000000E-01
  0.2139689E+01  0.3882891E-01  0.5400000E+00  0.5000000E+01  0.1000000E+01  0.3000000E-01
  0.2139801E+01  0.3847700E-01  0.5350000E+00  0.5000000E+01  0.1000000E+01  0.3000000E-01
  0.2139911E+01  0.3812485E-01  0.5300000E+00  0.5000000E+01  0.1000000E+01  0.3000000E-01
  0.2140020E+01  0.3777247E-01  0.5250000E+00  0.5000000E+01  0.1000000E+01  0.3000000E-01
  0.2140129E+01  0.3741987E-01  0.5200000E+00  0.5000000E+01  0.1000000E+01  0.3000000E-01
  0.2140236E+01  0.3706705E-01  0.5150000E+00  0.5000000E+01  0.1000000E+01  0.3000000E-01
  0.2140342E+01  0.3671402E-01  0.5100000E+00  0.5000000E+01  0.1000000E+01  0.3000000E-01
  0.2140447E+01  0.3636077E-01  0.5050000E+00  0.5000000E+01  0.1000000E+01  0.3000000E-01
  0.2140551E+01  0.3600730E-01  0.5000000E+00  0.5000000E+01  0.1000000E+01  0.3000000E-01
  0.2140654E+01  0.3565363E-01  0.4950000E+00  0.5000000E+01  0.1000000E+01  0.3000000E-01
  0.2140756E+01  0.3529976E-01  0.4900000E+00  0.5000000E+01  0.1000000E+01  0.3000000E-01
  0.2140857E+01  0.3494568E-01  0.4850000E+00  0.5000000E+01  0.1000000E+01  0.3000000E-01
  0.2140957E+01  0.3459141E-01  0.4800000E+00  0.5000000E+01  0.1000000E+01  0.3000000E-01
  0.2141056E+01  0.3423694E-01  0.4750000E+00  0.5000000E+01  0.1000000E+01  0.3000000E-01
  0.2141154E+01  0.3388227E-01  0.4700000E+00  0.5000000E+01  0.1000000E+01  0.3000000E-01
  0.2141251E+01  0.3352742E-01  0.4650000E+00  0.5000000E+01  0.1000000E+01  0.3000000E-01
  0.2141347E+01  0.3317238E-01  0.4600000E+00  0.5000000E+01  0.1000000E+01  0.3000000E-01
  0.2141441E+01  0.3281716E-01  0.4550000E+00  0.5000000E+01  0.1000000E+01  0.3000000E-01
  0.2141535E+01  0.3246176E-01  0.4500000E+00  0.5000000E+01  0.1000000E+01  0.3000000E-01
  0.2141628E+01  0.3210617E-01  0.4450000E+00  0.5000000E+01  0.1000000E+01  0.3000000E-01
  0.2141720E+01  0.3175041E-01  0.4400000E+00  0.5000000E+01  0.1000000E+01  0.3000000E-01
  0.2141810E+01  0.3139448E-01  0.4350000E+00  0.5000000E+01  0.1000000E+01  0.3000000E-01
  0.2141900E+01  0.3103838E-01  0.4300000E+00  0.5000000E+01  0.1000000E+01  0.3000000E-01
  0.2141988E+01  0.3068211E-01  0.4250000E+00  0.5000000E+01  0.1000000E+01  0.3000000E-01
  0.2142076E+01  0.3032568E-01  0.4200000E+00  0.5000000E+01  0.1000000E+01  0.3000000E-01
  0.2142163E+01  0.2996908E-01  0.4150000E+00  0.5000000E+01  0.1000000E+01  0.3000000E-01
  0.2142248E+01  0.2961233E-01  0.4100000E+00  0.5000000E+01  0.1000000E+01  0.3000000E-01
  0.2142333E+01  0.2925541E-01  0.4050000E+00  0.5000000E+01  0.1000000E+01  0.3000000E-01
  0.2142416E+01  0.2889835E-01  0.4000000E+00  0.5000000E+01  0.1000000E+01  0.3000000E-01
  0.2142499E+01  0.2854112E-01  0.3950000E+00  0.5000000E+01  0.1000000E+01  0.3000000E-01
  0.2142580E+01  0.2818375E-01  0.3900000E+00  0.5000000E+01  0.1000000E+01  0.3000000E-01
  0.2142661E+01  0.2782624E-01  0.3850000E+00  0.5000000E+01  0.1000000E+01  0.3000000E-01
  0.2142740E+01  0.2746857E-01  0.3800000E+00  0.5000000E+01  0.1000000E+01  0.3000000E-01
  0.2142819E+01  0.2711076E-01  0.3750000E+00  0.5000000E+01  0.1000000E+01  0.3000000E-01
  0.2142896E+01  0.2675282E-01  0.3700000E+00  0.5000000E+01  0.1000000E+01  0.3000000E-01
  0.2142973E+01  0.2639473E-01  0.3650000E+00  0.5000000E+01  0.1000000E+01  0.3000000E-01
  0.2143048E+01  0.2603651E-01  0.3600000E+00  0.5000000E+01  0.1000000E+01  0.3000000E-01
  0.2143123E+01  0.2567815E-01  0.3550000E+00  0.5000000E+01  0.1000000E+01  0.3000000E-01
  0.2143196E+01  0.2531966E-01  0.3500000E+00  0.5000000E+01  0.1000000E+01  0.3000000E-01
  0.2143269E+01  0.2496104E-01  0.3450000E+00  0.5000000E+01  0.1000000E+01  0.3000000E-01
  0.2143340E+01  0.2460230E-01  0.3400000E+00  0.5000000E+01  0.1000000E+01  0.3000000E-01
  0.2143411E+01  0.2424343E-01  0.3350000E+00  0.5000000E+01  0.1000000E+01  0.3000000E-01
  0.2143481E+01  0.2388443E-01  0.3300000E+00  0.5000000E+01  0.1000000E+01  0.3000000E-01
  0.2143549E+01  0.2352531E-01  0.3250000E+00  0.5000000E+01  0.1000000E+01  0.3000000E-01
  0.2143617E+01  0.2316608E-01  0.3200000E+00  0.5000000E+01  0.1000000E+01  0.3000000E-01
  0.2143683E+01  0.2280672E-01  0.3150000E+00  0.5000000E+01  0.1000000E+01  0.3000000E-01
  0.2143749E+01  0.2244725E-01  0.3100000E+00  0.5000000E+01  0.1000000E+01  0.3000000E-01
  0.2143814E+01  0.2208767E-01  0.3050000E+00  0.5000000E+01  0.1000000E+01  0.3000000E-01
  0.2143877E+01  0.2172797E-01  0.3000000E+00  0.5000000E+01  0.1000000E+01  0.3000000E-01
  0.2143940E+01  0.2136816E-01  0.2950000E+00  0.5000000E+01  0.1000000E+01  0.3000000E-01
  0.2144002E+01  0.2100825E-01  0.2900000E+00  0.5000000E+01  0.1000000E+01  0.3000000E-01
  0.2144062E+01  0.2064823E-01  0.2850000E+00  0.5000000E+01  0.1000000E+01  0.3000000E-01
  0.2144122E+01  0.2028810E-01  0.2800000E+00  0.5000000E+01  0.1000000E+01  0.3000000E-01
  0.2144181E+01  0.1992787E-01  0.2750000E+00  0.5000000E+01  0.1000000E+01  0.3000000E-01
  0.2144238E+01  0.1956754E-01  0.2700000E+00  0.5000000E+01  0.1000000E+01  0.3000000E-01
  0.2144295E+01  0.1920711E-01  0.2650000E+00  0.5000000E+01  0.1000000E+01  0.3000000E-01
  0.2144351E+01  0.1884658E-01  0.2600000E+00  0.5000000E+01  0.1000000E+01  0.3000000E-01
  0.2144406E+01  0.1848596E-01  0.2550000E+00  0.5000000E+01  0.1000000E+01  0.3000000E-01
  0.2144460E+01  0.1812524E-01  0.2500000E+00  0.5000000E+01  0.1000000E+01  0.3000000E-01
  0.2144513E+01  0.1776443E-01  0.2450000E+00  0.5000000E+01  0.1000000E+01  0.3000000E-01
  0.2144565E+01  0.1740352E-01  0.2400000E+00  0.5000000E+01  0.1000000E+01  0.3000000E-01
  0.2144616E+01  0.1704253E-01  0.2350000E+00  0.5000000E+01  0.1000000E+01  0.3000000E-01
  0.2144666E+01  0.1668145E-01  0.2300000E+00  0.5000000E+01  0.1000000E+01  0.3000000E-01
  0.2144715E+01  0.1632028E-01  0.2250000E+00  0.5000000E+01  0.1000000E+01  0.3000000E-01
  0.2144763E+01  0.1595903E-01  0.2200000E+00  0.5000000E+01  0.1000000E+01  0.3000000E-01
  0.2144810E+01  0.1559769E-01  0.2150000E+00  0.5000000E+01  0.1000000E+01  0.3000000E-01
  0.2144856E+01  0.1523628E-01  0.2100000E+00  0.5000000E+01  0.1000000E+01  0.3000000E-01
  0.2144901E+01  0.1487478E-01  0.2050000E+00  0.5000000E+01  0.1000000E+01  0.3000000E-01
  0.2144946E+01  0.1451320E-01  0.2000000E+00  0.5000000E+01  0.1000000E+01  0.3000000E-01
  0.2144989E+01  0.1415154E-01  0.1950000E+00  0.5000000E+01  0.1000000E+01  0.3000000E-01
  0.2145031E+01  0.1378981E-01  0.1900000E+00  0.5000000E+01  0.1000000E+01  0.3000000E-01
  0.2145073E+01  0.1342800E-01  0.1850000E+00  0.5000000E+01  0.1000000E+01  0.3000000E-01
  0.2145113E+01  0.1306612E-01  0.1800000E+00  0.5000000E+01  0.1000000E+01  0.3000000E-01
  0.2145153E+01  0.1270417E-01  0.1750000E+00  0.5000000E+01  0.1000000E+01  0.3000000E-01
  0.2145191E+01  0.1234214E-01  0.1700000E+00  0.5000000E+01  0.1000000E+01  0.3000000E-01
  0.2145229E+01  0.1198005E-01  0.1650000E+00  0.5000000E+01  0.1000000E+01  0.3000000E-01
  0.2145265E+01  0.1161789E-01  0.1600000E+00  0.5000000E+01  0.1000000E+01  0.3000000E-01
  0.2145301E+01  0.1125566E-01  0.1550000E+00  0.5000000E+01  0.1000000E+01  0.3000000E-01
  0.2145336E+01  0.1089337E-01  0.1500000E+00  0.5000000E+01  0.1000000E+01  0.3000000E-01
  0.2145370E+01  0.1053101E-01  0.1450000E+00  0.5000000E+01  0.1000000E+01  0.3000000E-01
  0.2145402E+01  0.1016859E-01  0.1400000E+00  0.5000000E+01  0.1000000E+01  0.3000000E-01
  0.2145434E+01  0.9806103E-02  0.1350000E+00  0.5000000E+01  0.1000000E+01  0.3000000E-01
  0.2145465E+01  0.9443559E-02  0.1300000E+00  0.5000000E+01  0.1000000E+01  0.3000000E-01
  0.2145495E+01  0.9080955E-02  0.1250000E+00  0.5000000E+01  0.1000000E+01  0.3000000E-01
  0.2145524E+01  0.8718294E-02  0.1200000E+00  0.5000000E+01  0.1000000E+01  0.3000000E-01
  0.2145552E+01  0.8355576E-02  0.1150000E+00  0.5000000E+01  0.1000000E+01  0.3000000E-01
  0.2145579E+01  0.7992802E-02  0.1100000E+00  0.5000000E+01  0.1000000E+01  0.3000000E-01
  0.2145606E+01  0.7629973E-02  0.1050000E+00  0.5000000E+01  0.1000000E+01  0.3000000E-01
  0.2145631E+01  0.7267091E-02  0.1000000E+00  0.5000000E+01  0.1000000E+01  0.3000000E-01
  0.2145655E+01  0.6904158E-02  0.9500000E-01  0.5000000E+01  0.1000000E+01  0.3000000E-01
  0.2145678E+01  0.6541173E-02  0.9000000E-01  0.5000000E+01  0.1000000E+01  0.3000000E-01
  0.2145701E+01  0.6178138E-02  0.8500000E-01  0.5000000E+01  0.1000000E+01  0.3000000E-01
  0.2145722E+01  0.5815054E-02  0.8000000E-01  0.5000000E+01  0.1000000E+01  0.3000000E-01
  0.2145743E+01  0.5451923E-02  0.7500000E-01  0.5000000E+01  0.1000000E+01  0.3000000E-01
  0.2145762E+01  0.5088746E-02  0.7000000E-01  0.5000000E+01  0.1000000E+01  0.3000000E-01
  0.2145781E+01  0.4725523E-02  0.6500000E-01  0.5000000E+01  0.1000000E+01  0.3000000E-01
  0.2145799E+01  0.4362256E-02  0.6000000E-01  0.5000000E+01  0.1000000E+01  0.3000000E-01
  0.2145816E+01  0.3998946E-02  0.5500000E-01  0.5000000E+01  0.1000000E+01  0.3000000E-01
  0.2145831E+01  0.3635594E-02  0.5000000E-01  0.5000000E+01  0.1000000E+01  0.3000000E-01

