  0.3345509E+01  0.4183469E-01  0.5000000E+01  0.5000000E+01  0.1000000E+01  0.1000000E+00
  0.3345518E+01  0.4186381E-01  0.4995000E+01  0.5000000E+01  0.1000000E+01  0.1000000E+00
  0.3345526E+01  0.4189300E-01  0.4990000E+01  0.5000000E+01  0.1000000E+01  0.1000000E+00
  0.3345534E+01  0.4192225E-01  0.4985000E+01  0.5000000E+01  0.1000000E+01  0.1000000E+00
  0.3345543E+01  0.4195157E-01  0.4980000E+01  0.5000000E+01  0.1000000E+01  0.1000000E+00
  0.3345551E+01  0.4198095E-01  0.4975000E+01  0.5000000E+01  0.1000000E+01  0.1000000E+00
  0.3345560E+01  0.4201040E-01  0.4970000E+01  0.5000000E+01  0.1000000E+01  0.1000000E+00
  0.3345568E+01  0.4203992E-01  0.4965000E+01  0.5000000E+01  0.1000000E+01  0.1000000E+00
  0.3345577E+01  0.4206950E-01  0.4960000E+01  0.5000000E+01  0.1000000E+01  0.1000000E+00
  0.3345586E+01  0.4209915E-01  0.4955000E+01  0.5000000E+01  0.1000000E+01  0.1000000E+00
  0.3345594E+01  0.4212886E-01  0.4950000E+01  0.5000000E+01  0.1000000E+01  0.1000000E+00
  0.3345603E+01  0.4215864E-01  0.4945000E+01  0.5000000E+01  0.1000000E+01  0.1000000E+00
  0.3345611E+01  0.4218849E-01  0.4940000E+01  0.5000000E+01  0.1000000E+01  0.1000000E+00
  0.3345620E+01  0.4221841E-01  0.4935000E+01  0.5000000E+01  0.1000000E+01  0.1000000E+00
  0.3345629E+01  0.4224839E-01  0.4930000E+01  0.5000000E+01  0.1000000E+01  0.1000000E+00
  0.3345637E+01  0.4227845E-01  0.4925000E+01  0.5000000E+01  0.1000000E+01  0.1000000E+00
  0.3345646E+01  0.4230857E-01  0.4920000E+01  0.5000000E+01  0.1000000E+01  0.1000000E+00
  0.3345655E+01  0.4233875E-01  0.4915000E+01  0.5000000E+01  0.1000000E+01  0.1000000E+00
  0.3345663E+01  0.4236901E-01  0.4910000E+01  0.5000000E+01  0.1000000E+01  0.1000000E+00
  0.3345672E+01  0.4239934E-01  0.4905000E+01  0.5000000E+01  0.1000000E+01  0.1000000E+00
  0.3345681E+01  0.4242973E-01  0.4900000E+01  0.5000000E+01  0.1000000E+01  0.1000000E+00
  0.3345689E+01  0.4246019E-01  0.4895000E+01  0.5000000E+01  0.1000000E+01  0.1000000E+00
  0.3345698E+01  0.4249073E-01  0.4890000E+01  0.5000000E+01  0.1000000E+01  0.1000000E+00
  0.3345707E+01  0.4252133E-01  0.4885000E+01  0.5000000E+01  0.1000000E+01  0.1000000E+00
  0.3345716E+01  0.4255200E-01  0.4880000E+01  0.5000000E+01  0.1000000E+01  0.1000000E+00
  0.3345725E+01  0.4258274E-01  0.4875000E+01  0.5000000E+01  0.1000000E+01  0.1000000E+00
  0.3345733E+01  0.4261355E-01  0.4870000E+01  0.5000000E+01  0.1000000E+01  0.1000000E+00
  0.3345742E+01  0.4264444E-01  0.4865000E+01  0.5000000E+01  0.1000000E+01  0.1000000E+00
  0.3345751E+01  0.4267539E-01  0.4860000E+01  0.5000000E+01  0.1000000E+01  0.1000000E+00
  0.3345760E+01  0.4270641E-01  0.4855000E+01  0.5000000E+01  0.1000000E+01  0.1000000E+00
  0.3345769E+01  0.4273751E-01  0.4850000E+01  0.5000000E+01  0.1000000E+01  0.1000000E+00
  0.3345778E+01  0.4276867E-01  0.4845000E+01  0.5000000E+01  0.1000000E+01  0.1000000E+00
  0.3345787E+01  0.4279991E-01  0.4840000E+01  0.5000000E+01  0.1000000E+01  0.1000000E+00
  0.3345796E+01  0.4283122E-01  0.4835000E+01  0.5000000E+01  0.1000000E+01  0.1000000E+00
  0.3345805E+01  0.4286260E-01  0.4830000E+01  0.5000000E+01  0.1000000E+01  0.1000000E+00
  0.3345814E+01  0.4289406E-01  0.4825000E+01  0.5000000E+01  0.1000000E+01  0.1000000E+00
  0.3345823E+01  0.4292558E-01  0.4820000E+01  0.5000000E+01  0.1000000E+01  0.1000000E+00
  0.3345832E+01  0.4295718E-01  0.4815000E+01  0.5000000E+01  0.1000000E+01  0.1000000E+00
  0.3345841E+01  0.4298885E-01  0.4810000E+01  0.5000000E+01  0.1000000E+01  0.1000000E+00
  0.3345850E+01  0.4302060E-01  0.4805000E+01  0.5000000E+01  0.1000000E+01  0.1000000E+00
  0.3345859E+01  0.4305242E-01  0.4800000E+01  0.5000000E+01  0.1000000E+01  0.1000000E+00
  0.3345868E+01  0.4308431E-01  0.4795000E+01  0.5000000E+01  0.1000000E+01  0.1000000E+00
  0.3345877E+01  0.4311627E-01  0.4790000E+01  0.5000000E+01  0.1000000E+01  0.1000000E+00
  0.3345886E+01  0.4314831E-01  0.4785000E+01  0.5000000E+01  0.1000000E+01  0.1000000E+00
  0.3345895E+01  0.4318043E-01  0.4780000E+01  0.5000000E+01  0.1000000E+01  0.1000000E+00
  0.3345904E+01  0.4321261E-01  0.4775000E+01  0.5000000E+01  0.1000000E+01  0.1000000E+00
  0.3345913E+01  0.4324488E-01  0.4770000E+01  0.5000000E+01  0.1000000E+01  0.1000000E+00
  0.3345923E+01  0.4327722E-01  0.4765000E+01  0.5000000E+01  0.1000000E+01  0.1000000E+00
  0.3345932E+01  0.4330963E-01  0.4760000E+01  0.5000000E+01  0.1000000E+01  0.1000000E+00
  0.3345941E+01  0.4334212E-01  0.4755000E+01  0.5000000E+01  0.1000000E+01  0.1000000E+00
  0.3345950E+01  0.4337468E-01  0.4750000E+01  0.5000000E+01  0.1000000E+01  0.1000000E+00
  0.3345959E+01  0.4340732E-01  0.4745000E+01  0.5000000E+01  0.1000000E+01  0.1000000E+00
  0.3345969E+01  0.4344004E-01  0.4740000E+01  0.5000000E+01  0.1000000E+01  0.1000000E+00
  0.3345978E+01  0.4347283E-01  0.4735000E+01  0.5000000E+01  0.1000000E+01  0.1000000E+00
  0.3345987E+01  0.4350570E-01  0.4730000E+01  0.5000000E+01  0.1000000E+01  0.1000000E+00
  0.3345997E+01  0.4353865E-01  0.4725000E+01  0.5000000E+01  0.1000000E+01  0.1000000E+00
  0.3346006E+01  0.4357167E-01  0.4720000E+01  0.5000000E+01  0.1000000E+01  0.1000000E+00
  0.3346015E+01  0.4360477E-01  0.4715000E+01  0.5000000E+01  0.1000000E+01  0.1000000E+00
  0.3346025E+01  0.4363795E-01  0.4710000E+01  0.5000000E+01  0.1000000E+01  0.1000000E+00
  0.3346034E+01  0.4367121E-01  0.4705000E+01  0.5000000E+01  0.1000000E+01  0.1000000E+00
  0.3346043E+01  0.4370454E-01  0.4700000E+01  0.5000000E+01  0.1000000E+01  0.1000000E+00
  0.3346053E+01  0.4373796E-01  0.4695000E+01  0.5000000E+01  0.1000000E+01  0.1000000E+00
  0.3346062E+01  0.4377145E-01  0.4690000E+01  0.5000000E+01  0.1000000E+01  0.1000000E+00
  0.3346072E+01  0.4380502E-01  0.4685000E+01  0.5000000E+01  0.1000000E+01  0.1000000E+00
  0.3346081E+01  0.4383867E-01  0.4680000E+01  0.5000000E+01  0.1000000E+01  0.1000000E+00
  0.3346091E+01  0.4387240E-01  0.4675000E+01  0.5000000E+01  0.1000000E+01  0.1000000E+00
  0.3346100E+01  0.4390621E-01  0.4670000E+01  0.5000000E+01  0.1000000E+01  0.1000000E+00
  0.3346110E+01  0.4394010E-01  0.4665000E+01  0.5000000E+01  0.1000000E+01  0.1000000E+00
  0.3346119E+01  0.4397407E-01  0.4660000E+01  0.5000000E+01  0.1000000E+01  0.1000000E+00
  0.3346129E+01  0.4400812E-01  0.4655000E+01  0.5000000E+01  0.1000000E+01  0.1000000E+00
  0.3346138E+01  0.4404225E-01  0.4650000E+01  0.5000000E+01  0.1000000E+01  0.1000000E+00
  0.3346148E+01  0.4407647E-01  0.4645000E+01  0.5000000E+01  0.1000000E+01  0.1000000E+00
  0.3346158E+01  0.4411076E-01  0.4640000E+01  0.5000000E+01  0.1000000E+01  0.1000000E+00
  0.3346167E+01  0.4414513E-01  0.4635000E+01  0.5000000E+01  0.1000000E+01  0.1000000E+00
  0.3346177E+01  0.4417959E-01  0.4630000E+01  0.5000000E+01  0.1000000E+01  0.1000000E+00
  0.3346187E+01  0.4421413E-01  0.4625000E+01  0.5000000E+01  0.1000000E+01  0.1000000E+00
  0.3346196E+01  0.4424875E-01  0.4620000E+01  0.5000000E+01  0.1000000E+01  0.1000000E+00
  0.3346206E+01  0.4428346E-01  0.4615000E+01  0.5000000E+01  0.1000000E+01  0.1000000E+00
  0.3346216E+01  0.4431824E-01  0.4610000E+01  0.5000000E+01  0.1000000E+01  0.1000000E+00
  0.3346226E+01  0.4435312E-01  0.4605000E+01  0.5000000E+01  0.1000000E+01  0.1000000E+00
  0.3346235E+01  0.4438807E-01  0.4600000E+01  0.5000000E+01  0.1000000E+01  0.1000000E+00
  0.3346245E+01  0.4442311E-01  0.4595000E+01  0.5000000E+01  0.1000000E+01  0.1000000E+00
  0.3346255E+01  0.4445823E-01  0.4590000E+01  0.5000000E+01  0.1000000E+01  0.1000000E+00
  0.3346265E+01  0.4449344E-01  0.4585000E+01  0.5000000E+01  0.1000000E+01  0.1000000E+00
  0.3346275E+01  0.4452873E-01  0.4580000E+01  0.5000000E+01  0.1000000E+01  0.1000000E+00
  0.3346284E+01  0.4456410E-01  0.4575000E+01  0.5000000E+01  0.1000000E+01  0.1000000E+00
  0.3346294E+01  0.4459956E-01  0.4570000E+01  0.5000000E+01  0.1000000E+01  0.1000000E+00
  0.3346304E+01  0.4463511E-01  0.4565000E+01  0.5000000E+01  0.1000000E+01  0.1000000E+00
  0.3346314E+01  0.4467074E-01  0.4560000E+01  0.5000000E+01  0.1000000E+01  0.1000000E+00
  0.3346324E+01  0.4470646E-01  0.4555000E+01  0.5000000E+01  0.1000000E+01  0.1000000E+00
  0.3346334E+01  0.4474227E-01  0.4550000E+01  0.5000000E+01  0.1000000E+01  0.1000000E+00
  0.3346344E+01  0.4477816E-01  0.4545000E+01  0.5000000E+01  0.1000000E+01  0.1000000E+00
  0.3346354E+01  0.4481414E-01  0.4540000E+01  0.5000000E+01  0.1000000E+01  0.1000000E+00
  0.3346364E+01  0.4485020E-01  0.4535000E+01  0.5000000E+01  0.1000000E+01  0.1000000E+00
  0.3346374E+01  0.4488635E-01  0.4530000E+01  0.5000000E+01  0.1000000E+01  0.1000000E+00
  0.3346384E+01  0.4492259E-01  0.4525000E+01  0.5000000E+01  0.1000000E+01  0.1000000E+00
  0.3346394E+01  0.4495892E-01  0.4520000E+01  0.5000000E+01  0.1000000E+01  0.1000000E+00
  0.3346404E+01  0.4499534E-01  0.4515000E+01  0.5000000E+01  0.1000000E+01  0.1000000E+00
  0.3346415E+01  0.4503185E-01  0.4510000E+01  0.5000000E+01  0.1000000E+01  0.1000000E+00
  0.3346425E+01  0.4506844E-01  0.4505000E+01  0.5000000E+01  0.1000000E+01  0.1000000E+00
  0.3346435E+01  0.4510513E-01  0.4500000E+01  0.5000000E+01  0.1000000E+01  0.1000000E+00
  0.3346445E+01  0.4514190E-01  0.4495000E+01  0.5000000E+01  0.1000000E+01  0.1000000E+00
  0.3346455E+01  0.4517876E-01  0.4490000E+01  0.5000000E+01  0.1000000E+01  0.1000000E+00
  0.3346465E+01  0.4521572E-01  0.4485000E+01  0.5000000E+01  0.1000000E+01  0.1000000E+00
  0.3346476E+01  0.4525276E-01  0.4480000E+01  0.5000000E+01  0.1000000E+01  0.1000000E+00
  0.3346486E+01  0.4528990E-01  0.4475000E+01  0.5000000E+01  0.1000000E+01  0.1000000E+00
  0.3346496E+01  0.4532713E-01  0.4470000E+01  0.5000000E+01  0.1000000E+01  0.1000000E+00
  0.3346507E+01  0.4536444E-01  0.4465000E+01  0.5000000E+01  0.1000000E+01  0.1000000E+00
  0.3346517E+01  0.4540185E-01  0.4460000E+01  0.5000000E+01  0.1000000E+01  0.1000000E+00
  0.3346527E+01  0.4543936E-01  0.4455000E+01  0.5000000E+01  0.1000000E+01  0.1000000E+00
  0.3346538E+01  0.4547695E-01  0.4450000E+01  0.5000000E+01  0.1000000E+01  0.1000000E+00
  0.3346548E+01  0.4551464E-01  0.4445000E+01  0.5000000E+01  0.1000000E+01  0.1000000E+00
  0.3346558E+01  0.4555242E-01  0.4440000E+01  0.5000000E+01  0.1000000E+01  0.1000000E+00
  0.3346569E+01  0.4559029E-01  0.4435000E+01  0.5000000E+01  0.1000000E+01  0.1000000E+00
  0.3346579E+01  0.4562826E-01  0.4430000E+01  0.5000000E+01  0.1000000E+01  0.1000000E+00
  0.3346590E+01  0.4566632E-01  0.4425000E+01  0.5000000E+01  0.1000000E+01  0.1000000E+00
  0.3346600E+01  0.4570448E-01  0.4420000E+01  0.5000000E+01  0.1000000E+01  0.1000000E+00
  0.3346611E+01  0.4574273E-01  0.4415000E+01  0.5000000E+01  0.1000000E+01  0.1000000E+00
  0.3346621E+01  0.4578107E-01  0.4410000E+01  0.5000000E+01  0.1000000E+01  0.1000000E+00
  0.3346632E+01  0.4581951E-01  0.4405000E+01  0.5000000E+01  0.1000000E+01  0.1000000E+00
  0.3346642E+01  0.4585805E-01  0.4400000E+01  0.5000000E+01  0.1000000E+01  0.1000000E+00
  0.3346653E+01  0.4589668E-01  0.4395000E+01  0.5000000E+01  0.1000000E+01  0.1000000E+00
  0.3346664E+01  0.4593541E-01  0.4390000E+01  0.5000000E+01  0.1000000E+01  0.1000000E+00
  0.3346674E+01  0.4597424E-01  0.4385000E+01  0.5000000E+01  0.1000000E+01  0.1000000E+00
  0.3346685E+01  0.4601316E-01  0.4380000E+01  0.5000000E+01  0.1000000E+01  0.1000000E+00
  0.3346696E+01  0.4605218E-01  0.4375000E+01  0.5000000E+01  0.1000000E+01  0.1000000E+00
  0.3346706E+01  0.4609130E-01  0.4370000E+01  0.5000000E+01  0.1000000E+01  0.1000000E+00
  0.3346717E+01  0.4613051E-01  0.4365000E+01  0.5000000E+01  0.1000000E+01  0.1000000E+00
  0.3346728E+01  0.4616983E-01  0.4360000E+01  0.5000000E+01  0.1000000E+01  0.1000000E+00
  0.3346739E+01  0.4620924E-01  0.4355000E+01  0.5000000E+01  0.1000000E+01  0.1000000E+00
  0.3346750E+01  0.4624875E-01  0.4350000E+01  0.5000000E+01  0.1000000E+01  0.1000000E+00
  0.3346760E+01  0.4628836E-01  0.4345000E+01  0.5000000E+01  0.1000000E+01  0.1000000E+00
  0.3346771E+01  0.4632807E-01  0.4340000E+01  0.5000000E+01  0.1000000E+01  0.1000000E+00
  0.3346782E+01  0.4636789E-01  0.4335000E+01  0.5000000E+01  0.1000000E+01  0.1000000E+00
  0.3346793E+01  0.4640780E-01  0.4330000E+01  0.5000000E+01  0.1000000E+01  0.1000000E+00
  0.3346804E+01  0.4644781E-01  0.4325000E+01  0.5000000E+01  0.1000000E+01  0.1000000E+00
  0.3346815E+01  0.4648792E-01  0.4320000E+01  0.5000000E+01  0.1000000E+01  0.1000000E+00
  0.3346826E+01  0.4652814E-01  0.4315000E+01  0.5000000E+01  0.1000000E+01  0.1000000E+00
  0.3346837E+01  0.4656846E-01  0.4310000E+01  0.5000000E+01  0.1000000E+01  0.1000000E+00
  0.3346848E+01  0.4660888E-01  0.4305000E+01  0.5000000E+01  0.1000000E+01  0.1000000E+00
  0.3346859E+01  0.4664940E-01  0.4300000E+01  0.5000000E+01  0.1000000E+01  0.1000000E+00
  0.3346870E+01  0.4669002E-01  0.4295000E+01  0.5000000E+01  0.1000000E+01  0.1000000E+00
  0.3346881E+01  0.4673075E-01  0.4290000E+01  0.5000000E+01  0.1000000E+01  0.1000000E+00
  0.3346892E+01  0.4677159E-01  0.4285000E+01  0.5000000E+01  0.1000000E+01  0.1000000E+00
  0.3346903E+01  0.4681252E-01  0.4280000E+01  0.5000000E+01  0.1000000E+01  0.1000000E+00
  0.3346914E+01  0.4685356E-01  0.4275000E+01  0.5000000E+01  0.1000000E+01  0.1000000E+00
  0.3346925E+01  0.4689471E-01  0.4270000E+01  0.5000000E+01  0.1000000E+01  0.1000000E+00
  0.3346937E+01  0.4693596E-01  0.4265000E+01  0.5000000E+01  0.1000000E+01  0.1000000E+00
  0.3346948E+01  0.4697732E-01  0.4260000E+01  0.5000000E+01  0.1000000E+01  0.1000000E+00
  0.3346959E+01  0.4701878E-01  0.4255000E+01  0.5000000E+01  0.1000000E+01  0.1000000E+00
  0.3346970E+01  0.4706035E-01  0.4250000E+01  0.5000000E+01  0.1000000E+01  0.1000000E+00
  0.3346982E+01  0.4710203E-01  0.4245000E+01  0.5000000E+01  0.1000000E+01  0.1000000E+00
  0.3346993E+01  0.4714381E-01  0.4240000E+01  0.5000000E+01  0.1000000E+01  0.1000000E+00
  0.3347004E+01  0.4718570E-01  0.4235000E+01  0.5000000E+01  0.1000000E+01  0.1000000E+00
  0.3347016E+01  0.4722770E-01  0.4230000E+01  0.5000000E+01  0.1000000E+01  0.1000000E+00
  0.3347027E+01  0.4726981E-01  0.4225000E+01  0.5000000E+01  0.1000000E+01  0.1000000E+00
  0.3347038E+01  0.4731203E-01  0.4220000E+01  0.5000000E+01  0.1000000E+01  0.1000000E+00
  0.3347050E+01  0.4735435E-01  0.4215000E+01  0.5000000E+01  0.1000000E+01  0.1000000E+00
  0.3347061E+01  0.4739679E-01  0.4210000E+01  0.5000000E+01  0.1000000E+01  0.1000000E+00
  0.3347073E+01  0.4743933E-01  0.4205000E+01  0.5000000E+01  0.1000000E+01  0.1000000E+00
  0.3347084E+01  0.4748199E-01  0.4200000E+01  0.5000000E+01  0.1000000E+01  0.1000000E+00
  0.3347096E+01  0.4752475E-01  0.4195000E+01  0.5000000E+01  0.1000000E+01  0.1000000E+00
  0.3347107E+01  0.4756763E-01  0.4190000E+01  0.5000000E+01  0.1000000E+01  0.1000000E+00
  0.3347119E+01  0.4761062E-01  0.4185000E+01  0.5000000E+01  0.1000000E+01  0.1000000E+00
  0.3347131E+01  0.4765372E-01  0.4180000E+01  0.5000000E+01  0.1000000E+01  0.1000000E+00
  0.3347142E+01  0.4769693E-01  0.4175000E+01  0.5000000E+01  0.1000000E+01  0.1000000E+00
  0.3347154E+01  0.4774026E-01  0.4170000E+01  0.5000000E+01  0.1000000E+01  0.1000000E+00
  0.3347166E+01  0.4778370E-01  0.4165000E+01  0.5000000E+01  0.1000000E+01  0.1000000E+00
  0.3347177E+01  0.4782725E-01  0.4160000E+01  0.5000000E+01  0.1000000E+01  0.1000000E+00
  0.3347189E+01  0.4787092E-01  0.4155000E+01  0.5000000E+01  0.1000000E+01  0.1000000E+00
  0.3347201E+01  0.4791470E-01  0.4150000E+01  0.5000000E+01  0.1000000E+01  0.1000000E+00
  0.3347213E+01  0.4795860E-01  0.4145000E+01  0.5000000E+01  0.1000000E+01  0.1000000E+00
  0.3347224E+01  0.4800261E-01  0.4140000E+01  0.5000000E+01  0.1000000E+01  0.1000000E+00
  0.3347236E+01  0.4804674E-01  0.4135000E+01  0.5000000E+01  0.1000000E+01  0.1000000E+00
  0.3347248E+01  0.4809098E-01  0.4130000E+01  0.5000000E+01  0.1000000E+01  0.1000000E+00
  0.3347260E+01  0.4813534E-01  0.4125000E+01  0.5000000E+01  0.1000000E+01  0.1000000E+00
  0.3347272E+01  0.4817982E-01  0.4120000E+01  0.5000000E+01  0.1000000E+01  0.1000000E+00
  0.3347284E+01  0.4822442E-01  0.4115000E+01  0.5000000E+01  0.1000000E+01  0.1000000E+00
  0.3347296E+01  0.4826913E-01  0.4110000E+01  0.5000000E+01  0.1000000E+01  0.1000000E+00
  0.3347308E+01  0.4831396E-01  0.4105000E+01  0.5000000E+01  0.1000000E+01  0.1000000E+00
  0.3347320E+01  0.4835891E-01  0.4100000E+01  0.5000000E+01  0.1000000E+01  0.1000000E+00
  0.3347332E+01  0.4840398E-01  0.4095000E+01  0.5000000E+01  0.1000000E+01  0.1000000E+00
  0.3347344E+01  0.4844917E-01  0.4090000E+01  0.5000000E+01  0.1000000E+01  0.1000000E+00
  0.3347356E+01  0.4849448E-01  0.4085000E+01  0.5000000E+01  0.1000000E+01  0.1000000E+00
  0.3347368E+01  0.4853991E-01  0.4080000E+01  0.5000000E+01  0.1000000E+01  0.1000000E+00
  0.3347380E+01  0.4858546E-01  0.4075000E+01  0.5000000E+01  0.1000000E+01  0.1000000E+00
  0.3347393E+01  0.4863114E-01  0.4070000E+01  0.5000000E+01  0.1000000E+01  0.1000000E+00
  0.3347405E+01  0.4867693E-01  0.4065000E+01  0.5000000E+01  0.1000000E+01  0.1000000E+00
  0.3347417E+01  0.4872285E-01  0.4060000E+01  0.5000000E+01  0.1000000E+01  0.1000000E+00
  0.3347429E+01  0.4876889E-01  0.4055000E+01  0.5000000E+01  0.1000000E+01  0.1000000E+00
  0.3347442E+01  0.4881506E-01  0.4050000E+01  0.5000000E+01  0.1000000E+01  0.1000000E+00
  0.3347454E+01  0.4886134E-01  0.4045000E+01  0.5000000E+01  0.1000000E+01  0.1000000E+00
  0.3347466E+01  0.4890776E-01  0.4040000E+01  0.5000000E+01  0.1000000E+01  0.1000000E+00
  0.3347479E+01  0.4895429E-01  0.4035000E+01  0.5000000E+01  0.1000000E+01  0.1000000E+00
  0.3347491E+01  0.4900096E-01  0.4030000E+01  0.5000000E+01  0.1000000E+01  0.1000000E+00
  0.3347503E+01  0.4904775E-01  0.4025000E+01  0.5000000E+01  0.1000000E+01  0.1000000E+00
  0.3347516E+01  0.4909466E-01  0.4020000E+01  0.5000000E+01  0.1000000E+01  0.1000000E+00
  0.3347528E+01  0.4914170E-01  0.4015000E+01  0.5000000E+01  0.1000000E+01  0.1000000E+00
  0.3347541E+01  0.4918887E-01  0.4010000E+01  0.5000000E+01  0.1000000E+01  0.1000000E+00
  0.3347553E+01  0.4923617E-01  0.4005000E+01  0.5000000E+01  0.1000000E+01  0.1000000E+00
  0.3347566E+01  0.4928360E-01  0.4000000E+01  0.5000000E+01  0.1000000E+01  0.1000000E+00
  0.3347579E+01  0.4933115E-01  0.3995000E+01  0.5000000E+01  0.1000000E+01  0.1000000E+00
  0.3347591E+01  0.4937883E-01  0.3990000E+01  0.5000000E+01  0.1000000E+01  0.1000000E+00
  0.3347604E+01  0.4942665E-01  0.3985000E+01  0.5000000E+01  0.1000000E+01  0.1000000E+00
  0.3347617E+01  0.4947459E-01  0.3980000E+01  0.5000000E+01  0.1000000E+01  0.1000000E+00
  0.3347629E+01  0.4952266E-01  0.3975000E+01  0.5000000E+01  0.1000000E+01  0.1000000E+00
  0.3347642E+01  0.4957087E-01  0.3970000E+01  0.5000000E+01  0.1000000E+01  0.1000000E+00
  0.3347655E+01  0.4961921E-01  0.3965000E+01  0.5000000E+01  0.1000000E+01  0.1000000E+00
  0.3347668E+01  0.4966768E-01  0.3960000E+01  0.5000000E+01  0.1000000E+01  0.1000000E+00
  0.3347681E+01  0.4971628E-01  0.3955000E+01  0.5000000E+01  0.1000000E+01  0.1000000E+00
  0.3347693E+01  0.4976501E-01  0.3950000E+01  0.5000000E+01  0.1000000E+01  0.1000000E+00
  0.3347706E+01  0.4981388E-01  0.3945000E+01  0.5000000E+01  0.1000000E+01  0.1000000E+00
  0.3347719E+01  0.4986289E-01  0.3940000E+01  0.5000000E+01  0.1000000E+01  0.1000000E+00
  0.3347732E+01  0.4991203E-01  0.3935000E+01  0.5000000E+01  0.1000000E+01  0.1000000E+00
  0.3347745E+01  0.4996130E-01  0.3930000E+01  0.5000000E+01  0.1000000E+01  0.1000000E+00
  0.3347758E+01  0.5001071E-01  0.3925000E+01  0.5000000E+01  0.1000000E+01  0.1000000E+00
  0.3347771E+01  0.5006026E-01  0.3920000E+01  0.5000000E+01  0.1000000E+01  0.1000000E+00
  0.3347784E+01  0.5010994E-01  0.3915000E+01  0.5000000E+01  0.1000000E+01  0.1000000E+00
  0.3347797E+01  0.5015977E-01  0.3910000E+01  0.5000000E+01  0.1000000E+01  0.1000000E+00
  0.3347811E+01  0.5020973E-01  0.3905000E+01  0.5000000E+01  0.1000000E+01  0.1000000E+00
  0.3347824E+01  0.5025982E-01  0.3900000E+01  0.5000000E+01  0.1000000E+01  0.1000000E+00
  0.3347837E+01  0.5031006E-01  0.3895000E+01  0.5000000E+01  0.1000000E+01  0.1000000E+00
  0.3347850E+01  0.5036044E-01  0.3890000E+01  0.5000000E+01  0.1000000E+01  0.1000000E+00
  0.3347863E+01  0.5041096E-01  0.3885000E+01  0.5000000E+01  0.1000000E+01  0.1000000E+00
  0.3347877E+01  0.5046162E-01  0.3880000E+01  0.5000000E+01  0.1000000E+01  0.1000000E+00
  0.3347890E+01  0.5051242E-01  0.3875000E+01  0.5000000E+01  0.1000000E+01  0.1000000E+00
  0.3347903E+01  0.5056336E-01  0.3870000E+01  0.5000000E+01  0.1000000E+01  0.1000000E+00
  0.3347917E+01  0.5061445E-01  0.3865000E+01  0.5000000E+01  0.1000000E+01  0.1000000E+00
  0.3347930E+01  0.5066568E-01  0.3860000E+01  0.5000000E+01  0.1000000E+01  0.1000000E+00
  0.3347944E+01  0.5071705E-01  0.3855000E+01  0.5000000E+01  0.1000000E+01  0.1000000E+00
  0.3347957E+01  0.5076856E-01  0.3850000E+01  0.5000000E+01  0.1000000E+01  0.1000000E+00
  0.3347971E+01  0.5082023E-01  0.3845000E+01  0.5000000E+01  0.1000000E+01  0.1000000E+00
  0.3347984E+01  0.5087203E-01  0.3840000E+01  0.5000000E+01  0.1000000E+01  0.1000000E+00
  0.3347998E+01  0.5092399E-01  0.3835000E+01  0.5000000E+01  0.1000000E+01  0.1000000E+00
  0.3348011E+01  0.5097609E-01  0.3830000E+01  0.5000000E+01  0.1000000E+01  0.1000000E+00
  0.3348025E+01  0.5102834E-01  0.3825000E+01  0.5000000E+01  0.1000000E+01  0.1000000E+00
  0.3348039E+01  0.5108073E-01  0.3820000E+01  0.5000000E+01  0.1000000E+01  0.1000000E+00
  0.3348052E+01  0.5113327E-01  0.3815000E+01  0.5000000E+01  0.1000000E+01  0.1000000E+00
  0.3348066E+01  0.5118597E-01  0.3810000E+01  0.5000000E+01  0.1000000E+01  0.1000000E+00
  0.3348080E+01  0.5123881E-01  0.3805000E+01  0.5000000E+01  0.1000000E+01  0.1000000E+00
  0.3348094E+01  0.5129180E-01  0.3800000E+01  0.5000000E+01  0.1000000E+01  0.1000000E+00
  0.3348108E+01  0.5134495E-01  0.3795000E+01  0.5000000E+01  0.1000000E+01  0.1000000E+00
  0.3348122E+01  0.5139824E-01  0.3790000E+01  0.5000000E+01  0.1000000E+01  0.1000000E+00
  0.3348135E+01  0.5145169E-01  0.3785000E+01  0.5000000E+01  0.1000000E+01  0.1000000E+00
  0.3348149E+01  0.5150529E-01  0.3780000E+01  0.5000000E+01  0.1000000E+01  0.1000000E+00
  0.3348163E+01  0.5155905E-01  0.3775000E+01  0.5000000E+01  0.1000000E+01  0.1000000E+00
  0.3348177E+01  0.5161296E-01  0.3770000E+01  0.5000000E+01  0.1000000E+01  0.1000000E+00
  0.3348191E+01  0.5166702E-01  0.3765000E+01  0.5000000E+01  0.1000000E+01  0.1000000E+00
  0.3348206E+01  0.5172124E-01  0.3760000E+01  0.5000000E+01  0.1000000E+01  0.1000000E+00
  0.3348220E+01  0.5177561E-01  0.3755000E+01  0.5000000E+01  0.1000000E+01  0.1000000E+00
  0.3348234E+01  0.5183014E-01  0.3750000E+01  0.5000000E+01  0.1000000E+01  0.1000000E+00
  0.3348248E+01  0.5188483E-01  0.3745000E+01  0.5000000E+01  0.1000000E+01  0.1000000E+00
  0.3348262E+01  0.5193968E-01  0.3740000E+01  0.5000000E+01  0.1000000E+01  0.1000000E+00
  0.3348276E+01  0.5199468E-01  0.3735000E+01  0.5000000E+01  0.1000000E+01  0.1000000E+00
  0.3348291E+01  0.5204985E-01  0.3730000E+01  0.5000000E+01  0.1000000E+01  0.1000000E+00
  0.3348305E+01  0.5210517E-01  0.3725000E+01  0.5000000E+01  0.1000000E+01  0.1000000E+00
  0.3348319E+01  0.5216066E-01  0.3720000E+01  0.5000000E+01  0.1000000E+01  0.1000000E+00
  0.3348334E+01  0.5221630E-01  0.3715000E+01  0.5000000E+01  0.1000000E+01  0.1000000E+00
  0.3348348E+01  0.5227211E-01  0.3710000E+01  0.5000000E+01  0.1000000E+01  0.1000000E+00
  0.3348363E+01  0.5232808E-01  0.3705000E+01  0.5000000E+01  0.1000000E+01  0.1000000E+00
  0.3348377E+01  0.5238422E-01  0.3700000E+01  0.5000000E+01  0.1000000E+01  0.1000000E+00
  0.3348392E+01  0.5244051E-01  0.3695000E+01  0.5000000E+01  0.1000000E+01  0.1000000E+00
  0.3348406E+01  0.5249698E-01  0.3690000E+01  0.5000000E+01  0.1000000E+01  0.1000000E+00
  0.3348421E+01  0.5255361E-01  0.3685000E+01  0.5000000E+01  0.1000000E+01  0.1000000E+00
  0.3348436E+01  0.5261040E-01  0.3680000E+01  0.5000000E+01  0.1000000E+01  0.1000000E+00
  0.3348450E+01  0.5266736E-01  0.3675000E+01  0.5000000E+01  0.1000000E+01  0.1000000E+00
  0.3348465E+01  0.5272449E-01  0.3670000E+01  0.5000000E+01  0.1000000E+01  0.1000000E+00
  0.3348480E+01  0.5278179E-01  0.3665000E+01  0.5000000E+01  0.1000000E+01  0.1000000E+00
  0.3348495E+01  0.5283925E-01  0.3660000E+01  0.5000000E+01  0.1000000E+01  0.1000000E+00
  0.3348510E+01  0.5289689E-01  0.3655000E+01  0.5000000E+01  0.1000000E+01  0.1000000E+00
  0.3348524E+01  0.5295470E-01  0.3650000E+01  0.5000000E+01  0.1000000E+01  0.1000000E+00
  0.3348539E+01  0.5301267E-01  0.3645000E+01  0.5000000E+01  0.1000000E+01  0.1000000E+00
  0.3348554E+01  0.5307082E-01  0.3640000E+01  0.5000000E+01  0.1000000E+01  0.1000000E+00
  0.3348569E+01  0.5312914E-01  0.3635000E+01  0.5000000E+01  0.1000000E+01  0.1000000E+00
  0.3348584E+01  0.5318764E-01  0.3630000E+01  0.5000000E+01  0.1000000E+01  0.1000000E+00
  0.3348599E+01  0.5324631E-01  0.3625000E+01  0.5000000E+01  0.1000000E+01  0.1000000E+00
  0.3348615E+01  0.5330515E-01  0.3620000E+01  0.5000000E+01  0.1000000E+01  0.1000000E+00
  0.3348630E+01  0.5336417E-01  0.3615000E+01  0.5000000E+01  0.1000000E+01  0.1000000E+00
  0.3348645E+01  0.5342337E-01  0.3610000E+01  0.5000000E+01  0.1000000E+01  0.1000000E+00
  0.3348660E+01  0.5348274E-01  0.3605000E+01  0.5000000E+01  0.1000000E+01  0.1000000E+00
  0.3348675E+01  0.5354229E-01  0.3600000E+01  0.5000000E+01  0.1000000E+01  0.1000000E+00
  0.3348691E+01  0.5360202E-01  0.3595000E+01  0.5000000E+01  0.1000000E+01  0.1000000E+00
  0.3348706E+01  0.5366193E-01  0.3590000E+01  0.5000000E+01  0.1000000E+01  0.1000000E+00
  0.3348721E+01  0.5372202E-01  0.3585000E+01  0.5000000E+01  0.1000000E+01  0.1000000E+00
  0.3348737E+01  0.5378229E-01  0.3580000E+01  0.5000000E+01  0.1000000E+01  0.1000000E+00
  0.3348752E+01  0.5384274E-01  0.3575000E+01  0.5000000E+01  0.1000000E+01  0.1000000E+00
  0.3348768E+01  0.5390337E-01  0.3570000E+01  0.5000000E+01  0.1000000E+01  0.1000000E+00
  0.3348783E+01  0.5396419E-01  0.3565000E+01  0.5000000E+01  0.1000000E+01  0.1000000E+00
  0.3348799E+01  0.5402519E-01  0.3560000E+01  0.5000000E+01  0.1000000E+01  0.1000000E+00
  0.3348815E+01  0.5408638E-01  0.3555000E+01  0.5000000E+01  0.1000000E+01  0.1000000E+00
  0.3348830E+01  0.5414776E-01  0.3550000E+01  0.5000000E+01  0.1000000E+01  0.1000000E+00
  0.3348846E+01  0.5420931E-01  0.3545000E+01  0.5000000E+01  0.1000000E+01  0.1000000E+00
  0.3348862E+01  0.5427106E-01  0.3540000E+01  0.5000000E+01  0.1000000E+01  0.1000000E+00
  0.3348878E+01  0.5433300E-01  0.3535000E+01  0.5000000E+01  0.1000000E+01  0.1000000E+00
  0.3348893E+01  0.5439512E-01  0.3530000E+01  0.5000000E+01  0.1000000E+01  0.1000000E+00
  0.3348909E+01  0.5445744E-01  0.3525000E+01  0.5000000E+01  0.1000000E+01  0.1000000E+00
  0.3348925E+01  0.5451994E-01  0.3520000E+01  0.5000000E+01  0.1000000E+01  0.1000000E+00
  0.3348941E+01  0.5458264E-01  0.3515000E+01  0.5000000E+01  0.1000000E+01  0.1000000E+00
  0.3348957E+01  0.5464553E-01  0.3510000E+01  0.5000000E+01  0.1000000E+01  0.1000000E+00
  0.3348973E+01  0.5470861E-01  0.3505000E+01  0.5000000E+01  0.1000000E+01  0.1000000E+00
  0.3348989E+01  0.5477189E-01  0.3500000E+01  0.5000000E+01  0.1000000E+01  0.1000000E+00
  0.3349005E+01  0.5483536E-01  0.3495000E+01  0.5000000E+01  0.1000000E+01  0.1000000E+00
  0.3349022E+01  0.5489903E-01  0.3490000E+01  0.5000000E+01  0.1000000E+01  0.1000000E+00
  0.3349038E+01  0.5496289E-01  0.3485000E+01  0.5000000E+01  0.1000000E+01  0.1000000E+00
  0.3349054E+01  0.5502695E-01  0.3480000E+01  0.5000000E+01  0.1000000E+01  0.1000000E+00
  0.3349070E+01  0.5509122E-01  0.3475000E+01  0.5000000E+01  0.1000000E+01  0.1000000E+00
  0.3349087E+01  0.5515568E-01  0.3470000E+01  0.5000000E+01  0.1000000E+01  0.1000000E+00
  0.3349103E+01  0.5522034E-01  0.3465000E+01  0.5000000E+01  0.1000000E+01  0.1000000E+00
  0.3349120E+01  0.5528520E-01  0.3460000E+01  0.5000000E+01  0.1000000E+01  0.1000000E+00
  0.3349136E+01  0.5535026E-01  0.3455000E+01  0.5000000E+01  0.1000000E+01  0.1000000E+00
  0.3349153E+01  0.5541553E-01  0.3450000E+01  0.5000000E+01  0.1000000E+01  0.1000000E+00
  0.3349169E+01  0.5548100E-01  0.3445000E+01  0.5000000E+01  0.1000000E+01  0.1000000E+00
  0.3349186E+01  0.5554668E-01  0.3440000E+01  0.5000000E+01  0.1000000E+01  0.1000000E+00
  0.3349202E+01  0.5561257E-01  0.3435000E+01  0.5000000E+01  0.1000000E+01  0.1000000E+00
  0.3349219E+01  0.5567866E-01  0.3430000E+01  0.5000000E+01  0.1000000E+01  0.1000000E+00
  0.3349236E+01  0.5574495E-01  0.3425000E+01  0.5000000E+01  0.1000000E+01  0.1000000E+00
  0.3349253E+01  0.5581146E-01  0.3420000E+01  0.5000000E+01  0.1000000E+01  0.1000000E+00
  0.3349270E+01  0.5587818E-01  0.3415000E+01  0.5000000E+01  0.1000000E+01  0.1000000E+00
  0.3349287E+01  0.5594510E-01  0.3410000E+01  0.5000000E+01  0.1000000E+01  0.1000000E+00
  0.3349303E+01  0.5601224E-01  0.3405000E+01  0.5000000E+01  0.1000000E+01  0.1000000E+00
  0.3349320E+01  0.5607959E-01  0.3400000E+01  0.5000000E+01  0.1000000E+01  0.1000000E+00
  0.3349338E+01  0.5614716E-01  0.3395000E+01  0.5000000E+01  0.1000000E+01  0.1000000E+00
  0.3349355E+01  0.5621494E-01  0.3390000E+01  0.5000000E+01  0.1000000E+01  0.1000000E+00
  0.3349372E+01  0.5628293E-01  0.3385000E+01  0.5000000E+01  0.1000000E+01  0.1000000E+00
  0.3349389E+01  0.5635115E-01  0.3380000E+01  0.5000000E+01  0.1000000E+01  0.1000000E+00
  0.3349406E+01  0.5641958E-01  0.3375000E+01  0.5000000E+01  0.1000000E+01  0.1000000E+00
  0.3349423E+01  0.5648822E-01  0.3370000E+01  0.5000000E+01  0.1000000E+01  0.1000000E+00
  0.3349441E+01  0.5655709E-01  0.3365000E+01  0.5000000E+01  0.1000000E+01  0.1000000E+00
  0.3349458E+01  0.5662618E-01  0.3360000E+01  0.5000000E+01  0.1000000E+01  0.1000000E+00
  0.3349476E+01  0.5669549E-01  0.3355000E+01  0.5000000E+01  0.1000000E+01  0.1000000E+00
  0.3349493E+01  0.5676503E-01  0.3350000E+01  0.5000000E+01  0.1000000E+01  0.1000000E+00
  0.3349511E+01  0.5683478E-01  0.3345000E+01  0.5000000E+01  0.1000000E+01  0.1000000E+00
  0.3349528E+01  0.5690477E-01  0.3340000E+01  0.5000000E+01  0.1000000E+01  0.1000000E+00
  0.3349546E+01  0.5697497E-01  0.3335000E+01  0.5000000E+01  0.1000000E+01  0.1000000E+00
  0.3349564E+01  0.5704541E-01  0.3330000E+01  0.5000000E+01  0.1000000E+01  0.1000000E+00
  0.3349581E+01  0.5711607E-01  0.3325000E+01  0.5000000E+01  0.1000000E+01  0.1000000E+00
  0.3349599E+01  0.5718697E-01  0.3320000E+01  0.5000000E+01  0.1000000E+01  0.1000000E+00
  0.3349617E+01  0.5725809E-01  0.3315000E+01  0.5000000E+01  0.1000000E+01  0.1000000E+00
  0.3349635E+01  0.5732944E-01  0.3310000E+01  0.5000000E+01  0.1000000E+01  0.1000000E+00
  0.3349653E+01  0.5740103E-01  0.3305000E+01  0.5000000E+01  0.1000000E+01  0.1000000E+00
  0.3349671E+01  0.5747285E-01  0.3300000E+01  0.5000000E+01  0.1000000E+01  0.1000000E+00
  0.3349689E+01  0.5754490E-01  0.3295000E+01  0.5000000E+01  0.1000000E+01  0.1000000E+00
  0.3349707E+01  0.5761719E-01  0.3290000E+01  0.5000000E+01  0.1000000E+01  0.1000000E+00
  0.3349725E+01  0.5768972E-01  0.3285000E+01  0.5000000E+01  0.1000000E+01  0.1000000E+00
  0.3349743E+01  0.5776249E-01  0.3280000E+01  0.5000000E+01  0.1000000E+01  0.1000000E+00
  0.3349761E+01  0.5783549E-01  0.3275000E+01  0.5000000E+01  0.1000000E+01  0.1000000E+00
  0.3349780E+01  0.5790874E-01  0.3270000E+01  0.5000000E+01  0.1000000E+01  0.1000000E+00
  0.3349798E+01  0.5798223E-01  0.3265000E+01  0.5000000E+01  0.1000000E+01  0.1000000E+00
  0.3349816E+01  0.5805596E-01  0.3260000E+01  0.5000000E+01  0.1000000E+01  0.1000000E+00
  0.3349835E+01  0.5812993E-01  0.3255000E+01  0.5000000E+01  0.1000000E+01  0.1000000E+00
  0.3349853E+01  0.5820415E-01  0.3250000E+01  0.5000000E+01  0.1000000E+01  0.1000000E+00
  0.3349872E+01  0.5827861E-01  0.3245000E+01  0.5000000E+01  0.1000000E+01  0.1000000E+00
  0.3349891E+01  0.5835333E-01  0.3240000E+01  0.5000000E+01  0.1000000E+01  0.1000000E+00
  0.3349909E+01  0.5842829E-01  0.3235000E+01  0.5000000E+01  0.1000000E+01  0.1000000E+00
  0.3349928E+01  0.5850350E-01  0.3230000E+01  0.5000000E+01  0.1000000E+01  0.1000000E+00
  0.3349947E+01  0.5857896E-01  0.3225000E+01  0.5000000E+01  0.1000000E+01  0.1000000E+00
  0.3349966E+01  0.5865468E-01  0.3220000E+01  0.5000000E+01  0.1000000E+01  0.1000000E+00
  0.3349985E+01  0.5873064E-01  0.3215000E+01  0.5000000E+01  0.1000000E+01  0.1000000E+00
  0.3350004E+01  0.5880687E-01  0.3210000E+01  0.5000000E+01  0.1000000E+01  0.1000000E+00
  0.3350023E+01  0.5888335E-01  0.3205000E+01  0.5000000E+01  0.1000000E+01  0.1000000E+00
  0.3350042E+01  0.5896008E-01  0.3200000E+01  0.5000000E+01  0.1000000E+01  0.1000000E+00
  0.3350061E+01  0.5903708E-01  0.3195000E+01  0.5000000E+01  0.1000000E+01  0.1000000E+00
  0.3350080E+01  0.5911433E-01  0.3190000E+01  0.5000000E+01  0.1000000E+01  0.1000000E+00
  0.3350099E+01  0.5919185E-01  0.3185000E+01  0.5000000E+01  0.1000000E+01  0.1000000E+00
  0.3350119E+01  0.5926963E-01  0.3180000E+01  0.5000000E+01  0.1000000E+01  0.1000000E+00
  0.3350138E+01  0.5934767E-01  0.3175000E+01  0.5000000E+01  0.1000000E+01  0.1000000E+00
  0.3350157E+01  0.5942598E-01  0.3170000E+01  0.5000000E+01  0.1000000E+01  0.1000000E+00
  0.3350177E+01  0.5950455E-01  0.3165000E+01  0.5000000E+01  0.1000000E+01  0.1000000E+00
  0.3350196E+01  0.5958339E-01  0.3160000E+01  0.5000000E+01  0.1000000E+01  0.1000000E+00
  0.3350216E+01  0.5966251E-01  0.3155000E+01  0.5000000E+01  0.1000000E+01  0.1000000E+00
  0.3350236E+01  0.5974189E-01  0.3150000E+01  0.5000000E+01  0.1000000E+01  0.1000000E+00
  0.3350255E+01  0.5982154E-01  0.3145000E+01  0.5000000E+01  0.1000000E+01  0.1000000E+00
  0.3350275E+01  0.5990147E-01  0.3140000E+01  0.5000000E+01  0.1000000E+01  0.1000000E+00
  0.3350295E+01  0.5998167E-01  0.3135000E+01  0.5000000E+01  0.1000000E+01  0.1000000E+00
  0.3350315E+01  0.6006215E-01  0.3130000E+01  0.5000000E+01  0.1000000E+01  0.1000000E+00
  0.3350335E+01  0.6014290E-01  0.3125000E+01  0.5000000E+01  0.1000000E+01  0.1000000E+00
  0.3350355E+01  0.6022393E-01  0.3120000E+01  0.5000000E+01  0.1000000E+01  0.1000000E+00
  0.3350375E+01  0.6030525E-01  0.3115000E+01  0.5000000E+01  0.1000000E+01  0.1000000E+00
  0.3350395E+01  0.6038684E-01  0.3110000E+01  0.5000000E+01  0.1000000E+01  0.1000000E+00
  0.3350415E+01  0.6046872E-01  0.3105000E+01  0.5000000E+01  0.1000000E+01  0.1000000E+00
  0.3350436E+01  0.6055088E-01  0.3100000E+01  0.5000000E+01  0.1000000E+01  0.1000000E+00
  0.3350456E+01  0.6063333E-01  0.3095000E+01  0.5000000E+01  0.1000000E+01  0.1000000E+00
  0.3350477E+01  0.6071607E-01  0.3090000E+01  0.5000000E+01  0.1000000E+01  0.1000000E+00
  0.3350497E+01  0.6079910E-01  0.3085000E+01  0.5000000E+01  0.1000000E+01  0.1000000E+00
  0.3350518E+01  0.6088241E-01  0.3080000E+01  0.5000000E+01  0.1000000E+01  0.1000000E+00
  0.3350538E+01  0.6096602E-01  0.3075000E+01  0.5000000E+01  0.1000000E+01  0.1000000E+00
  0.3350559E+01  0.6104992E-01  0.3070000E+01  0.5000000E+01  0.1000000E+01  0.1000000E+00
  0.3350580E+01  0.6113412E-01  0.3065000E+01  0.5000000E+01  0.1000000E+01  0.1000000E+00
  0.3350600E+01  0.6121861E-01  0.3060000E+01  0.5000000E+01  0.1000000E+01  0.1000000E+00
  0.3350621E+01  0.6130340E-01  0.3055000E+01  0.5000000E+01  0.1000000E+01  0.1000000E+00
  0.3350642E+01  0.6138849E-01  0.3050000E+01  0.5000000E+01  0.1000000E+01  0.1000000E+00
  0.3350663E+01  0.6147388E-01  0.3045000E+01  0.5000000E+01  0.1000000E+01  0.1000000E+00
  0.3350684E+01  0.6155958E-01  0.3040000E+01  0.5000000E+01  0.1000000E+01  0.1000000E+00
  0.3350705E+01  0.6164558E-01  0.3035000E+01  0.5000000E+01  0.1000000E+01  0.1000000E+00
  0.3350727E+01  0.6173188E-01  0.3030000E+01  0.5000000E+01  0.1000000E+01  0.1000000E+00
  0.3350748E+01  0.6181849E-01  0.3025000E+01  0.5000000E+01  0.1000000E+01  0.1000000E+00
  0.3350769E+01  0.6190541E-01  0.3020000E+01  0.5000000E+01  0.1000000E+01  0.1000000E+00
  0.3350791E+01  0.6199265E-01  0.3015000E+01  0.5000000E+01  0.1000000E+01  0.1000000E+00
  0.3350812E+01  0.6208019E-01  0.3010000E+01  0.5000000E+01  0.1000000E+01  0.1000000E+00
  0.3350834E+01  0.6216805E-01  0.3005000E+01  0.5000000E+01  0.1000000E+01  0.1000000E+00
  0.3350855E+01  0.6225622E-01  0.3000000E+01  0.5000000E+01  0.1000000E+01  0.1000000E+00
  0.3350877E+01  0.6234471E-01  0.2995000E+01  0.5000000E+01  0.1000000E+01  0.1000000E+00
  0.3350899E+01  0.6243353E-01  0.2990000E+01  0.5000000E+01  0.1000000E+01  0.1000000E+00
  0.3350921E+01  0.6252266E-01  0.2985000E+01  0.5000000E+01  0.1000000E+01  0.1000000E+00
  0.3350943E+01  0.6261211E-01  0.2980000E+01  0.5000000E+01  0.1000000E+01  0.1000000E+00
  0.3350965E+01  0.6270189E-01  0.2975000E+01  0.5000000E+01  0.1000000E+01  0.1000000E+00
  0.3350987E+01  0.6279199E-01  0.2970000E+01  0.5000000E+01  0.1000000E+01  0.1000000E+00
  0.3351009E+01  0.6288243E-01  0.2965000E+01  0.5000000E+01  0.1000000E+01  0.1000000E+00
  0.3351031E+01  0.6297319E-01  0.2960000E+01  0.5000000E+01  0.1000000E+01  0.1000000E+00
  0.3351053E+01  0.6306428E-01  0.2955000E+01  0.5000000E+01  0.1000000E+01  0.1000000E+00
  0.3351076E+01  0.6315571E-01  0.2950000E+01  0.5000000E+01  0.1000000E+01  0.1000000E+00
  0.3351098E+01  0.6324747E-01  0.2945000E+01  0.5000000E+01  0.1000000E+01  0.1000000E+00
  0.3351121E+01  0.6333957E-01  0.2940000E+01  0.5000000E+01  0.1000000E+01  0.1000000E+00
  0.3351143E+01  0.6343200E-01  0.2935000E+01  0.5000000E+01  0.1000000E+01  0.1000000E+00
  0.3351166E+01  0.6352478E-01  0.2930000E+01  0.5000000E+01  0.1000000E+01  0.1000000E+00
  0.3351189E+01  0.6361790E-01  0.2925000E+01  0.5000000E+01  0.1000000E+01  0.1000000E+00
  0.3351211E+01  0.6371136E-01  0.2920000E+01  0.5000000E+01  0.1000000E+01  0.1000000E+00
  0.3351234E+01  0.6380517E-01  0.2915000E+01  0.5000000E+01  0.1000000E+01  0.1000000E+00
  0.3351257E+01  0.6389933E-01  0.2910000E+01  0.5000000E+01  0.1000000E+01  0.1000000E+00
  0.3351280E+01  0.6399384E-01  0.2905000E+01  0.5000000E+01  0.1000000E+01  0.1000000E+00
  0.3351304E+01  0.6408870E-01  0.2900000E+01  0.5000000E+01  0.1000000E+01  0.1000000E+00
  0.3351327E+01  0.6418391E-01  0.2895000E+01  0.5000000E+01  0.1000000E+01  0.1000000E+00
  0.3351350E+01  0.6427948E-01  0.2890000E+01  0.5000000E+01  0.1000000E+01  0.1000000E+00
  0.3351373E+01  0.6437540E-01  0.2885000E+01  0.5000000E+01  0.1000000E+01  0.1000000E+00
  0.3351397E+01  0.6447169E-01  0.2880000E+01  0.5000000E+01  0.1000000E+01  0.1000000E+00
  0.3351420E+01  0.6456834E-01  0.2875000E+01  0.5000000E+01  0.1000000E+01  0.1000000E+00
  0.3351444E+01  0.6466535E-01  0.2870000E+01  0.5000000E+01  0.1000000E+01  0.1000000E+00
  0.3351468E+01  0.6476273E-01  0.2865000E+01  0.5000000E+01  0.1000000E+01  0.1000000E+00
  0.3351492E+01  0.6486047E-01  0.2860000E+01  0.5000000E+01  0.1000000E+01  0.1000000E+00
  0.3351515E+01  0.6495858E-01  0.2855000E+01  0.5000000E+01  0.1000000E+01  0.1000000E+00
  0.3351539E+01  0.6505707E-01  0.2850000E+01  0.5000000E+01  0.1000000E+01  0.1000000E+00
  0.3351563E+01  0.6515593E-01  0.2845000E+01  0.5000000E+01  0.1000000E+01  0.1000000E+00
  0.3351587E+01  0.6525517E-01  0.2840000E+01  0.5000000E+01  0.1000000E+01  0.1000000E+00
  0.3351612E+01  0.6535478E-01  0.2835000E+01  0.5000000E+01  0.1000000E+01  0.1000000E+00
  0.3351636E+01  0.6545478E-01  0.2830000E+01  0.5000000E+01  0.1000000E+01  0.1000000E+00
  0.3351660E+01  0.6555516E-01  0.2825000E+01  0.5000000E+01  0.1000000E+01  0.1000000E+00
  0.3351685E+01  0.6565592E-01  0.2820000E+01  0.5000000E+01  0.1000000E+01  0.1000000E+00
  0.3351709E+01  0.6575707E-01  0.2815000E+01  0.5000000E+01  0.1000000E+01  0.1000000E+00
  0.3351734E+01  0.6585861E-01  0.2810000E+01  0.5000000E+01  0.1000000E+01  0.1000000E+00
  0.3351759E+01  0.6596054E-01  0.2805000E+01  0.5000000E+01  0.1000000E+01  0.1000000E+00
  0.3351784E+01  0.6606286E-01  0.2800000E+01  0.5000000E+01  0.1000000E+01  0.1000000E+00
  0.3351809E+01  0.6616558E-01  0.2795000E+01  0.5000000E+01  0.1000000E+01  0.1000000E+00
  0.3351834E+01  0.6626870E-01  0.2790000E+01  0.5000000E+01  0.1000000E+01  0.1000000E+00
  0.3351859E+01  0.6637222E-01  0.2785000E+01  0.5000000E+01  0.1000000E+01  0.1000000E+00
  0.3351884E+01  0.6647614E-01  0.2780000E+01  0.5000000E+01  0.1000000E+01  0.1000000E+00
  0.3351909E+01  0.6658046E-01  0.2775000E+01  0.5000000E+01  0.1000000E+01  0.1000000E+00
  0.3351934E+01  0.6668520E-01  0.2770000E+01  0.5000000E+01  0.1000000E+01  0.1000000E+00
  0.3351960E+01  0.6679034E-01  0.2765000E+01  0.5000000E+01  0.1000000E+01  0.1000000E+00
  0.3351985E+01  0.6689589E-01  0.2760000E+01  0.5000000E+01  0.1000000E+01  0.1000000E+00
  0.3352011E+01  0.6700187E-01  0.2755000E+01  0.5000000E+01  0.1000000E+01  0.1000000E+00
  0.3352037E+01  0.6710825E-01  0.2750000E+01  0.5000000E+01  0.1000000E+01  0.1000000E+00
  0.3352063E+01  0.6721506E-01  0.2745000E+01  0.5000000E+01  0.1000000E+01  0.1000000E+00
  0.3352089E+01  0.6732229E-01  0.2740000E+01  0.5000000E+01  0.1000000E+01  0.1000000E+00
  0.3352115E+01  0.6742994E-01  0.2735000E+01  0.5000000E+01  0.1000000E+01  0.1000000E+00
  0.3352141E+01  0.6753802E-01  0.2730000E+01  0.5000000E+01  0.1000000E+01  0.1000000E+00
  0.3352167E+01  0.6764653E-01  0.2725000E+01  0.5000000E+01  0.1000000E+01  0.1000000E+00
  0.3352193E+01  0.6775548E-01  0.2720000E+01  0.5000000E+01  0.1000000E+01  0.1000000E+00
  0.3352220E+01  0.6786485E-01  0.2715000E+01  0.5000000E+01  0.1000000E+01  0.1000000E+00
  0.3352246E+01  0.6797467E-01  0.2710000E+01  0.5000000E+01  0.1000000E+01  0.1000000E+00
  0.3352273E+01  0.6808492E-01  0.2705000E+01  0.5000000E+01  0.1000000E+01  0.1000000E+00
  0.3352300E+01  0.6819562E-01  0.2700000E+01  0.5000000E+01  0.1000000E+01  0.1000000E+00
  0.3352327E+01  0.6830676E-01  0.2695000E+01  0.5000000E+01  0.1000000E+01  0.1000000E+00
  0.3352353E+01  0.6841835E-01  0.2690000E+01  0.5000000E+01  0.1000000E+01  0.1000000E+00
  0.3352381E+01  0.6853039E-01  0.2685000E+01  0.5000000E+01  0.1000000E+01  0.1000000E+00
  0.3352408E+01  0.6864288E-01  0.2680000E+01  0.5000000E+01  0.1000000E+01  0.1000000E+00
  0.3352435E+01  0.6875583E-01  0.2675000E+01  0.5000000E+01  0.1000000E+01  0.1000000E+00
  0.3352462E+01  0.6886924E-01  0.2670000E+01  0.5000000E+01  0.1000000E+01  0.1000000E+00
  0.3352490E+01  0.6898311E-01  0.2665000E+01  0.5000000E+01  0.1000000E+01  0.1000000E+00
  0.3352517E+01  0.6909744E-01  0.2660000E+01  0.5000000E+01  0.1000000E+01  0.1000000E+00
  0.3352545E+01  0.6921224E-01  0.2655000E+01  0.5000000E+01  0.1000000E+01  0.1000000E+00
  0.3352573E+01  0.6932752E-01  0.2650000E+01  0.5000000E+01  0.1000000E+01  0.1000000E+00
  0.3352601E+01  0.6944326E-01  0.2645000E+01  0.5000000E+01  0.1000000E+01  0.1000000E+00
  0.3352629E+01  0.6955948E-01  0.2640000E+01  0.5000000E+01  0.1000000E+01  0.1000000E+00
  0.3352657E+01  0.6967618E-01  0.2635000E+01  0.5000000E+01  0.1000000E+01  0.1000000E+00
  0.3352685E+01  0.6979336E-01  0.2630000E+01  0.5000000E+01  0.1000000E+01  0.1000000E+00
  0.3352713E+01  0.6991102E-01  0.2625000E+01  0.5000000E+01  0.1000000E+01  0.1000000E+00
  0.3352742E+01  0.7002918E-01  0.2620000E+01  0.5000000E+01  0.1000000E+01  0.1000000E+00
  0.3352770E+01  0.7014782E-01  0.2615000E+01  0.5000000E+01  0.1000000E+01  0.1000000E+00
  0.3352799E+01  0.7026696E-01  0.2610000E+01  0.5000000E+01  0.1000000E+01  0.1000000E+00
  0.3352828E+01  0.7038659E-01  0.2605000E+01  0.5000000E+01  0.1000000E+01  0.1000000E+00
  0.3352857E+01  0.7050673E-01  0.2600000E+01  0.5000000E+01  0.1000000E+01  0.1000000E+00
  0.3352886E+01  0.7062737E-01  0.2595000E+01  0.5000000E+01  0.1000000E+01  0.1000000E+00
  0.3352915E+01  0.7074851E-01  0.2590000E+01  0.5000000E+01  0.1000000E+01  0.1000000E+00
  0.3352944E+01  0.7087016E-01  0.2585000E+01  0.5000000E+01  0.1000000E+01  0.1000000E+00
  0.3352974E+01  0.7099233E-01  0.2580000E+01  0.5000000E+01  0.1000000E+01  0.1000000E+00
  0.3353003E+01  0.7111501E-01  0.2575000E+01  0.5000000E+01  0.1000000E+01  0.1000000E+00
  0.3353033E+01  0.7123821E-01  0.2570000E+01  0.5000000E+01  0.1000000E+01  0.1000000E+00
  0.3353062E+01  0.7136194E-01  0.2565000E+01  0.5000000E+01  0.1000000E+01  0.1000000E+00
  0.3353092E+01  0.7148619E-01  0.2560000E+01  0.5000000E+01  0.1000000E+01  0.1000000E+00
  0.3353122E+01  0.7161097E-01  0.2555000E+01  0.5000000E+01  0.1000000E+01  0.1000000E+00
  0.3353152E+01  0.7173628E-01  0.2550000E+01  0.5000000E+01  0.1000000E+01  0.1000000E+00
  0.3353183E+01  0.7186212E-01  0.2545000E+01  0.5000000E+01  0.1000000E+01  0.1000000E+00
  0.3353213E+01  0.7198851E-01  0.2540000E+01  0.5000000E+01  0.1000000E+01  0.1000000E+00
  0.3353243E+01  0.7211544E-01  0.2535000E+01  0.5000000E+01  0.1000000E+01  0.1000000E+00
  0.3353274E+01  0.7224292E-01  0.2530000E+01  0.5000000E+01  0.1000000E+01  0.1000000E+00
  0.3353305E+01  0.7237094E-01  0.2525000E+01  0.5000000E+01  0.1000000E+01  0.1000000E+00
  0.3353336E+01  0.7249952E-01  0.2520000E+01  0.5000000E+01  0.1000000E+01  0.1000000E+00
  0.3353367E+01  0.7262866E-01  0.2515000E+01  0.5000000E+01  0.1000000E+01  0.1000000E+00
  0.3353398E+01  0.7275836E-01  0.2510000E+01  0.5000000E+01  0.1000000E+01  0.1000000E+00
  0.3353429E+01  0.7288862E-01  0.2505000E+01  0.5000000E+01  0.1000000E+01  0.1000000E+00
  0.3353461E+01  0.7301945E-01  0.2500000E+01  0.5000000E+01  0.1000000E+01  0.1000000E+00
  0.3353492E+01  0.7315085E-01  0.2495000E+01  0.5000000E+01  0.1000000E+01  0.1000000E+00
  0.3353524E+01  0.7328283E-01  0.2490000E+01  0.5000000E+01  0.1000000E+01  0.1000000E+00
  0.3353556E+01  0.7341539E-01  0.2485000E+01  0.5000000E+01  0.1000000E+01  0.1000000E+00
  0.3353588E+01  0.7354853E-01  0.2480000E+01  0.5000000E+01  0.1000000E+01  0.1000000E+00
  0.3353620E+01  0.7368225E-01  0.2475000E+01  0.5000000E+01  0.1000000E+01  0.1000000E+00
  0.3353652E+01  0.7381657E-01  0.2470000E+01  0.5000000E+01  0.1000000E+01  0.1000000E+00
  0.3353684E+01  0.7395149E-01  0.2465000E+01  0.5000000E+01  0.1000000E+01  0.1000000E+00
  0.3353717E+01  0.7408700E-01  0.2460000E+01  0.5000000E+01  0.1000000E+01  0.1000000E+00
  0.3353749E+01  0.7422311E-01  0.2455000E+01  0.5000000E+01  0.1000000E+01  0.1000000E+00
  0.3353782E+01  0.7435983E-01  0.2450000E+01  0.5000000E+01  0.1000000E+01  0.1000000E+00
  0.3353815E+01  0.7449717E-01  0.2445000E+01  0.5000000E+01  0.1000000E+01  0.1000000E+00
  0.3353848E+01  0.7463512E-01  0.2440000E+01  0.5000000E+01  0.1000000E+01  0.1000000E+00
  0.3353882E+01  0.7477368E-01  0.2435000E+01  0.5000000E+01  0.1000000E+01  0.1000000E+00
  0.3353915E+01  0.7491287E-01  0.2430000E+01  0.5000000E+01  0.1000000E+01  0.1000000E+00
  0.3353948E+01  0.7505269E-01  0.2425000E+01  0.5000000E+01  0.1000000E+01  0.1000000E+00
  0.3353982E+01  0.7519314E-01  0.2420000E+01  0.5000000E+01  0.1000000E+01  0.1000000E+00
  0.3354016E+01  0.7533423E-01  0.2415000E+01  0.5000000E+01  0.1000000E+01  0.1000000E+00
  0.3354050E+01  0.7547596E-01  0.2410000E+01  0.5000000E+01  0.1000000E+01  0.1000000E+00
  0.3354084E+01  0.7561833E-01  0.2405000E+01  0.5000000E+01  0.1000000E+01  0.1000000E+00
  0.3354119E+01  0.7576135E-01  0.2400000E+01  0.5000000E+01  0.1000000E+01  0.1000000E+00
  0.3354153E+01  0.7590503E-01  0.2395000E+01  0.5000000E+01  0.1000000E+01  0.1000000E+00
  0.3354188E+01  0.7604936E-01  0.2390000E+01  0.5000000E+01  0.1000000E+01  0.1000000E+00
  0.3354222E+01  0.7619436E-01  0.2385000E+01  0.5000000E+01  0.1000000E+01  0.1000000E+00
  0.3354257E+01  0.7634002E-01  0.2380000E+01  0.5000000E+01  0.1000000E+01  0.1000000E+00
  0.3354292E+01  0.7648636E-01  0.2375000E+01  0.5000000E+01  0.1000000E+01  0.1000000E+00
  0.3354328E+01  0.7663337E-01  0.2370000E+01  0.5000000E+01  0.1000000E+01  0.1000000E+00
  0.3354363E+01  0.7678107E-01  0.2365000E+01  0.5000000E+01  0.1000000E+01  0.1000000E+00
  0.3354399E+01  0.7692945E-01  0.2360000E+01  0.5000000E+01  0.1000000E+01  0.1000000E+00
  0.3354435E+01  0.7707853E-01  0.2355000E+01  0.5000000E+01  0.1000000E+01  0.1000000E+00
  0.3354470E+01  0.7722830E-01  0.2350000E+01  0.5000000E+01  0.1000000E+01  0.1000000E+00
  0.3354507E+01  0.7737877E-01  0.2345000E+01  0.5000000E+01  0.1000000E+01  0.1000000E+00
  0.3354543E+01  0.7752994E-01  0.2340000E+01  0.5000000E+01  0.1000000E+01  0.1000000E+00
  0.3354579E+01  0.7768183E-01  0.2335000E+01  0.5000000E+01  0.1000000E+01  0.1000000E+00
  0.3354616E+01  0.7783443E-01  0.2330000E+01  0.5000000E+01  0.1000000E+01  0.1000000E+00
  0.3354653E+01  0.7798776E-01  0.2325000E+01  0.5000000E+01  0.1000000E+01  0.1000000E+00
  0.3354690E+01  0.7814181E-01  0.2320000E+01  0.5000000E+01  0.1000000E+01  0.1000000E+00
  0.3354727E+01  0.7829659E-01  0.2315000E+01  0.5000000E+01  0.1000000E+01  0.1000000E+00
  0.3354764E+01  0.7845211E-01  0.2310000E+01  0.5000000E+01  0.1000000E+01  0.1000000E+00
  0.3354802E+01  0.7860837E-01  0.2305000E+01  0.5000000E+01  0.1000000E+01  0.1000000E+00
  0.3354839E+01  0.7876538E-01  0.2300000E+01  0.5000000E+01  0.1000000E+01  0.1000000E+00
  0.3354877E+01  0.7892314E-01  0.2295000E+01  0.5000000E+01  0.1000000E+01  0.1000000E+00
  0.3354915E+01  0.7908167E-01  0.2290000E+01  0.5000000E+01  0.1000000E+01  0.1000000E+00
  0.3354954E+01  0.7924095E-01  0.2285000E+01  0.5000000E+01  0.1000000E+01  0.1000000E+00
  0.3354992E+01  0.7940100E-01  0.2280000E+01  0.5000000E+01  0.1000000E+01  0.1000000E+00
  0.3355031E+01  0.7956183E-01  0.2275000E+01  0.5000000E+01  0.1000000E+01  0.1000000E+00
  0.3355070E+01  0.7972344E-01  0.2270000E+01  0.5000000E+01  0.1000000E+01  0.1000000E+00
  0.3355109E+01  0.7988584E-01  0.2265000E+01  0.5000000E+01  0.1000000E+01  0.1000000E+00
  0.3355148E+01  0.8004903E-01  0.2260000E+01  0.5000000E+01  0.1000000E+01  0.1000000E+00
  0.3355187E+01  0.8021301E-01  0.2255000E+01  0.5000000E+01  0.1000000E+01  0.1000000E+00
  0.3355227E+01  0.8037780E-01  0.2250000E+01  0.5000000E+01  0.1000000E+01  0.1000000E+00
  0.3355267E+01  0.8054340E-01  0.2245000E+01  0.5000000E+01  0.1000000E+01  0.1000000E+00
  0.3355307E+01  0.8070982E-01  0.2240000E+01  0.5000000E+01  0.1000000E+01  0.1000000E+00
  0.3355347E+01  0.8087706E-01  0.2235000E+01  0.5000000E+01  0.1000000E+01  0.1000000E+00
  0.3355388E+01  0.8104513E-01  0.2230000E+01  0.5000000E+01  0.1000000E+01  0.1000000E+00
  0.3355428E+01  0.8121403E-01  0.2225000E+01  0.5000000E+01  0.1000000E+01  0.1000000E+00
  0.3355469E+01  0.8138377E-01  0.2220000E+01  0.5000000E+01  0.1000000E+01  0.1000000E+00
  0.3355510E+01  0.8155436E-01  0.2215000E+01  0.5000000E+01  0.1000000E+01  0.1000000E+00
  0.3355552E+01  0.8172580E-01  0.2210000E+01  0.5000000E+01  0.1000000E+01  0.1000000E+00
  0.3355593E+01  0.8189811E-01  0.2205000E+01  0.5000000E+01  0.1000000E+01  0.1000000E+00
  0.3355635E+01  0.8207128E-01  0.2200000E+01  0.5000000E+01  0.1000000E+01  0.1000000E+00
  0.3355677E+01  0.8224532E-01  0.2195000E+01  0.5000000E+01  0.1000000E+01  0.1000000E+00
  0.3355719E+01  0.8242025E-01  0.2190000E+01  0.5000000E+01  0.1000000E+01  0.1000000E+00
  0.3355761E+01  0.8259606E-01  0.2185000E+01  0.5000000E+01  0.1000000E+01  0.1000000E+00
  0.3355804E+01  0.8277276E-01  0.2180000E+01  0.5000000E+01  0.1000000E+01  0.1000000E+00
  0.3355847E+01  0.8295036E-01  0.2175000E+01  0.5000000E+01  0.1000000E+01  0.1000000E+00
  0.3355890E+01  0.8312888E-01  0.2170000E+01  0.5000000E+01  0.1000000E+01  0.1000000E+00
  0.3355933E+01  0.8330830E-01  0.2165000E+01  0.5000000E+01  0.1000000E+01  0.1000000E+00
  0.3355977E+01  0.8348865E-01  0.2160000E+01  0.5000000E+01  0.1000000E+01  0.1000000E+00
  0.3356021E+01  0.8366993E-01  0.2155000E+01  0.5000000E+01  0.1000000E+01  0.1000000E+00
  0.3356065E+01  0.8385214E-01  0.2150000E+01  0.5000000E+01  0.1000000E+01  0.1000000E+00
  0.3356109E+01  0.8403530E-01  0.2145000E+01  0.5000000E+01  0.1000000E+01  0.1000000E+00
  0.3356153E+01  0.8421941E-01  0.2140000E+01  0.5000000E+01  0.1000000E+01  0.1000000E+00
  0.3356198E+01  0.8440447E-01  0.2135000E+01  0.5000000E+01  0.1000000E+01  0.1000000E+00
  0.3356243E+01  0.8459050E-01  0.2130000E+01  0.5000000E+01  0.1000000E+01  0.1000000E+00
  0.3356289E+01  0.8477751E-01  0.2125000E+01  0.5000000E+01  0.1000000E+01  0.1000000E+00
  0.3356334E+01  0.8496550E-01  0.2120000E+01  0.5000000E+01  0.1000000E+01  0.1000000E+00
  0.3356380E+01  0.8515447E-01  0.2115000E+01  0.5000000E+01  0.1000000E+01  0.1000000E+00
  0.3356426E+01  0.8534444E-01  0.2110000E+01  0.5000000E+01  0.1000000E+01  0.1000000E+00
  0.3356472E+01  0.8553542E-01  0.2105000E+01  0.5000000E+01  0.1000000E+01  0.1000000E+00
  0.3356519E+01  0.8572742E-01  0.2100000E+01  0.5000000E+01  0.1000000E+01  0.1000000E+00
  0.3356566E+01  0.8592043E-01  0.2095000E+01  0.5000000E+01  0.1000000E+01  0.1000000E+00
  0.3356613E+01  0.8611447E-01  0.2090000E+01  0.5000000E+01  0.1000000E+01  0.1000000E+00
  0.3356660E+01  0.8630955E-01  0.2085000E+01  0.5000000E+01  0.1000000E+01  0.1000000E+00
  0.3356708E+01  0.8650568E-01  0.2080000E+01  0.5000000E+01  0.1000000E+01  0.1000000E+00
  0.3356756E+01  0.8670286E-01  0.2075000E+01  0.5000000E+01  0.1000000E+01  0.1000000E+00
  0.3356804E+01  0.8690111E-01  0.2070000E+01  0.5000000E+01  0.1000000E+01  0.1000000E+00
  0.3356853E+01  0.8710043E-01  0.2065000E+01  0.5000000E+01  0.1000000E+01  0.1000000E+00
  0.3356901E+01  0.8730083E-01  0.2060000E+01  0.5000000E+01  0.1000000E+01  0.1000000E+00
  0.3356950E+01  0.8750232E-01  0.2055000E+01  0.5000000E+01  0.1000000E+01  0.1000000E+00
  0.3357000E+01  0.8770491E-01  0.2050000E+01  0.5000000E+01  0.1000000E+01  0.1000000E+00
  0.3357049E+01  0.8790861E-01  0.2045000E+01  0.5000000E+01  0.1000000E+01  0.1000000E+00
  0.3357099E+01  0.8811343E-01  0.2040000E+01  0.5000000E+01  0.1000000E+01  0.1000000E+00
  0.3357150E+01  0.8831937E-01  0.2035000E+01  0.5000000E+01  0.1000000E+01  0.1000000E+00
  0.3357200E+01  0.8852645E-01  0.2030000E+01  0.5000000E+01  0.1000000E+01  0.1000000E+00
  0.3357251E+01  0.8873468E-01  0.2025000E+01  0.5000000E+01  0.1000000E+01  0.1000000E+00
  0.3357302E+01  0.8894406E-01  0.2020000E+01  0.5000000E+01  0.1000000E+01  0.1000000E+00
  0.3357354E+01  0.8915461E-01  0.2015000E+01  0.5000000E+01  0.1000000E+01  0.1000000E+00
  0.3357406E+01  0.8936633E-01  0.2010000E+01  0.5000000E+01  0.1000000E+01  0.1000000E+00
  0.3357458E+01  0.8957924E-01  0.2005000E+01  0.5000000E+01  0.1000000E+01  0.1000000E+00
  0.3357510E+01  0.8979334E-01  0.2000000E+01  0.5000000E+01  0.1000000E+01  0.1000000E+00
  0.3357563E+01  0.9000865E-01  0.1995000E+01  0.5000000E+01  0.1000000E+01  0.1000000E+00
  0.3357616E+01  0.9022518E-01  0.1990000E+01  0.5000000E+01  0.1000000E+01  0.1000000E+00
  0.3357670E+01  0.9044294E-01  0.1985000E+01  0.5000000E+01  0.1000000E+01  0.1000000E+00
  0.3357724E+01  0.9066193E-01  0.1980000E+01  0.5000000E+01  0.1000000E+01  0.1000000E+00
  0.3357778E+01  0.9088217E-01  0.1975000E+01  0.5000000E+01  0.1000000E+01  0.1000000E+00
  0.3357833E+01  0.9110366E-01  0.1970000E+01  0.5000000E+01  0.1000000E+01  0.1000000E+00
  0.3357887E+01  0.9132643E-01  0.1965000E+01  0.5000000E+01  0.1000000E+01  0.1000000E+00
  0.3357943E+01  0.9155048E-01  0.1960000E+01  0.5000000E+01  0.1000000E+01  0.1000000E+00
  0.3357998E+01  0.9177582E-01  0.1955000E+01  0.5000000E+01  0.1000000E+01  0.1000000E+00
  0.3358054E+01  0.9200247E-01  0.1950000E+01  0.5000000E+01  0.1000000E+01  0.1000000E+00
  0.3358111E+01  0.9223043E-01  0.1945000E+01  0.5000000E+01  0.1000000E+01  0.1000000E+00
  0.3358167E+01  0.9245972E-01  0.1940000E+01  0.5000000E+01  0.1000000E+01  0.1000000E+00
  0.3358224E+01  0.9269034E-01  0.1935000E+01  0.5000000E+01  0.1000000E+01  0.1000000E+00
  0.3358282E+01  0.9292232E-01  0.1930000E+01  0.5000000E+01  0.1000000E+01  0.1000000E+00
  0.3358340E+01  0.9315566E-01  0.1925000E+01  0.5000000E+01  0.1000000E+01  0.1000000E+00
  0.3358398E+01  0.9339038E-01  0.1920000E+01  0.5000000E+01  0.1000000E+01  0.1000000E+00
  0.3358457E+01  0.9362648E-01  0.1915000E+01  0.5000000E+01  0.1000000E+01  0.1000000E+00
  0.3358516E+01  0.9386398E-01  0.1910000E+01  0.5000000E+01  0.1000000E+01  0.1000000E+00
  0.3358575E+01  0.9410290E-01  0.1905000E+01  0.5000000E+01  0.1000000E+01  0.1000000E+00
  0.3358635E+01  0.9434324E-01  0.1900000E+01  0.5000000E+01  0.1000000E+01  0.1000000E+00
  0.3358695E+01  0.9458502E-01  0.1895000E+01  0.5000000E+01  0.1000000E+01  0.1000000E+00
  0.3358756E+01  0.9482825E-01  0.1890000E+01  0.5000000E+01  0.1000000E+01  0.1000000E+00
  0.3358817E+01  0.9507294E-01  0.1885000E+01  0.5000000E+01  0.1000000E+01  0.1000000E+00
  0.3358879E+01  0.9531912E-01  0.1880000E+01  0.5000000E+01  0.1000000E+01  0.1000000E+00
  0.3358940E+01  0.9556679E-01  0.1875000E+01  0.5000000E+01  0.1000000E+01  0.1000000E+00
  0.3359003E+01  0.9581596E-01  0.1870000E+01  0.5000000E+01  0.1000000E+01  0.1000000E+00
  0.3359066E+01  0.9606665E-01  0.1865000E+01  0.5000000E+01  0.1000000E+01  0.1000000E+00
  0.3359129E+01  0.9631888E-01  0.1860000E+01  0.5000000E+01  0.1000000E+01  0.1000000E+00
  0.3359193E+01  0.9657266E-01  0.1855000E+01  0.5000000E+01  0.1000000E+01  0.1000000E+00
  0.3359257E+01  0.9682800E-01  0.1850000E+01  0.5000000E+01  0.1000000E+01  0.1000000E+00
  0.3359322E+01  0.9708491E-01  0.1845000E+01  0.5000000E+01  0.1000000E+01  0.1000000E+00
  0.3359387E+01  0.9734342E-01  0.1840000E+01  0.5000000E+01  0.1000000E+01  0.1000000E+00
  0.3359453E+01  0.9760354E-01  0.1835000E+01  0.5000000E+01  0.1000000E+01  0.1000000E+00
  0.3359519E+01  0.9786528E-01  0.1830000E+01  0.5000000E+01  0.1000000E+01  0.1000000E+00
  0.3359585E+01  0.9812866E-01  0.1825000E+01  0.5000000E+01  0.1000000E+01  0.1000000E+00
  0.3359653E+01  0.9839370E-01  0.1820000E+01  0.5000000E+01  0.1000000E+01  0.1000000E+00
  0.3359720E+01  0.9866040E-01  0.1815000E+01  0.5000000E+01  0.1000000E+01  0.1000000E+00
  0.3359788E+01  0.9892879E-01  0.1810000E+01  0.5000000E+01  0.1000000E+01  0.1000000E+00
  0.3359857E+01  0.9919889E-01  0.1805000E+01  0.5000000E+01  0.1000000E+01  0.1000000E+00
  0.3359926E+01  0.9947070E-01  0.1800000E+01  0.5000000E+01  0.1000000E+01  0.1000000E+00
  0.3359996E+01  0.9974425E-01  0.1795000E+01  0.5000000E+01  0.1000000E+01  0.1000000E+00
  0.3360066E+01  0.1000196E+00  0.1790000E+01  0.5000000E+01  0.1000000E+01  0.1000000E+00
  0.3360137E+01  0.1002966E+00  0.1785000E+01  0.5000000E+01  0.1000000E+01  0.1000000E+00
  0.3360209E+01  0.1005755E+00  0.1780000E+01  0.5000000E+01  0.1000000E+01  0.1000000E+00
  0.3360281E+01  0.1008562E+00  0.1775000E+01  0.5000000E+01  0.1000000E+01  0.1000000E+00
  0.3360353E+01  0.1011386E+00  0.1770000E+01  0.5000000E+01  0.1000000E+01  0.1000000E+00
  0.3360426E+01  0.1014230E+00  0.1765000E+01  0.5000000E+01  0.1000000E+01  0.1000000E+00
  0.3360500E+01  0.1017092E+00  0.1760000E+01  0.5000000E+01  0.1000000E+01  0.1000000E+00
  0.3360574E+01  0.1019972E+00  0.1755000E+01  0.5000000E+01  0.1000000E+01  0.1000000E+00
  0.3360649E+01  0.1022872E+00  0.1750000E+01  0.5000000E+01  0.1000000E+01  0.1000000E+00
  0.3360725E+01  0.1025791E+00  0.1745000E+01  0.5000000E+01  0.1000000E+01  0.1000000E+00
  0.3360801E+01  0.1028729E+00  0.1740000E+01  0.5000000E+01  0.1000000E+01  0.1000000E+00
  0.3360877E+01  0.1031687E+00  0.1735000E+01  0.5000000E+01  0.1000000E+01  0.1000000E+00
  0.3360955E+01  0.1034664E+00  0.1730000E+01  0.5000000E+01  0.1000000E+01  0.1000000E+00
  0.3361033E+01  0.1037662E+00  0.1725000E+01  0.5000000E+01  0.1000000E+01  0.1000000E+00
  0.3361112E+01  0.1040679E+00  0.1720000E+01  0.5000000E+01  0.1000000E+01  0.1000000E+00
  0.3361191E+01  0.1043717E+00  0.1715000E+01  0.5000000E+01  0.1000000E+01  0.1000000E+00
  0.3361271E+01  0.1046776E+00  0.1710000E+01  0.5000000E+01  0.1000000E+01  0.1000000E+00
  0.3361352E+01  0.1049855E+00  0.1705000E+01  0.5000000E+01  0.1000000E+01  0.1000000E+00
  0.3361433E+01  0.1052956E+00  0.1700000E+01  0.5000000E+01  0.1000000E+01  0.1000000E+00
  0.3361515E+01  0.1056077E+00  0.1695000E+01  0.5000000E+01  0.1000000E+01  0.1000000E+00
  0.3361598E+01  0.1059220E+00  0.1690000E+01  0.5000000E+01  0.1000000E+01  0.1000000E+00
  0.3361682E+01  0.1062385E+00  0.1685000E+01  0.5000000E+01  0.1000000E+01  0.1000000E+00
  0.3361766E+01  0.1065572E+00  0.1680000E+01  0.5000000E+01  0.1000000E+01  0.1000000E+00
  0.3361851E+01  0.1068781E+00  0.1675000E+01  0.5000000E+01  0.1000000E+01  0.1000000E+00
  0.3361937E+01  0.1072012E+00  0.1670000E+01  0.5000000E+01  0.1000000E+01  0.1000000E+00
  0.3362024E+01  0.1075266E+00  0.1665000E+01  0.5000000E+01  0.1000000E+01  0.1000000E+00
  0.3362111E+01  0.1078542E+00  0.1660000E+01  0.5000000E+01  0.1000000E+01  0.1000000E+00
  0.3362199E+01  0.1081842E+00  0.1655000E+01  0.5000000E+01  0.1000000E+01  0.1000000E+00
  0.3362288E+01  0.1085165E+00  0.1650000E+01  0.5000000E+01  0.1000000E+01  0.1000000E+00
  0.3362378E+01  0.1088512E+00  0.1645000E+01  0.5000000E+01  0.1000000E+01  0.1000000E+00
  0.3362469E+01  0.1091882E+00  0.1640000E+01  0.5000000E+01  0.1000000E+01  0.1000000E+00
  0.3362560E+01  0.1095277E+00  0.1635000E+01  0.5000000E+01  0.1000000E+01  0.1000000E+00
  0.3362652E+01  0.1098696E+00  0.1630000E+01  0.5000000E+01  0.1000000E+01  0.1000000E+00
  0.3362746E+01  0.1102139E+00  0.1625000E+01  0.5000000E+01  0.1000000E+01  0.1000000E+00
  0.3362840E+01  0.1105608E+00  0.1620000E+01  0.5000000E+01  0.1000000E+01  0.1000000E+00
  0.3362935E+01  0.1109102E+00  0.1615000E+01  0.5000000E+01  0.1000000E+01  0.1000000E+00
  0.3363031E+01  0.1112621E+00  0.1610000E+01  0.5000000E+01  0.1000000E+01  0.1000000E+00
  0.3363128E+01  0.1116166E+00  0.1605000E+01  0.5000000E+01  0.1000000E+01  0.1000000E+00
  0.3363226E+01  0.1119737E+00  0.1600000E+01  0.5000000E+01  0.1000000E+01  0.1000000E+00
  0.3363324E+01  0.1123334E+00  0.1595000E+01  0.5000000E+01  0.1000000E+01  0.1000000E+00
  0.3363424E+01  0.1126958E+00  0.1590000E+01  0.5000000E+01  0.1000000E+01  0.1000000E+00
  0.3363525E+01  0.1130609E+00  0.1585000E+01  0.5000000E+01  0.1000000E+01  0.1000000E+00
  0.3363627E+01  0.1134287E+00  0.1580000E+01  0.5000000E+01  0.1000000E+01  0.1000000E+00
  0.3363730E+01  0.1137993E+00  0.1575000E+01  0.5000000E+01  0.1000000E+01  0.1000000E+00
  0.3363833E+01  0.1141726E+00  0.1570000E+01  0.5000000E+01  0.1000000E+01  0.1000000E+00
  0.3363938E+01  0.1145488E+00  0.1565000E+01  0.5000000E+01  0.1000000E+01  0.1000000E+00
  0.3364045E+01  0.1149278E+00  0.1560000E+01  0.5000000E+01  0.1000000E+01  0.1000000E+00
  0.3364152E+01  0.1153097E+00  0.1555000E+01  0.5000000E+01  0.1000000E+01  0.1000000E+00
  0.3364260E+01  0.1156946E+00  0.1550000E+01  0.5000000E+01  0.1000000E+01  0.1000000E+00
  0.3364369E+01  0.1160823E+00  0.1545000E+01  0.5000000E+01  0.1000000E+01  0.1000000E+00
  0.3364480E+01  0.1164731E+00  0.1540000E+01  0.5000000E+01  0.1000000E+01  0.1000000E+00
  0.3364592E+01  0.1168668E+00  0.1535000E+01  0.5000000E+01  0.1000000E+01  0.1000000E+00
  0.3364705E+01  0.1172637E+00  0.1530000E+01  0.5000000E+01  0.1000000E+01  0.1000000E+00
  0.3364819E+01  0.1176636E+00  0.1525000E+01  0.5000000E+01  0.1000000E+01  0.1000000E+00
  0.3364934E+01  0.1180666E+00  0.1520000E+01  0.5000000E+01  0.1000000E+01  0.1000000E+00
  0.3365051E+01  0.1184728E+00  0.1515000E+01  0.5000000E+01  0.1000000E+01  0.1000000E+00
  0.3365169E+01  0.1188822E+00  0.1510000E+01  0.5000000E+01  0.1000000E+01  0.1000000E+00
  0.3365289E+01  0.1192949E+00  0.1505000E+01  0.5000000E+01  0.1000000E+01  0.1000000E+00
  0.3365409E+01  0.1197108E+00  0.1500000E+01  0.5000000E+01  0.1000000E+01  0.1000000E+00
  0.3365532E+01  0.1201300E+00  0.1495000E+01  0.5000000E+01  0.1000000E+01  0.1000000E+00
  0.3365655E+01  0.1205526E+00  0.1490000E+01  0.5000000E+01  0.1000000E+01  0.1000000E+00
  0.3365780E+01  0.1209786E+00  0.1485000E+01  0.5000000E+01  0.1000000E+01  0.1000000E+00
  0.3365906E+01  0.1214081E+00  0.1480000E+01  0.5000000E+01  0.1000000E+01  0.1000000E+00
  0.3366034E+01  0.1218410E+00  0.1475000E+01  0.5000000E+01  0.1000000E+01  0.1000000E+00
  0.3366164E+01  0.1222774E+00  0.1470000E+01  0.5000000E+01  0.1000000E+01  0.1000000E+00
  0.3366295E+01  0.1227174E+00  0.1465000E+01  0.5000000E+01  0.1000000E+01  0.1000000E+00
  0.3366427E+01  0.1231610E+00  0.1460000E+01  0.5000000E+01  0.1000000E+01  0.1000000E+00
  0.3366561E+01  0.1236083E+00  0.1455000E+01  0.5000000E+01  0.1000000E+01  0.1000000E+00
  0.3366697E+01  0.1240593E+00  0.1450000E+01  0.5000000E+01  0.1000000E+01  0.1000000E+00
  0.3366834E+01  0.1245140E+00  0.1445000E+01  0.5000000E+01  0.1000000E+01  0.1000000E+00
  0.3366973E+01  0.1249725E+00  0.1440000E+01  0.5000000E+01  0.1000000E+01  0.1000000E+00
  0.3367114E+01  0.1254348E+00  0.1435000E+01  0.5000000E+01  0.1000000E+01  0.1000000E+00
  0.3367257E+01  0.1259010E+00  0.1430000E+01  0.5000000E+01  0.1000000E+01  0.1000000E+00
  0.3367401E+01  0.1263712E+00  0.1425000E+01  0.5000000E+01  0.1000000E+01  0.1000000E+00
  0.3367547E+01  0.1268454E+00  0.1420000E+01  0.5000000E+01  0.1000000E+01  0.1000000E+00
  0.3367695E+01  0.1273235E+00  0.1415000E+01  0.5000000E+01  0.1000000E+01  0.1000000E+00
  0.3367846E+01  0.1278058E+00  0.1410000E+01  0.5000000E+01  0.1000000E+01  0.1000000E+00
  0.3367998E+01  0.1282922E+00  0.1405000E+01  0.5000000E+01  0.1000000E+01  0.1000000E+00
  0.3368152E+01  0.1287828E+00  0.1400000E+01  0.5000000E+01  0.1000000E+01  0.1000000E+00
  0.3368308E+01  0.1292776E+00  0.1395000E+01  0.5000000E+01  0.1000000E+01  0.1000000E+00
  0.3368466E+01  0.1297768E+00  0.1390000E+01  0.5000000E+01  0.1000000E+01  0.1000000E+00
  0.3368626E+01  0.1302802E+00  0.1385000E+01  0.5000000E+01  0.1000000E+01  0.1000000E+00
  0.3368789E+01  0.1307881E+00  0.1380000E+01  0.5000000E+01  0.1000000E+01  0.1000000E+00
  0.3368953E+01  0.1313005E+00  0.1375000E+01  0.5000000E+01  0.1000000E+01  0.1000000E+00
  0.3369120E+01  0.1318174E+00  0.1370000E+01  0.5000000E+01  0.1000000E+01  0.1000000E+00
  0.3369289E+01  0.1323388E+00  0.1365000E+01  0.5000000E+01  0.1000000E+01  0.1000000E+00
  0.3369461E+01  0.1328649E+00  0.1360000E+01  0.5000000E+01  0.1000000E+01  0.1000000E+00
  0.3369635E+01  0.1333957E+00  0.1355000E+01  0.5000000E+01  0.1000000E+01  0.1000000E+00
  0.3369812E+01  0.1339313E+00  0.1350000E+01  0.5000000E+01  0.1000000E+01  0.1000000E+00
  0.3369991E+01  0.1344716E+00  0.1345000E+01  0.5000000E+01  0.1000000E+01  0.1000000E+00
  0.3370173E+01  0.1350169E+00  0.1340000E+01  0.5000000E+01  0.1000000E+01  0.1000000E+00
  0.3370357E+01  0.1355671E+00  0.1335000E+01  0.5000000E+01  0.1000000E+01  0.1000000E+00
  0.3370544E+01  0.1361223E+00  0.1330000E+01  0.5000000E+01  0.1000000E+01  0.1000000E+00
  0.3370734E+01  0.1366826E+00  0.1325000E+01  0.5000000E+01  0.1000000E+01  0.1000000E+00
  0.3370927E+01  0.1372481E+00  0.1320000E+01  0.5000000E+01  0.1000000E+01  0.1000000E+00
  0.3371123E+01  0.1378187E+00  0.1315000E+01  0.5000000E+01  0.1000000E+01  0.1000000E+00
  0.3371321E+01  0.1383947E+00  0.1310000E+01  0.5000000E+01  0.1000000E+01  0.1000000E+00
  0.3371523E+01  0.1389760E+00  0.1305000E+01  0.5000000E+01  0.1000000E+01  0.1000000E+00
  0.3371728E+01  0.1395627E+00  0.1300000E+01  0.5000000E+01  0.1000000E+01  0.1000000E+00
  0.3371936E+01  0.1401549E+00  0.1295000E+01  0.5000000E+01  0.1000000E+01  0.1000000E+00
  0.3372147E+01  0.1407526E+00  0.1290000E+01  0.5000000E+01  0.1000000E+01  0.1000000E+00
  0.3372362E+01  0.1413560E+00  0.1285000E+01  0.5000000E+01  0.1000000E+01  0.1000000E+00
  0.3372580E+01  0.1419651E+00  0.1280000E+01  0.5000000E+01  0.1000000E+01  0.1000000E+00
  0.3372802E+01  0.1425800E+00  0.1275000E+01  0.5000000E+01  0.1000000E+01  0.1000000E+00
  0.3373027E+01  0.1432007E+00  0.1270000E+01  0.5000000E+01  0.1000000E+01  0.1000000E+00
  0.3373256E+01  0.1438274E+00  0.1265000E+01  0.5000000E+01  0.1000000E+01  0.1000000E+00
  0.3373489E+01  0.1444601E+00  0.1260000E+01  0.5000000E+01  0.1000000E+01  0.1000000E+00
  0.3373726E+01  0.1450989E+00  0.1255000E+01  0.5000000E+01  0.1000000E+01  0.1000000E+00
  0.3373966E+01  0.1457438E+00  0.1250000E+01  0.5000000E+01  0.1000000E+01  0.1000000E+00
  0.3374211E+01  0.1463950E+00  0.1245000E+01  0.5000000E+01  0.1000000E+01  0.1000000E+00
  0.3374460E+01  0.1470525E+00  0.1240000E+01  0.5000000E+01  0.1000000E+01  0.1000000E+00
  0.3374714E+01  0.1477165E+00  0.1235000E+01  0.5000000E+01  0.1000000E+01  0.1000000E+00
  0.3374972E+01  0.1483869E+00  0.1230000E+01  0.5000000E+01  0.1000000E+01  0.1000000E+00
  0.3375234E+01  0.1490639E+00  0.1225000E+01  0.5000000E+01  0.1000000E+01  0.1000000E+00
  0.3375501E+01  0.1497476E+00  0.1220000E+01  0.5000000E+01  0.1000000E+01  0.1000000E+00
  0.3375773E+01  0.1504380E+00  0.1215000E+01  0.5000000E+01  0.1000000E+01  0.1000000E+00
  0.3376050E+01  0.1511352E+00  0.1210000E+01  0.5000000E+01  0.1000000E+01  0.1000000E+00
  0.3376331E+01  0.1518394E+00  0.1205000E+01  0.5000000E+01  0.1000000E+01  0.1000000E+00
  0.3376618E+01  0.1525505E+00  0.1200000E+01  0.5000000E+01  0.1000000E+01  0.1000000E+00
  0.3376911E+01  0.1532688E+00  0.1195000E+01  0.5000000E+01  0.1000000E+01  0.1000000E+00
  0.3377208E+01  0.1539942E+00  0.1190000E+01  0.5000000E+01  0.1000000E+01  0.1000000E+00
  0.3377512E+01  0.1547268E+00  0.1185000E+01  0.5000000E+01  0.1000000E+01  0.1000000E+00
  0.3377821E+01  0.1554668E+00  0.1180000E+01  0.5000000E+01  0.1000000E+01  0.1000000E+00
  0.3378136E+01  0.1562143E+00  0.1175000E+01  0.5000000E+01  0.1000000E+01  0.1000000E+00
  0.3378457E+01  0.1569693E+00  0.1170000E+01  0.5000000E+01  0.1000000E+01  0.1000000E+00
  0.3378785E+01  0.1577318E+00  0.1165000E+01  0.5000000E+01  0.1000000E+01  0.1000000E+00
  0.3379118E+01  0.1585021E+00  0.1160000E+01  0.5000000E+01  0.1000000E+01  0.1000000E+00
  0.3379459E+01  0.1592802E+00  0.1155000E+01  0.5000000E+01  0.1000000E+01  0.1000000E+00
  0.3379806E+01  0.1600661E+00  0.1150000E+01  0.5000000E+01  0.1000000E+01  0.1000000E+00
  0.3380161E+01  0.1608600E+00  0.1145000E+01  0.5000000E+01  0.1000000E+01  0.1000000E+00
  0.3380522E+01  0.1616619E+00  0.1140000E+01  0.5000000E+01  0.1000000E+01  0.1000000E+00
  0.3380891E+01  0.1624719E+00  0.1135000E+01  0.5000000E+01  0.1000000E+01  0.1000000E+00
  0.3381268E+01  0.1632901E+00  0.1130000E+01  0.5000000E+01  0.1000000E+01  0.1000000E+00
  0.3381652E+01  0.1641166E+00  0.1125000E+01  0.5000000E+01  0.1000000E+01  0.1000000E+00
  0.3382044E+01  0.1649515E+00  0.1120000E+01  0.5000000E+01  0.1000000E+01  0.1000000E+00
  0.3382445E+01  0.1657948E+00  0.1115000E+01  0.5000000E+01  0.1000000E+01  0.1000000E+00
  0.3382854E+01  0.1666467E+00  0.1110000E+01  0.5000000E+01  0.1000000E+01  0.1000000E+00
  0.3383272E+01  0.1675071E+00  0.1105000E+01  0.5000000E+01  0.1000000E+01  0.1000000E+00
  0.3383699E+01  0.1683762E+00  0.1100000E+01  0.5000000E+01  0.1000000E+01  0.1000000E+00
  0.3384136E+01  0.1692540E+00  0.1095000E+01  0.5000000E+01  0.1000000E+01  0.1000000E+00
  0.3384582E+01  0.1701406E+00  0.1090000E+01  0.5000000E+01  0.1000000E+01  0.1000000E+00
  0.3385037E+01  0.1710361E+00  0.1085000E+01  0.5000000E+01  0.1000000E+01  0.1000000E+00
  0.3385503E+01  0.1719404E+00  0.1080000E+01  0.5000000E+01  0.1000000E+01  0.1000000E+00
  0.3385980E+01  0.1728538E+00  0.1075000E+01  0.5000000E+01  0.1000000E+01  0.1000000E+00
  0.3386467E+01  0.1737761E+00  0.1070000E+01  0.5000000E+01  0.1000000E+01  0.1000000E+00
  0.3386965E+01  0.1747076E+00  0.1065000E+01  0.5000000E+01  0.1000000E+01  0.1000000E+00
  0.3387474E+01  0.1756481E+00  0.1060000E+01  0.5000000E+01  0.1000000E+01  0.1000000E+00
  0.3387996E+01  0.1765977E+00  0.1055000E+01  0.5000000E+01  0.1000000E+01  0.1000000E+00
  0.3388529E+01  0.1775565E+00  0.1050000E+01  0.5000000E+01  0.1000000E+01  0.1000000E+00
  0.3389075E+01  0.1785245E+00  0.1045000E+01  0.5000000E+01  0.1000000E+01  0.1000000E+00
  0.3389633E+01  0.1795017E+00  0.1040000E+01  0.5000000E+01  0.1000000E+01  0.1000000E+00
  0.3390205E+01  0.1804881E+00  0.1035000E+01  0.5000000E+01  0.1000000E+01  0.1000000E+00
  0.3390790E+01  0.1814836E+00  0.1030000E+01  0.5000000E+01  0.1000000E+01  0.1000000E+00
  0.3391389E+01  0.1824883E+00  0.1025000E+01  0.5000000E+01  0.1000000E+01  0.1000000E+00
  0.3392002E+01  0.1835022E+00  0.1020000E+01  0.5000000E+01  0.1000000E+01  0.1000000E+00
  0.3392630E+01  0.1845252E+00  0.1015000E+01  0.5000000E+01  0.1000000E+01  0.1000000E+00
  0.3393273E+01  0.1855573E+00  0.1010000E+01  0.5000000E+01  0.1000000E+01  0.1000000E+00
  0.3393932E+01  0.1865983E+00  0.1005000E+01  0.5000000E+01  0.1000000E+01  0.1000000E+00
  0.3394606E+01  0.1876483E+00  0.1000000E+01  0.5000000E+01  0.1000000E+01  0.1000000E+00
  0.3395297E+01  0.1887072E+00  0.9950000E+00  0.5000000E+01  0.1000000E+01  0.1000000E+00
  0.3396005E+01  0.1897748E+00  0.9900000E+00  0.5000000E+01  0.1000000E+01  0.1000000E+00
  0.3396730E+01  0.1908510E+00  0.9850000E+00  0.5000000E+01  0.1000000E+01  0.1000000E+00
  0.3397473E+01  0.1919358E+00  0.9800000E+00  0.5000000E+01  0.1000000E+01  0.1000000E+00
  0.3398235E+01  0.1930289E+00  0.9750000E+00  0.5000000E+01  0.1000000E+01  0.1000000E+00
  0.3399015E+01  0.1941303E+00  0.9700000E+00  0.5000000E+01  0.1000000E+01  0.1000000E+00
  0.3399814E+01  0.1952396E+00  0.9650000E+00  0.5000000E+01  0.1000000E+01  0.1000000E+00
  0.3400634E+01  0.1963568E+00  0.9600000E+00  0.5000000E+01  0.1000000E+01  0.1000000E+00
  0.3401473E+01  0.1974815E+00  0.9550000E+00  0.5000000E+01  0.1000000E+01  0.1000000E+00
  0.3402333E+01  0.1986137E+00  0.9500000E+00  0.5000000E+01  0.1000000E+01  0.1000000E+00
  0.3403215E+01  0.1997529E+00  0.9450000E+00  0.5000000E+01  0.1000000E+01  0.1000000E+00
  0.3404118E+01  0.2008989E+00  0.9400000E+00  0.5000000E+01  0.1000000E+01  0.1000000E+00
  0.3405044E+01  0.2020514E+00  0.9350000E+00  0.5000000E+01  0.1000000E+01  0.1000000E+00
  0.3405992E+01  0.2032101E+00  0.9300000E+00  0.5000000E+01  0.1000000E+01  0.1000000E+00
  0.3406964E+01  0.2043746E+00  0.9250000E+00  0.5000000E+01  0.1000000E+01  0.1000000E+00
  0.3407960E+01  0.2055446E+00  0.9200000E+00  0.5000000E+01  0.1000000E+01  0.1000000E+00
  0.3408980E+01  0.2067195E+00  0.9150000E+00  0.5000000E+01  0.1000000E+01  0.1000000E+00
  0.3410024E+01  0.2078991E+00  0.9100000E+00  0.5000000E+01  0.1000000E+01  0.1000000E+00
  0.3411095E+01  0.2090828E+00  0.9050000E+00  0.5000000E+01  0.1000000E+01  0.1000000E+00
  0.3412191E+01  0.2102702E+00  0.9000000E+00  0.5000000E+01  0.1000000E+01  0.1000000E+00
  0.3413313E+01  0.2114607E+00  0.8950000E+00  0.5000000E+01  0.1000000E+01  0.1000000E+00
  0.3414462E+01  0.2126538E+00  0.8900000E+00  0.5000000E+01  0.1000000E+01  0.1000000E+00
  0.3415639E+01  0.2138490E+00  0.8850000E+00  0.5000000E+01  0.1000000E+01  0.1000000E+00
  0.3416843E+01  0.2150456E+00  0.8800000E+00  0.5000000E+01  0.1000000E+01  0.1000000E+00
  0.3418075E+01  0.2162431E+00  0.8750000E+00  0.5000000E+01  0.1000000E+01  0.1000000E+00
  0.3419336E+01  0.2174408E+00  0.8700000E+00  0.5000000E+01  0.1000000E+01  0.1000000E+00
  0.3420625E+01  0.2186381E+00  0.8650000E+00  0.5000000E+01  0.1000000E+01  0.1000000E+00
  0.3421944E+01  0.2198342E+00  0.8600000E+00  0.5000000E+01  0.1000000E+01  0.1000000E+00
  0.3423293E+01  0.2210285E+00  0.8550000E+00  0.5000000E+01  0.1000000E+01  0.1000000E+00
  0.3424672E+01  0.2222203E+00  0.8500000E+00  0.5000000E+01  0.1000000E+01  0.1000000E+00
  0.3426081E+01  0.2234087E+00  0.8450000E+00  0.5000000E+01  0.1000000E+01  0.1000000E+00
  0.3427520E+01  0.2245931E+00  0.8400000E+00  0.5000000E+01  0.1000000E+01  0.1000000E+00
  0.3428991E+01  0.2257726E+00  0.8350000E+00  0.5000000E+01  0.1000000E+01  0.1000000E+00
  0.3430492E+01  0.2269464E+00  0.8300000E+00  0.5000000E+01  0.1000000E+01  0.1000000E+00
  0.3432025E+01  0.2281137E+00  0.8250000E+00  0.5000000E+01  0.1000000E+01  0.1000000E+00
  0.3433589E+01  0.2292738E+00  0.8200000E+00  0.5000000E+01  0.1000000E+01  0.1000000E+00
  0.3435184E+01  0.2304256E+00  0.8150000E+00  0.5000000E+01  0.1000000E+01  0.1000000E+00
  0.3436811E+01  0.2315684E+00  0.8100000E+00  0.5000000E+01  0.1000000E+01  0.1000000E+00
  0.3438470E+01  0.2327014E+00  0.8050000E+00  0.5000000E+01  0.1000000E+01  0.1000000E+00
  0.3440161E+01  0.2338236E+00  0.8000000E+00  0.5000000E+01  0.1000000E+01  0.1000000E+00
  0.3441883E+01  0.2349343E+00  0.7950000E+00  0.5000000E+01  0.1000000E+01  0.1000000E+00
  0.3443637E+01  0.2360324E+00  0.7900000E+00  0.5000000E+01  0.1000000E+01  0.1000000E+00
  0.3445423E+01  0.2371172E+00  0.7850000E+00  0.5000000E+01  0.1000000E+01  0.1000000E+00
  0.3447240E+01  0.2381877E+00  0.7800000E+00  0.5000000E+01  0.1000000E+01  0.1000000E+00
  0.3449089E+01  0.2392432E+00  0.7750000E+00  0.5000000E+01  0.1000000E+01  0.1000000E+00
  0.3450968E+01  0.2402826E+00  0.7700000E+00  0.5000000E+01  0.1000000E+01  0.1000000E+00
  0.3452879E+01  0.2413053E+00  0.7650000E+00  0.5000000E+01  0.1000000E+01  0.1000000E+00
  0.3454821E+01  0.2423103E+00  0.7600000E+00  0.5000000E+01  0.1000000E+01  0.1000000E+00
  0.3456793E+01  0.2432968E+00  0.7550000E+00  0.5000000E+01  0.1000000E+01  0.1000000E+00
  0.3458796E+01  0.2442639E+00  0.7500000E+00  0.5000000E+01  0.1000000E+01  0.1000000E+00
  0.3460828E+01  0.2452109E+00  0.7450000E+00  0.5000000E+01  0.1000000E+01  0.1000000E+00
  0.3462890E+01  0.2461369E+00  0.7400000E+00  0.5000000E+01  0.1000000E+01  0.1000000E+00
  0.3464981E+01  0.2470412E+00  0.7350000E+00  0.5000000E+01  0.1000000E+01  0.1000000E+00
  0.3467102E+01  0.2479229E+00  0.7300000E+00  0.5000000E+01  0.1000000E+01  0.1000000E+00
  0.3469250E+01  0.2487814E+00  0.7250000E+00  0.5000000E+01  0.1000000E+01  0.1000000E+00
  0.3471427E+01  0.2496158E+00  0.7200000E+00  0.5000000E+01  0.1000000E+01  0.1000000E+00
  0.3473631E+01  0.2504255E+00  0.7150000E+00  0.5000000E+01  0.1000000E+01  0.1000000E+00
  0.3475862E+01  0.2512097E+00  0.7100000E+00  0.5000000E+01  0.1000000E+01  0.1000000E+00
  0.3478120E+01  0.2519678E+00  0.7050000E+00  0.5000000E+01  0.1000000E+01  0.1000000E+00
  0.3480404E+01  0.2526991E+00  0.7000000E+00  0.5000000E+01  0.1000000E+01  0.1000000E+00
  0.3482713E+01  0.2534030E+00  0.6950000E+00  0.5000000E+01  0.1000000E+01  0.1000000E+00
  0.3485047E+01  0.2540788E+00  0.6900000E+00  0.5000000E+01  0.1000000E+01  0.1000000E+00
  0.3487406E+01  0.2547258E+00  0.6850000E+00  0.5000000E+01  0.1000000E+01  0.1000000E+00
  0.3489789E+01  0.2553437E+00  0.6800000E+00  0.5000000E+01  0.1000000E+01  0.1000000E+00
  0.3492195E+01  0.2559316E+00  0.6750000E+00  0.5000000E+01  0.1000000E+01  0.1000000E+00
  0.3494623E+01  0.2564892E+00  0.6700000E+00  0.5000000E+01  0.1000000E+01  0.1000000E+00
  0.3497074E+01  0.2570158E+00  0.6650000E+00  0.5000000E+01  0.1000000E+01  0.1000000E+00
  0.3499545E+01  0.2575111E+00  0.6600000E+00  0.5000000E+01  0.1000000E+01  0.1000000E+00
  0.3502038E+01  0.2579744E+00  0.6550000E+00  0.5000000E+01  0.1000000E+01  0.1000000E+00
  0.3504551E+01  0.2584052E+00  0.6500000E+00  0.5000000E+01  0.1000000E+01  0.1000000E+00
  0.3507083E+01  0.2588033E+00  0.6450000E+00  0.5000000E+01  0.1000000E+01  0.1000000E+00
  0.3509635E+01  0.2591680E+00  0.6400000E+00  0.5000000E+01  0.1000000E+01  0.1000000E+00
  0.3512204E+01  0.2594990E+00  0.6350000E+00  0.5000000E+01  0.1000000E+01  0.1000000E+00
  0.3514791E+01  0.2597959E+00  0.6300000E+00  0.5000000E+01  0.1000000E+01  0.1000000E+00
  0.3517395E+01  0.2600584E+00  0.6250000E+00  0.5000000E+01  0.1000000E+01  0.1000000E+00
  0.3520015E+01  0.2602859E+00  0.6200000E+00  0.5000000E+01  0.1000000E+01  0.1000000E+00
  0.3522650E+01  0.2604782E+00  0.6150000E+00  0.5000000E+01  0.1000000E+01  0.1000000E+00
  0.3525301E+01  0.2606350E+00  0.6100000E+00  0.5000000E+01  0.1000000E+01  0.1000000E+00
  0.3527965E+01  0.2607559E+00  0.6050000E+00  0.5000000E+01  0.1000000E+01  0.1000000E+00
  0.3530643E+01  0.2608407E+00  0.6000000E+00  0.5000000E+01  0.1000000E+01  0.1000000E+00
  0.3533334E+01  0.2608890E+00  0.5950000E+00  0.5000000E+01  0.1000000E+01  0.1000000E+00
  0.3536036E+01  0.2609006E+00  0.5900000E+00  0.5000000E+01  0.1000000E+01  0.1000000E+00
  0.3538750E+01  0.2608752E+00  0.5850000E+00  0.5000000E+01  0.1000000E+01  0.1000000E+00
  0.3541475E+01  0.2608126E+00  0.5800000E+00  0.5000000E+01  0.1000000E+01  0.1000000E+00
  0.3544209E+01  0.2607125E+00  0.5750000E+00  0.5000000E+01  0.1000000E+01  0.1000000E+00
  0.3546953E+01  0.2605749E+00  0.5700000E+00  0.5000000E+01  0.1000000E+01  0.1000000E+00
  0.3549705E+01  0.2603993E+00  0.5650000E+00  0.5000000E+01  0.1000000E+01  0.1000000E+00
  0.3552465E+01  0.2601858E+00  0.5600000E+00  0.5000000E+01  0.1000000E+01  0.1000000E+00
  0.3555232E+01  0.2599341E+00  0.5550000E+00  0.5000000E+01  0.1000000E+01  0.1000000E+00
  0.3558006E+01  0.2596441E+00  0.5500000E+00  0.5000000E+01  0.1000000E+01  0.1000000E+00
  0.3560784E+01  0.2593156E+00  0.5450000E+00  0.5000000E+01  0.1000000E+01  0.1000000E+00
  0.3563568E+01  0.2589486E+00  0.5400000E+00  0.5000000E+01  0.1000000E+01  0.1000000E+00
  0.3566356E+01  0.2585429E+00  0.5350000E+00  0.5000000E+01  0.1000000E+01  0.1000000E+00
  0.3569147E+01  0.2580985E+00  0.5300000E+00  0.5000000E+01  0.1000000E+01  0.1000000E+00
  0.3571941E+01  0.2576153E+00  0.5250000E+00  0.5000000E+01  0.1000000E+01  0.1000000E+00
  0.3574736E+01  0.2570933E+00  0.5200000E+00  0.5000000E+01  0.1000000E+01  0.1000000E+00
  0.3577533E+01  0.2565323E+00  0.5150000E+00  0.5000000E+01  0.1000000E+01  0.1000000E+00
  0.3580330E+01  0.2559325E+00  0.5100000E+00  0.5000000E+01  0.1000000E+01  0.1000000E+00
  0.3583127E+01  0.2552937E+00  0.5050000E+00  0.5000000E+01  0.1000000E+01  0.1000000E+00
  0.3585923E+01  0.2546161E+00  0.5000000E+00  0.5000000E+01  0.1000000E+01  0.1000000E+00
  0.3588717E+01  0.2538997E+00  0.4950000E+00  0.5000000E+01  0.1000000E+01  0.1000000E+00
  0.3591508E+01  0.2531444E+00  0.4900000E+00  0.5000000E+01  0.1000000E+01  0.1000000E+00
  0.3594296E+01  0.2523505E+00  0.4850000E+00  0.5000000E+01  0.1000000E+01  0.1000000E+00
  0.3597080E+01  0.2515179E+00  0.4800000E+00  0.5000000E+01  0.1000000E+01  0.1000000E+00
  0.3599860E+01  0.2506469E+00  0.4750000E+00  0.5000000E+01  0.1000000E+01  0.1000000E+00
  0.3602633E+01  0.2497374E+00  0.4700000E+00  0.5000000E+01  0.1000000E+01  0.1000000E+00
  0.3605400E+01  0.2487897E+00  0.4650000E+00  0.5000000E+01  0.1000000E+01  0.1000000E+00
  0.3608161E+01  0.2478040E+00  0.4600000E+00  0.5000000E+01  0.1000000E+01  0.1000000E+00
  0.3610913E+01  0.2467804E+00  0.4550000E+00  0.5000000E+01  0.1000000E+01  0.1000000E+00
  0.3613657E+01  0.2457191E+00  0.4500000E+00  0.5000000E+01  0.1000000E+01  0.1000000E+00
  0.3616392E+01  0.2446204E+00  0.4450000E+00  0.5000000E+01  0.1000000E+01  0.1000000E+00
  0.3619117E+01  0.2434845E+00  0.4400000E+00  0.5000000E+01  0.1000000E+01  0.1000000E+00
  0.3621831E+01  0.2423117E+00  0.4350000E+00  0.5000000E+01  0.1000000E+01  0.1000000E+00
  0.3624534E+01  0.2411023E+00  0.4300000E+00  0.5000000E+01  0.1000000E+01  0.1000000E+00
  0.3627225E+01  0.2398565E+00  0.4250000E+00  0.5000000E+01  0.1000000E+01  0.1000000E+00
  0.3629904E+01  0.2385747E+00  0.4200000E+00  0.5000000E+01  0.1000000E+01  0.1000000E+00
  0.3632568E+01  0.2372573E+00  0.4150000E+00  0.5000000E+01  0.1000000E+01  0.1000000E+00
  0.3635219E+01  0.2359045E+00  0.4100000E+00  0.5000000E+01  0.1000000E+01  0.1000000E+00
  0.3637855E+01  0.2345169E+00  0.4050000E+00  0.5000000E+01  0.1000000E+01  0.1000000E+00
  0.3640476E+01  0.2330948E+00  0.4000000E+00  0.5000000E+01  0.1000000E+01  0.1000000E+00
  0.3643081E+01  0.2316386E+00  0.3950000E+00  0.5000000E+01  0.1000000E+01  0.1000000E+00
  0.3645669E+01  0.2301488E+00  0.3900000E+00  0.5000000E+01  0.1000000E+01  0.1000000E+00
  0.3648240E+01  0.2286258E+00  0.3850000E+00  0.5000000E+01  0.1000000E+01  0.1000000E+00
  0.3650793E+01  0.2270701E+00  0.3800000E+00  0.5000000E+01  0.1000000E+01  0.1000000E+00
  0.3653328E+01  0.2254822E+00  0.3750000E+00  0.5000000E+01  0.1000000E+01  0.1000000E+00
  0.3655844E+01  0.2238627E+00  0.3700000E+00  0.5000000E+01  0.1000000E+01  0.1000000E+00
  0.3658341E+01  0.2222120E+00  0.3650000E+00  0.5000000E+01  0.1000000E+01  0.1000000E+00
  0.3660817E+01  0.2205306E+00  0.3600000E+00  0.5000000E+01  0.1000000E+01  0.1000000E+00
  0.3663273E+01  0.2188193E+00  0.3550000E+00  0.5000000E+01  0.1000000E+01  0.1000000E+00
  0.3665709E+01  0.2170784E+00  0.3500000E+00  0.5000000E+01  0.1000000E+01  0.1000000E+00
  0.3668123E+01  0.2153087E+00  0.3450000E+00  0.5000000E+01  0.1000000E+01  0.1000000E+00
  0.3670515E+01  0.2135107E+00  0.3400000E+00  0.5000000E+01  0.1000000E+01  0.1000000E+00
  0.3672885E+01  0.2116849E+00  0.3350000E+00  0.5000000E+01  0.1000000E+01  0.1000000E+00
  0.3675232E+01  0.2098321E+00  0.3300000E+00  0.5000000E+01  0.1000000E+01  0.1000000E+00
  0.3677557E+01  0.2079529E+00  0.3250000E+00  0.5000000E+01  0.1000000E+01  0.1000000E+00
  0.3679858E+01  0.2060478E+00  0.3200000E+00  0.5000000E+01  0.1000000E+01  0.1000000E+00
  0.3682135E+01  0.2041176E+00  0.3150000E+00  0.5000000E+01  0.1000000E+01  0.1000000E+00
  0.3684389E+01  0.2021628E+00  0.3100000E+00  0.5000000E+01  0.1000000E+01  0.1000000E+00
  0.3686619E+01  0.2001842E+00  0.3050000E+00  0.5000000E+01  0.1000000E+01  0.1000000E+00
  0.3688824E+01  0.1981823E+00  0.3000000E+00  0.5000000E+01  0.1000000E+01  0.1000000E+00
  0.3691004E+01  0.1961579E+00  0.2950000E+00  0.5000000E+01  0.1000000E+01  0.1000000E+00
  0.3693160E+01  0.1941116E+00  0.2900000E+00  0.5000000E+01  0.1000000E+01  0.1000000E+00
  0.3695291E+01  0.1920440E+00  0.2850000E+00  0.5000000E+01  0.1000000E+01  0.1000000E+00
  0.3697396E+01  0.1899559E+00  0.2800000E+00  0.5000000E+01  0.1000000E+01  0.1000000E+00
  0.3699477E+01  0.1878479E+00  0.2750000E+00  0.5000000E+01  0.1000000E+01  0.1000000E+00
  0.3701532E+01  0.1857206E+00  0.2700000E+00  0.5000000E+01  0.1000000E+01  0.1000000E+00
  0.3703562E+01  0.1835746E+00  0.2650000E+00  0.5000000E+01  0.1000000E+01  0.1000000E+00
  0.3705566E+01  0.1814107E+00  0.2600000E+00  0.5000000E+01  0.1000000E+01  0.1000000E+00
  0.3707545E+01  0.1792295E+00  0.2550000E+00  0.5000000E+01  0.1000000E+01  0.1000000E+00
  0.3709498E+01  0.1770316E+00  0.2500000E+00  0.5000000E+01  0.1000000E+01  0.1000000E+00
  0.3711426E+01  0.1748176E+00  0.2450000E+00  0.5000000E+01  0.1000000E+01  0.1000000E+00
  0.3713328E+01  0.1725881E+00  0.2400000E+00  0.5000000E+01  0.1000000E+01  0.1000000E+00
  0.3715205E+01  0.1703438E+00  0.2350000E+00  0.5000000E+01  0.1000000E+01  0.1000000E+00
  0.3717057E+01  0.1680852E+00  0.2300000E+00  0.5000000E+01  0.1000000E+01  0.1000000E+00
  0.3718884E+01  0.1658130E+00  0.2250000E+00  0.5000000E+01  0.1000000E+01  0.1000000E+00
  0.3720685E+01  0.1635277E+00  0.2200000E+00  0.5000000E+01  0.1000000E+01  0.1000000E+00
  0.3722462E+01  0.1612298E+00  0.2150000E+00  0.5000000E+01  0.1000000E+01  0.1000000E+00
  0.3724214E+01  0.1589200E+00  0.2100000E+00  0.5000000E+01  0.1000000E+01  0.1000000E+00
  0.3725941E+01  0.1565987E+00  0.2050000E+00  0.5000000E+01  0.1000000E+01  0.1000000E+00
  0.3727644E+01  0.1542664E+00  0.2000000E+00  0.5000000E+01  0.1000000E+01  0.1000000E+00
  0.3729323E+01  0.1519237E+00  0.1950000E+00  0.5000000E+01  0.1000000E+01  0.1000000E+00
  0.3730978E+01  0.1495711E+00  0.1900000E+00  0.5000000E+01  0.1000000E+01  0.1000000E+00
  0.3732609E+01  0.1472091E+00  0.1850000E+00  0.5000000E+01  0.1000000E+01  0.1000000E+00
  0.3734216E+01  0.1448380E+00  0.1800000E+00  0.5000000E+01  0.1000000E+01  0.1000000E+00
  0.3735801E+01  0.1424583E+00  0.1750000E+00  0.5000000E+01  0.1000000E+01  0.1000000E+00
  0.3737362E+01  0.1400706E+00  0.1700000E+00  0.5000000E+01  0.1000000E+01  0.1000000E+00
  0.3738901E+01  0.1376751E+00  0.1650000E+00  0.5000000E+01  0.1000000E+01  0.1000000E+00
  0.3740417E+01  0.1352722E+00  0.1600000E+00  0.5000000E+01  0.1000000E+01  0.1000000E+00
  0.3741911E+01  0.1328624E+00  0.1550000E+00  0.5000000E+01  0.1000000E+01  0.1000000E+00
  0.3743383E+01  0.1304461E+00  0.1500000E+00  0.5000000E+01  0.1000000E+01  0.1000000E+00
  0.3744834E+01  0.1280235E+00  0.1450000E+00  0.5000000E+01  0.1000000E+01  0.1000000E+00
  0.3746264E+01  0.1255949E+00  0.1400000E+00  0.5000000E+01  0.1000000E+01  0.1000000E+00
  0.3747673E+01  0.1231608E+00  0.1350000E+00  0.5000000E+01  0.1000000E+01  0.1000000E+00
  0.3749061E+01  0.1207214E+00  0.1300000E+00  0.5000000E+01  0.1000000E+01  0.1000000E+00
  0.3750429E+01  0.1182769E+00  0.1250000E+00  0.5000000E+01  0.1000000E+01  0.1000000E+00
  0.3751777E+01  0.1158277E+00  0.1200000E+00  0.5000000E+01  0.1000000E+01  0.1000000E+00
  0.3753106E+01  0.1133740E+00  0.1150000E+00  0.5000000E+01  0.1000000E+01  0.1000000E+00
  0.3754415E+01  0.1109159E+00  0.1100000E+00  0.5000000E+01  0.1000000E+01  0.1000000E+00
  0.3755706E+01  0.1084539E+00  0.1050000E+00  0.5000000E+01  0.1000000E+01  0.1000000E+00
  0.3756978E+01  0.1059879E+00  0.1000000E+00  0.5000000E+01  0.1000000E+01  0.1000000E+00
  0.3758233E+01  0.1035183E+00  0.9500000E-01  0.5000000E+01  0.1000000E+01  0.1000000E+00
  0.3759469E+01  0.1010452E+00  0.9000000E-01  0.5000000E+01  0.1000000E+01  0.1000000E+00
  0.3760688E+01  0.9856868E-01  0.8500000E-01  0.5000000E+01  0.1000000E+01  0.1000000E+00
  0.3761890E+01  0.9608900E-01  0.8000000E-01  0.5000000E+01  0.1000000E+01  0.1000000E+00
  0.3763075E+01  0.9360624E-01  0.7500000E-01  0.5000000E+01  0.1000000E+01  0.1000000E+00
  0.3764243E+01  0.9112052E-01  0.7000000E-01  0.5000000E+01  0.1000000E+01  0.1000000E+00
  0.3765396E+01  0.8863194E-01  0.6500000E-01  0.5000000E+01  0.1000000E+01  0.1000000E+00
  0.3766533E+01  0.8614060E-01  0.6000000E-01  0.5000000E+01  0.1000000E+01  0.1000000E+00
  0.3767655E+01  0.8364655E-01  0.5500000E-01  0.5000000E+01  0.1000000E+01  0.1000000E+00
  0.3768761E+01  0.8114988E-01  0.5000000E-01  0.5000000E+01  0.1000000E+01  0.1000000E+00

