  0.1059149E+01  0.3407151E-01  0.5000000E+01  0.5000000E+01  0.1000000E+01  0.1000000E+00
  0.1059179E+01  0.3408730E-01  0.4995000E+01  0.5000000E+01  0.1000000E+01  0.1000000E+00
  0.1059209E+01  0.3410308E-01  0.4990000E+01  0.5000000E+01  0.1000000E+01  0.1000000E+00
  0.1059240E+01  0.3411886E-01  0.4985000E+01  0.5000000E+01  0.1000000E+01  0.1000000E+00
  0.1059270E+01  0.3413465E-01  0.4980000E+01  0.5000000E+01  0.1000000E+01  0.1000000E+00
  0.1059301E+01  0.3415044E-01  0.4975000E+01  0.5000000E+01  0.1000000E+01  0.1000000E+00
  0.1059331E+01  0.3416623E-01  0.4970000E+01  0.5000000E+01  0.1000000E+01  0.1000000E+00
  0.1059362E+01  0.3418202E-01  0.4965000E+01  0.5000000E+01  0.1000000E+01  0.1000000E+00
  0.1059392E+01  0.3419781E-01  0.4960000E+01  0.5000000E+01  0.1000000E+01  0.1000000E+00
  0.1059423E+01  0.3421360E-01  0.4955000E+01  0.5000000E+01  0.1000000E+01  0.1000000E+00
  0.1059454E+01  0.3422940E-01  0.4950000E+01  0.5000000E+01  0.1000000E+01  0.1000000E+00
  0.1059485E+01  0.3424519E-01  0.4945000E+01  0.5000000E+01  0.1000000E+01  0.1000000E+00
  0.1059516E+01  0.3426099E-01  0.4940000E+01  0.5000000E+01  0.1000000E+01  0.1000000E+00
  0.1059547E+01  0.3427678E-01  0.4935000E+01  0.5000000E+01  0.1000000E+01  0.1000000E+00
  0.1059578E+01  0.3429258E-01  0.4930000E+01  0.5000000E+01  0.1000000E+01  0.1000000E+00
  0.1059609E+01  0.3430838E-01  0.4925000E+01  0.5000000E+01  0.1000000E+01  0.1000000E+00
  0.1059640E+01  0.3432418E-01  0.4920000E+01  0.5000000E+01  0.1000000E+01  0.1000000E+00
  0.1059671E+01  0.3433998E-01  0.4915000E+01  0.5000000E+01  0.1000000E+01  0.1000000E+00
  0.1059702E+01  0.3435578E-01  0.4910000E+01  0.5000000E+01  0.1000000E+01  0.1000000E+00
  0.1059734E+01  0.3437159E-01  0.4905000E+01  0.5000000E+01  0.1000000E+01  0.1000000E+00
  0.1059765E+01  0.3438739E-01  0.4900000E+01  0.5000000E+01  0.1000000E+01  0.1000000E+00
  0.1059796E+01  0.3440319E-01  0.4895000E+01  0.5000000E+01  0.1000000E+01  0.1000000E+00
  0.1059828E+01  0.3441899E-01  0.4890000E+01  0.5000000E+01  0.1000000E+01  0.1000000E+00
  0.1059859E+01  0.3443480E-01  0.4885000E+01  0.5000000E+01  0.1000000E+01  0.1000000E+00
  0.1059891E+01  0.3445060E-01  0.4880000E+01  0.5000000E+01  0.1000000E+01  0.1000000E+00
  0.1059923E+01  0.3446641E-01  0.4875000E+01  0.5000000E+01  0.1000000E+01  0.1000000E+00
  0.1059954E+01  0.3448221E-01  0.4870000E+01  0.5000000E+01  0.1000000E+01  0.1000000E+00
  0.1059986E+01  0.3449801E-01  0.4865000E+01  0.5000000E+01  0.1000000E+01  0.1000000E+00
  0.1060018E+01  0.3451382E-01  0.4860000E+01  0.5000000E+01  0.1000000E+01  0.1000000E+00
  0.1060050E+01  0.3452962E-01  0.4855000E+01  0.5000000E+01  0.1000000E+01  0.1000000E+00
  0.1060082E+01  0.3454543E-01  0.4850000E+01  0.5000000E+01  0.1000000E+01  0.1000000E+00
  0.1060114E+01  0.3456123E-01  0.4845000E+01  0.5000000E+01  0.1000000E+01  0.1000000E+00
  0.1060146E+01  0.3457703E-01  0.4840000E+01  0.5000000E+01  0.1000000E+01  0.1000000E+00
  0.1060178E+01  0.3459284E-01  0.4835000E+01  0.5000000E+01  0.1000000E+01  0.1000000E+00
  0.1060210E+01  0.3460864E-01  0.4830000E+01  0.5000000E+01  0.1000000E+01  0.1000000E+00
  0.1060242E+01  0.3462444E-01  0.4825000E+01  0.5000000E+01  0.1000000E+01  0.1000000E+00
  0.1060275E+01  0.3464025E-01  0.4820000E+01  0.5000000E+01  0.1000000E+01  0.1000000E+00
  0.1060307E+01  0.3465605E-01  0.4815000E+01  0.5000000E+01  0.1000000E+01  0.1000000E+00
  0.1060339E+01  0.3467185E-01  0.4810000E+01  0.5000000E+01  0.1000000E+01  0.1000000E+00
  0.1060372E+01  0.3468765E-01  0.4805000E+01  0.5000000E+01  0.1000000E+01  0.1000000E+00
  0.1060405E+01  0.3470345E-01  0.4800000E+01  0.5000000E+01  0.1000000E+01  0.1000000E+00
  0.1060437E+01  0.3471925E-01  0.4795000E+01  0.5000000E+01  0.1000000E+01  0.1000000E+00
  0.1060470E+01  0.3473504E-01  0.4790000E+01  0.5000000E+01  0.1000000E+01  0.1000000E+00
  0.1060503E+01  0.3475084E-01  0.4785000E+01  0.5000000E+01  0.1000000E+01  0.1000000E+00
  0.1060535E+01  0.3476664E-01  0.4780000E+01  0.5000000E+01  0.1000000E+01  0.1000000E+00
  0.1060568E+01  0.3478243E-01  0.4775000E+01  0.5000000E+01  0.1000000E+01  0.1000000E+00
  0.1060601E+01  0.3479822E-01  0.4770000E+01  0.5000000E+01  0.1000000E+01  0.1000000E+00
  0.1060634E+01  0.3481401E-01  0.4765000E+01  0.5000000E+01  0.1000000E+01  0.1000000E+00
  0.1060667E+01  0.3482980E-01  0.4760000E+01  0.5000000E+01  0.1000000E+01  0.1000000E+00
  0.1060700E+01  0.3484559E-01  0.4755000E+01  0.5000000E+01  0.1000000E+01  0.1000000E+00
  0.1060733E+01  0.3486138E-01  0.4750000E+01  0.5000000E+01  0.1000000E+01  0.1000000E+00
  0.1060767E+01  0.3487717E-01  0.4745000E+01  0.5000000E+01  0.1000000E+01  0.1000000E+00
  0.1060800E+01  0.3489295E-01  0.4740000E+01  0.5000000E+01  0.1000000E+01  0.1000000E+00
  0.1060833E+01  0.3490873E-01  0.4735000E+01  0.5000000E+01  0.1000000E+01  0.1000000E+00
  0.1060867E+01  0.3492451E-01  0.4730000E+01  0.5000000E+01  0.1000000E+01  0.1000000E+00
  0.1060900E+01  0.3494029E-01  0.4725000E+01  0.5000000E+01  0.1000000E+01  0.1000000E+00
  0.1060934E+01  0.3495607E-01  0.4720000E+01  0.5000000E+01  0.1000000E+01  0.1000000E+00
  0.1060967E+01  0.3497184E-01  0.4715000E+01  0.5000000E+01  0.1000000E+01  0.1000000E+00
  0.1061001E+01  0.3498761E-01  0.4710000E+01  0.5000000E+01  0.1000000E+01  0.1000000E+00
  0.1061035E+01  0.3500338E-01  0.4705000E+01  0.5000000E+01  0.1000000E+01  0.1000000E+00
  0.1061068E+01  0.3501915E-01  0.4700000E+01  0.5000000E+01  0.1000000E+01  0.1000000E+00
  0.1061102E+01  0.3503492E-01  0.4695000E+01  0.5000000E+01  0.1000000E+01  0.1000000E+00
  0.1061136E+01  0.3505068E-01  0.4690000E+01  0.5000000E+01  0.1000000E+01  0.1000000E+00
  0.1061170E+01  0.3506644E-01  0.4685000E+01  0.5000000E+01  0.1000000E+01  0.1000000E+00
  0.1061204E+01  0.3508220E-01  0.4680000E+01  0.5000000E+01  0.1000000E+01  0.1000000E+00
  0.1061238E+01  0.3509795E-01  0.4675000E+01  0.5000000E+01  0.1000000E+01  0.1000000E+00
  0.1061272E+01  0.3511370E-01  0.4670000E+01  0.5000000E+01  0.1000000E+01  0.1000000E+00
  0.1061307E+01  0.3512945E-01  0.4665000E+01  0.5000000E+01  0.1000000E+01  0.1000000E+00
  0.1061341E+01  0.3514520E-01  0.4660000E+01  0.5000000E+01  0.1000000E+01  0.1000000E+00
  0.1061375E+01  0.3516094E-01  0.4655000E+01  0.5000000E+01  0.1000000E+01  0.1000000E+00
  0.1061410E+01  0.3517668E-01  0.4650000E+01  0.5000000E+01  0.1000000E+01  0.1000000E+00
  0.1061444E+01  0.3519242E-01  0.4645000E+01  0.5000000E+01  0.1000000E+01  0.1000000E+00
  0.1061479E+01  0.3520815E-01  0.4640000E+01  0.5000000E+01  0.1000000E+01  0.1000000E+00
  0.1061514E+01  0.3522388E-01  0.4635000E+01  0.5000000E+01  0.1000000E+01  0.1000000E+00
  0.1061548E+01  0.3523961E-01  0.4630000E+01  0.5000000E+01  0.1000000E+01  0.1000000E+00
  0.1061583E+01  0.3525533E-01  0.4625000E+01  0.5000000E+01  0.1000000E+01  0.1000000E+00
  0.1061618E+01  0.3527105E-01  0.4620000E+01  0.5000000E+01  0.1000000E+01  0.1000000E+00
  0.1061653E+01  0.3528676E-01  0.4615000E+01  0.5000000E+01  0.1000000E+01  0.1000000E+00
  0.1061688E+01  0.3530248E-01  0.4610000E+01  0.5000000E+01  0.1000000E+01  0.1000000E+00
  0.1061723E+01  0.3531818E-01  0.4605000E+01  0.5000000E+01  0.1000000E+01  0.1000000E+00
  0.1061758E+01  0.3533389E-01  0.4600000E+01  0.5000000E+01  0.1000000E+01  0.1000000E+00
  0.1061793E+01  0.3534959E-01  0.4595000E+01  0.5000000E+01  0.1000000E+01  0.1000000E+00
  0.1061828E+01  0.3536528E-01  0.4590000E+01  0.5000000E+01  0.1000000E+01  0.1000000E+00
  0.1061863E+01  0.3538097E-01  0.4585000E+01  0.5000000E+01  0.1000000E+01  0.1000000E+00
  0.1061899E+01  0.3539666E-01  0.4580000E+01  0.5000000E+01  0.1000000E+01  0.1000000E+00
  0.1061934E+01  0.3541234E-01  0.4575000E+01  0.5000000E+01  0.1000000E+01  0.1000000E+00
  0.1061970E+01  0.3542802E-01  0.4570000E+01  0.5000000E+01  0.1000000E+01  0.1000000E+00
  0.1062005E+01  0.3544369E-01  0.4565000E+01  0.5000000E+01  0.1000000E+01  0.1000000E+00
  0.1062041E+01  0.3545936E-01  0.4560000E+01  0.5000000E+01  0.1000000E+01  0.1000000E+00
  0.1062077E+01  0.3547502E-01  0.4555000E+01  0.5000000E+01  0.1000000E+01  0.1000000E+00
  0.1062112E+01  0.3549068E-01  0.4550000E+01  0.5000000E+01  0.1000000E+01  0.1000000E+00
  0.1062148E+01  0.3550633E-01  0.4545000E+01  0.5000000E+01  0.1000000E+01  0.1000000E+00
  0.1062184E+01  0.3552198E-01  0.4540000E+01  0.5000000E+01  0.1000000E+01  0.1000000E+00
  0.1062220E+01  0.3553762E-01  0.4535000E+01  0.5000000E+01  0.1000000E+01  0.1000000E+00
  0.1062256E+01  0.3555326E-01  0.4530000E+01  0.5000000E+01  0.1000000E+01  0.1000000E+00
  0.1062292E+01  0.3556889E-01  0.4525000E+01  0.5000000E+01  0.1000000E+01  0.1000000E+00
  0.1062328E+01  0.3558452E-01  0.4520000E+01  0.5000000E+01  0.1000000E+01  0.1000000E+00
  0.1062365E+01  0.3560014E-01  0.4515000E+01  0.5000000E+01  0.1000000E+01  0.1000000E+00
  0.1062401E+01  0.3561575E-01  0.4510000E+01  0.5000000E+01  0.1000000E+01  0.1000000E+00
  0.1062437E+01  0.3563136E-01  0.4505000E+01  0.5000000E+01  0.1000000E+01  0.1000000E+00
  0.1062474E+01  0.3564697E-01  0.4500000E+01  0.5000000E+01  0.1000000E+01  0.1000000E+00
  0.1062510E+01  0.3566256E-01  0.4495000E+01  0.5000000E+01  0.1000000E+01  0.1000000E+00
  0.1062547E+01  0.3567815E-01  0.4490000E+01  0.5000000E+01  0.1000000E+01  0.1000000E+00
  0.1062583E+01  0.3569374E-01  0.4485000E+01  0.5000000E+01  0.1000000E+01  0.1000000E+00
  0.1062620E+01  0.3570932E-01  0.4480000E+01  0.5000000E+01  0.1000000E+01  0.1000000E+00
  0.1062657E+01  0.3572489E-01  0.4475000E+01  0.5000000E+01  0.1000000E+01  0.1000000E+00
  0.1062694E+01  0.3574045E-01  0.4470000E+01  0.5000000E+01  0.1000000E+01  0.1000000E+00
  0.1062731E+01  0.3575601E-01  0.4465000E+01  0.5000000E+01  0.1000000E+01  0.1000000E+00
  0.1062768E+01  0.3577157E-01  0.4460000E+01  0.5000000E+01  0.1000000E+01  0.1000000E+00
  0.1062805E+01  0.3578711E-01  0.4455000E+01  0.5000000E+01  0.1000000E+01  0.1000000E+00
  0.1062842E+01  0.3580265E-01  0.4450000E+01  0.5000000E+01  0.1000000E+01  0.1000000E+00
  0.1062879E+01  0.3581818E-01  0.4445000E+01  0.5000000E+01  0.1000000E+01  0.1000000E+00
  0.1062916E+01  0.3583370E-01  0.4440000E+01  0.5000000E+01  0.1000000E+01  0.1000000E+00
  0.1062954E+01  0.3584922E-01  0.4435000E+01  0.5000000E+01  0.1000000E+01  0.1000000E+00
  0.1062991E+01  0.3586473E-01  0.4430000E+01  0.5000000E+01  0.1000000E+01  0.1000000E+00
  0.1063029E+01  0.3588023E-01  0.4425000E+01  0.5000000E+01  0.1000000E+01  0.1000000E+00
  0.1063066E+01  0.3589572E-01  0.4420000E+01  0.5000000E+01  0.1000000E+01  0.1000000E+00
  0.1063104E+01  0.3591121E-01  0.4415000E+01  0.5000000E+01  0.1000000E+01  0.1000000E+00
  0.1063142E+01  0.3592669E-01  0.4410000E+01  0.5000000E+01  0.1000000E+01  0.1000000E+00
  0.1063179E+01  0.3594216E-01  0.4405000E+01  0.5000000E+01  0.1000000E+01  0.1000000E+00
  0.1063217E+01  0.3595762E-01  0.4400000E+01  0.5000000E+01  0.1000000E+01  0.1000000E+00
  0.1063255E+01  0.3597307E-01  0.4395000E+01  0.5000000E+01  0.1000000E+01  0.1000000E+00
  0.1063293E+01  0.3598852E-01  0.4390000E+01  0.5000000E+01  0.1000000E+01  0.1000000E+00
  0.1063331E+01  0.3600396E-01  0.4385000E+01  0.5000000E+01  0.1000000E+01  0.1000000E+00
  0.1063369E+01  0.3601938E-01  0.4380000E+01  0.5000000E+01  0.1000000E+01  0.1000000E+00
  0.1063408E+01  0.3603480E-01  0.4375000E+01  0.5000000E+01  0.1000000E+01  0.1000000E+00
  0.1063446E+01  0.3605021E-01  0.4370000E+01  0.5000000E+01  0.1000000E+01  0.1000000E+00
  0.1063484E+01  0.3606562E-01  0.4365000E+01  0.5000000E+01  0.1000000E+01  0.1000000E+00
  0.1063523E+01  0.3608101E-01  0.4360000E+01  0.5000000E+01  0.1000000E+01  0.1000000E+00
  0.1063561E+01  0.3609639E-01  0.4355000E+01  0.5000000E+01  0.1000000E+01  0.1000000E+00
  0.1063600E+01  0.3611177E-01  0.4350000E+01  0.5000000E+01  0.1000000E+01  0.1000000E+00
  0.1063639E+01  0.3612713E-01  0.4345000E+01  0.5000000E+01  0.1000000E+01  0.1000000E+00
  0.1063677E+01  0.3614249E-01  0.4340000E+01  0.5000000E+01  0.1000000E+01  0.1000000E+00
  0.1063716E+01  0.3615784E-01  0.4335000E+01  0.5000000E+01  0.1000000E+01  0.1000000E+00
  0.1063755E+01  0.3617317E-01  0.4330000E+01  0.5000000E+01  0.1000000E+01  0.1000000E+00
  0.1063794E+01  0.3618850E-01  0.4325000E+01  0.5000000E+01  0.1000000E+01  0.1000000E+00
  0.1063833E+01  0.3620382E-01  0.4320000E+01  0.5000000E+01  0.1000000E+01  0.1000000E+00
  0.1063872E+01  0.3621912E-01  0.4315000E+01  0.5000000E+01  0.1000000E+01  0.1000000E+00
  0.1063911E+01  0.3623442E-01  0.4310000E+01  0.5000000E+01  0.1000000E+01  0.1000000E+00
  0.1063951E+01  0.3624971E-01  0.4305000E+01  0.5000000E+01  0.1000000E+01  0.1000000E+00
  0.1063990E+01  0.3626498E-01  0.4300000E+01  0.5000000E+01  0.1000000E+01  0.1000000E+00
  0.1064029E+01  0.3628025E-01  0.4295000E+01  0.5000000E+01  0.1000000E+01  0.1000000E+00
  0.1064069E+01  0.3629550E-01  0.4290000E+01  0.5000000E+01  0.1000000E+01  0.1000000E+00
  0.1064108E+01  0.3631074E-01  0.4285000E+01  0.5000000E+01  0.1000000E+01  0.1000000E+00
  0.1064148E+01  0.3632598E-01  0.4280000E+01  0.5000000E+01  0.1000000E+01  0.1000000E+00
  0.1064188E+01  0.3634120E-01  0.4275000E+01  0.5000000E+01  0.1000000E+01  0.1000000E+00
  0.1064228E+01  0.3635641E-01  0.4270000E+01  0.5000000E+01  0.1000000E+01  0.1000000E+00
  0.1064267E+01  0.3637160E-01  0.4265000E+01  0.5000000E+01  0.1000000E+01  0.1000000E+00
  0.1064307E+01  0.3638679E-01  0.4260000E+01  0.5000000E+01  0.1000000E+01  0.1000000E+00
  0.1064347E+01  0.3640197E-01  0.4255000E+01  0.5000000E+01  0.1000000E+01  0.1000000E+00
  0.1064388E+01  0.3641713E-01  0.4250000E+01  0.5000000E+01  0.1000000E+01  0.1000000E+00
  0.1064428E+01  0.3643228E-01  0.4245000E+01  0.5000000E+01  0.1000000E+01  0.1000000E+00
  0.1064468E+01  0.3644742E-01  0.4240000E+01  0.5000000E+01  0.1000000E+01  0.1000000E+00
  0.1064508E+01  0.3646255E-01  0.4235000E+01  0.5000000E+01  0.1000000E+01  0.1000000E+00
  0.1064549E+01  0.3647766E-01  0.4230000E+01  0.5000000E+01  0.1000000E+01  0.1000000E+00
  0.1064589E+01  0.3649277E-01  0.4225000E+01  0.5000000E+01  0.1000000E+01  0.1000000E+00
  0.1064630E+01  0.3650786E-01  0.4220000E+01  0.5000000E+01  0.1000000E+01  0.1000000E+00
  0.1064671E+01  0.3652293E-01  0.4215000E+01  0.5000000E+01  0.1000000E+01  0.1000000E+00
  0.1064711E+01  0.3653800E-01  0.4210000E+01  0.5000000E+01  0.1000000E+01  0.1000000E+00
  0.1064752E+01  0.3655305E-01  0.4205000E+01  0.5000000E+01  0.1000000E+01  0.1000000E+00
  0.1064793E+01  0.3656809E-01  0.4200000E+01  0.5000000E+01  0.1000000E+01  0.1000000E+00
  0.1064834E+01  0.3658311E-01  0.4195000E+01  0.5000000E+01  0.1000000E+01  0.1000000E+00
  0.1064875E+01  0.3659812E-01  0.4190000E+01  0.5000000E+01  0.1000000E+01  0.1000000E+00
  0.1064916E+01  0.3661312E-01  0.4185000E+01  0.5000000E+01  0.1000000E+01  0.1000000E+00
  0.1064957E+01  0.3662810E-01  0.4180000E+01  0.5000000E+01  0.1000000E+01  0.1000000E+00
  0.1064999E+01  0.3664307E-01  0.4175000E+01  0.5000000E+01  0.1000000E+01  0.1000000E+00
  0.1065040E+01  0.3665803E-01  0.4170000E+01  0.5000000E+01  0.1000000E+01  0.1000000E+00
  0.1065081E+01  0.3667297E-01  0.4165000E+01  0.5000000E+01  0.1000000E+01  0.1000000E+00
  0.1065123E+01  0.3668790E-01  0.4160000E+01  0.5000000E+01  0.1000000E+01  0.1000000E+00
  0.1065165E+01  0.3670281E-01  0.4155000E+01  0.5000000E+01  0.1000000E+01  0.1000000E+00
  0.1065206E+01  0.3671771E-01  0.4150000E+01  0.5000000E+01  0.1000000E+01  0.1000000E+00
  0.1065248E+01  0.3673260E-01  0.4145000E+01  0.5000000E+01  0.1000000E+01  0.1000000E+00
  0.1065290E+01  0.3674746E-01  0.4140000E+01  0.5000000E+01  0.1000000E+01  0.1000000E+00
  0.1065332E+01  0.3676232E-01  0.4135000E+01  0.5000000E+01  0.1000000E+01  0.1000000E+00
  0.1065374E+01  0.3677716E-01  0.4130000E+01  0.5000000E+01  0.1000000E+01  0.1000000E+00
  0.1065416E+01  0.3679198E-01  0.4125000E+01  0.5000000E+01  0.1000000E+01  0.1000000E+00
  0.1065458E+01  0.3680679E-01  0.4120000E+01  0.5000000E+01  0.1000000E+01  0.1000000E+00
  0.1065500E+01  0.3682158E-01  0.4115000E+01  0.5000000E+01  0.1000000E+01  0.1000000E+00
  0.1065543E+01  0.3683636E-01  0.4110000E+01  0.5000000E+01  0.1000000E+01  0.1000000E+00
  0.1065585E+01  0.3685112E-01  0.4105000E+01  0.5000000E+01  0.1000000E+01  0.1000000E+00
  0.1065628E+01  0.3686586E-01  0.4100000E+01  0.5000000E+01  0.1000000E+01  0.1000000E+00
  0.1065670E+01  0.3688059E-01  0.4095000E+01  0.5000000E+01  0.1000000E+01  0.1000000E+00
  0.1065713E+01  0.3689530E-01  0.4090000E+01  0.5000000E+01  0.1000000E+01  0.1000000E+00
  0.1065756E+01  0.3690999E-01  0.4085000E+01  0.5000000E+01  0.1000000E+01  0.1000000E+00
  0.1065798E+01  0.3692467E-01  0.4080000E+01  0.5000000E+01  0.1000000E+01  0.1000000E+00
  0.1065841E+01  0.3693933E-01  0.4075000E+01  0.5000000E+01  0.1000000E+01  0.1000000E+00
  0.1065884E+01  0.3695398E-01  0.4070000E+01  0.5000000E+01  0.1000000E+01  0.1000000E+00
  0.1065927E+01  0.3696860E-01  0.4065000E+01  0.5000000E+01  0.1000000E+01  0.1000000E+00
  0.1065971E+01  0.3698321E-01  0.4060000E+01  0.5000000E+01  0.1000000E+01  0.1000000E+00
  0.1066014E+01  0.3699780E-01  0.4055000E+01  0.5000000E+01  0.1000000E+01  0.1000000E+00
  0.1066057E+01  0.3701238E-01  0.4050000E+01  0.5000000E+01  0.1000000E+01  0.1000000E+00
  0.1066101E+01  0.3702693E-01  0.4045000E+01  0.5000000E+01  0.1000000E+01  0.1000000E+00
  0.1066144E+01  0.3704147E-01  0.4040000E+01  0.5000000E+01  0.1000000E+01  0.1000000E+00
  0.1066188E+01  0.3705599E-01  0.4035000E+01  0.5000000E+01  0.1000000E+01  0.1000000E+00
  0.1066231E+01  0.3707049E-01  0.4030000E+01  0.5000000E+01  0.1000000E+01  0.1000000E+00
  0.1066275E+01  0.3708497E-01  0.4025000E+01  0.5000000E+01  0.1000000E+01  0.1000000E+00
  0.1066319E+01  0.3709944E-01  0.4020000E+01  0.5000000E+01  0.1000000E+01  0.1000000E+00
  0.1066363E+01  0.3711388E-01  0.4015000E+01  0.5000000E+01  0.1000000E+01  0.1000000E+00
  0.1066407E+01  0.3712831E-01  0.4010000E+01  0.5000000E+01  0.1000000E+01  0.1000000E+00
  0.1066451E+01  0.3714271E-01  0.4005000E+01  0.5000000E+01  0.1000000E+01  0.1000000E+00
  0.1066495E+01  0.3715710E-01  0.4000000E+01  0.5000000E+01  0.1000000E+01  0.1000000E+00
  0.1066539E+01  0.3717146E-01  0.3995000E+01  0.5000000E+01  0.1000000E+01  0.1000000E+00
  0.1066584E+01  0.3718581E-01  0.3990000E+01  0.5000000E+01  0.1000000E+01  0.1000000E+00
  0.1066628E+01  0.3720014E-01  0.3985000E+01  0.5000000E+01  0.1000000E+01  0.1000000E+00
  0.1066673E+01  0.3721445E-01  0.3980000E+01  0.5000000E+01  0.1000000E+01  0.1000000E+00
  0.1066717E+01  0.3722873E-01  0.3975000E+01  0.5000000E+01  0.1000000E+01  0.1000000E+00
  0.1066762E+01  0.3724300E-01  0.3970000E+01  0.5000000E+01  0.1000000E+01  0.1000000E+00
  0.1066807E+01  0.3725724E-01  0.3965000E+01  0.5000000E+01  0.1000000E+01  0.1000000E+00
  0.1066852E+01  0.3727147E-01  0.3960000E+01  0.5000000E+01  0.1000000E+01  0.1000000E+00
  0.1066897E+01  0.3728567E-01  0.3955000E+01  0.5000000E+01  0.1000000E+01  0.1000000E+00
  0.1066942E+01  0.3729985E-01  0.3950000E+01  0.5000000E+01  0.1000000E+01  0.1000000E+00
  0.1066987E+01  0.3731401E-01  0.3945000E+01  0.5000000E+01  0.1000000E+01  0.1000000E+00
  0.1067032E+01  0.3732815E-01  0.3940000E+01  0.5000000E+01  0.1000000E+01  0.1000000E+00
  0.1067078E+01  0.3734227E-01  0.3935000E+01  0.5000000E+01  0.1000000E+01  0.1000000E+00
  0.1067123E+01  0.3735637E-01  0.3930000E+01  0.5000000E+01  0.1000000E+01  0.1000000E+00
  0.1067168E+01  0.3737044E-01  0.3925000E+01  0.5000000E+01  0.1000000E+01  0.1000000E+00
  0.1067214E+01  0.3738449E-01  0.3920000E+01  0.5000000E+01  0.1000000E+01  0.1000000E+00
  0.1067260E+01  0.3739852E-01  0.3915000E+01  0.5000000E+01  0.1000000E+01  0.1000000E+00
  0.1067305E+01  0.3741252E-01  0.3910000E+01  0.5000000E+01  0.1000000E+01  0.1000000E+00
  0.1067351E+01  0.3742651E-01  0.3905000E+01  0.5000000E+01  0.1000000E+01  0.1000000E+00
  0.1067397E+01  0.3744046E-01  0.3900000E+01  0.5000000E+01  0.1000000E+01  0.1000000E+00
  0.1067443E+01  0.3745440E-01  0.3895000E+01  0.5000000E+01  0.1000000E+01  0.1000000E+00
  0.1067489E+01  0.3746831E-01  0.3890000E+01  0.5000000E+01  0.1000000E+01  0.1000000E+00
  0.1067536E+01  0.3748220E-01  0.3885000E+01  0.5000000E+01  0.1000000E+01  0.1000000E+00
  0.1067582E+01  0.3749606E-01  0.3880000E+01  0.5000000E+01  0.1000000E+01  0.1000000E+00
  0.1067628E+01  0.3750990E-01  0.3875000E+01  0.5000000E+01  0.1000000E+01  0.1000000E+00
  0.1067675E+01  0.3752372E-01  0.3870000E+01  0.5000000E+01  0.1000000E+01  0.1000000E+00
  0.1067721E+01  0.3753751E-01  0.3865000E+01  0.5000000E+01  0.1000000E+01  0.1000000E+00
  0.1067768E+01  0.3755128E-01  0.3860000E+01  0.5000000E+01  0.1000000E+01  0.1000000E+00
  0.1067815E+01  0.3756502E-01  0.3855000E+01  0.5000000E+01  0.1000000E+01  0.1000000E+00
  0.1067862E+01  0.3757874E-01  0.3850000E+01  0.5000000E+01  0.1000000E+01  0.1000000E+00
  0.1067909E+01  0.3759243E-01  0.3845000E+01  0.5000000E+01  0.1000000E+01  0.1000000E+00
  0.1067956E+01  0.3760609E-01  0.3840000E+01  0.5000000E+01  0.1000000E+01  0.1000000E+00
  0.1068003E+01  0.3761973E-01  0.3835000E+01  0.5000000E+01  0.1000000E+01  0.1000000E+00
  0.1068050E+01  0.3763335E-01  0.3830000E+01  0.5000000E+01  0.1000000E+01  0.1000000E+00
  0.1068097E+01  0.3764693E-01  0.3825000E+01  0.5000000E+01  0.1000000E+01  0.1000000E+00
  0.1068145E+01  0.3766050E-01  0.3820000E+01  0.5000000E+01  0.1000000E+01  0.1000000E+00
  0.1068192E+01  0.3767403E-01  0.3815000E+01  0.5000000E+01  0.1000000E+01  0.1000000E+00
  0.1068240E+01  0.3768754E-01  0.3810000E+01  0.5000000E+01  0.1000000E+01  0.1000000E+00
  0.1068287E+01  0.3770102E-01  0.3805000E+01  0.5000000E+01  0.1000000E+01  0.1000000E+00
  0.1068335E+01  0.3771447E-01  0.3800000E+01  0.5000000E+01  0.1000000E+01  0.1000000E+00
  0.1068383E+01  0.3772790E-01  0.3795000E+01  0.5000000E+01  0.1000000E+01  0.1000000E+00
  0.1068431E+01  0.3774130E-01  0.3790000E+01  0.5000000E+01  0.1000000E+01  0.1000000E+00
  0.1068479E+01  0.3775467E-01  0.3785000E+01  0.5000000E+01  0.1000000E+01  0.1000000E+00
  0.1068527E+01  0.3776801E-01  0.3780000E+01  0.5000000E+01  0.1000000E+01  0.1000000E+00
  0.1068576E+01  0.3778132E-01  0.3775000E+01  0.5000000E+01  0.1000000E+01  0.1000000E+00
  0.1068624E+01  0.3779461E-01  0.3770000E+01  0.5000000E+01  0.1000000E+01  0.1000000E+00
  0.1068672E+01  0.3780786E-01  0.3765000E+01  0.5000000E+01  0.1000000E+01  0.1000000E+00
  0.1068721E+01  0.3782109E-01  0.3760000E+01  0.5000000E+01  0.1000000E+01  0.1000000E+00
  0.1068769E+01  0.3783429E-01  0.3755000E+01  0.5000000E+01  0.1000000E+01  0.1000000E+00
  0.1068818E+01  0.3784746E-01  0.3750000E+01  0.5000000E+01  0.1000000E+01  0.1000000E+00
  0.1068867E+01  0.3786060E-01  0.3745000E+01  0.5000000E+01  0.1000000E+01  0.1000000E+00
  0.1068916E+01  0.3787371E-01  0.3740000E+01  0.5000000E+01  0.1000000E+01  0.1000000E+00
  0.1068965E+01  0.3788678E-01  0.3735000E+01  0.5000000E+01  0.1000000E+01  0.1000000E+00
  0.1069014E+01  0.3789983E-01  0.3730000E+01  0.5000000E+01  0.1000000E+01  0.1000000E+00
  0.1069063E+01  0.3791285E-01  0.3725000E+01  0.5000000E+01  0.1000000E+01  0.1000000E+00
  0.1069112E+01  0.3792584E-01  0.3720000E+01  0.5000000E+01  0.1000000E+01  0.1000000E+00
  0.1069162E+01  0.3793879E-01  0.3715000E+01  0.5000000E+01  0.1000000E+01  0.1000000E+00
  0.1069211E+01  0.3795172E-01  0.3710000E+01  0.5000000E+01  0.1000000E+01  0.1000000E+00
  0.1069261E+01  0.3796461E-01  0.3705000E+01  0.5000000E+01  0.1000000E+01  0.1000000E+00
  0.1069311E+01  0.3797747E-01  0.3700000E+01  0.5000000E+01  0.1000000E+01  0.1000000E+00
  0.1069360E+01  0.3799030E-01  0.3695000E+01  0.5000000E+01  0.1000000E+01  0.1000000E+00
  0.1069410E+01  0.3800310E-01  0.3690000E+01  0.5000000E+01  0.1000000E+01  0.1000000E+00
  0.1069460E+01  0.3801586E-01  0.3685000E+01  0.5000000E+01  0.1000000E+01  0.1000000E+00
  0.1069510E+01  0.3802859E-01  0.3680000E+01  0.5000000E+01  0.1000000E+01  0.1000000E+00
  0.1069560E+01  0.3804129E-01  0.3675000E+01  0.5000000E+01  0.1000000E+01  0.1000000E+00
  0.1069611E+01  0.3805396E-01  0.3670000E+01  0.5000000E+01  0.1000000E+01  0.1000000E+00
  0.1069661E+01  0.3806659E-01  0.3665000E+01  0.5000000E+01  0.1000000E+01  0.1000000E+00
  0.1069712E+01  0.3807919E-01  0.3660000E+01  0.5000000E+01  0.1000000E+01  0.1000000E+00
  0.1069762E+01  0.3809175E-01  0.3655000E+01  0.5000000E+01  0.1000000E+01  0.1000000E+00
  0.1069813E+01  0.3810428E-01  0.3650000E+01  0.5000000E+01  0.1000000E+01  0.1000000E+00
  0.1069864E+01  0.3811678E-01  0.3645000E+01  0.5000000E+01  0.1000000E+01  0.1000000E+00
  0.1069914E+01  0.3812924E-01  0.3640000E+01  0.5000000E+01  0.1000000E+01  0.1000000E+00
  0.1069965E+01  0.3814166E-01  0.3635000E+01  0.5000000E+01  0.1000000E+01  0.1000000E+00
  0.1070016E+01  0.3815405E-01  0.3630000E+01  0.5000000E+01  0.1000000E+01  0.1000000E+00
  0.1070068E+01  0.3816641E-01  0.3625000E+01  0.5000000E+01  0.1000000E+01  0.1000000E+00
  0.1070119E+01  0.3817872E-01  0.3620000E+01  0.5000000E+01  0.1000000E+01  0.1000000E+00
  0.1070170E+01  0.3819101E-01  0.3615000E+01  0.5000000E+01  0.1000000E+01  0.1000000E+00
  0.1070222E+01  0.3820325E-01  0.3610000E+01  0.5000000E+01  0.1000000E+01  0.1000000E+00
  0.1070273E+01  0.3821546E-01  0.3605000E+01  0.5000000E+01  0.1000000E+01  0.1000000E+00
  0.1070325E+01  0.3822764E-01  0.3600000E+01  0.5000000E+01  0.1000000E+01  0.1000000E+00
  0.1070377E+01  0.3823977E-01  0.3595000E+01  0.5000000E+01  0.1000000E+01  0.1000000E+00
  0.1070428E+01  0.3825187E-01  0.3590000E+01  0.5000000E+01  0.1000000E+01  0.1000000E+00
  0.1070480E+01  0.3826393E-01  0.3585000E+01  0.5000000E+01  0.1000000E+01  0.1000000E+00
  0.1070532E+01  0.3827595E-01  0.3580000E+01  0.5000000E+01  0.1000000E+01  0.1000000E+00
  0.1070585E+01  0.3828794E-01  0.3575000E+01  0.5000000E+01  0.1000000E+01  0.1000000E+00
  0.1070637E+01  0.3829988E-01  0.3570000E+01  0.5000000E+01  0.1000000E+01  0.1000000E+00
  0.1070689E+01  0.3831179E-01  0.3565000E+01  0.5000000E+01  0.1000000E+01  0.1000000E+00
  0.1070742E+01  0.3832366E-01  0.3560000E+01  0.5000000E+01  0.1000000E+01  0.1000000E+00
  0.1070794E+01  0.3833549E-01  0.3555000E+01  0.5000000E+01  0.1000000E+01  0.1000000E+00
  0.1070847E+01  0.3834728E-01  0.3550000E+01  0.5000000E+01  0.1000000E+01  0.1000000E+00
  0.1070900E+01  0.3835903E-01  0.3545000E+01  0.5000000E+01  0.1000000E+01  0.1000000E+00
  0.1070953E+01  0.3837074E-01  0.3540000E+01  0.5000000E+01  0.1000000E+01  0.1000000E+00
  0.1071006E+01  0.3838241E-01  0.3535000E+01  0.5000000E+01  0.1000000E+01  0.1000000E+00
  0.1071059E+01  0.3839404E-01  0.3530000E+01  0.5000000E+01  0.1000000E+01  0.1000000E+00
  0.1071112E+01  0.3840562E-01  0.3525000E+01  0.5000000E+01  0.1000000E+01  0.1000000E+00
  0.1071165E+01  0.3841717E-01  0.3520000E+01  0.5000000E+01  0.1000000E+01  0.1000000E+00
  0.1071219E+01  0.3842868E-01  0.3515000E+01  0.5000000E+01  0.1000000E+01  0.1000000E+00
  0.1071272E+01  0.3844014E-01  0.3510000E+01  0.5000000E+01  0.1000000E+01  0.1000000E+00
  0.1071326E+01  0.3845156E-01  0.3505000E+01  0.5000000E+01  0.1000000E+01  0.1000000E+00
  0.1071379E+01  0.3846294E-01  0.3500000E+01  0.5000000E+01  0.1000000E+01  0.1000000E+00
  0.1071433E+01  0.3847427E-01  0.3495000E+01  0.5000000E+01  0.1000000E+01  0.1000000E+00
  0.1071487E+01  0.3848557E-01  0.3490000E+01  0.5000000E+01  0.1000000E+01  0.1000000E+00
  0.1071541E+01  0.3849682E-01  0.3485000E+01  0.5000000E+01  0.1000000E+01  0.1000000E+00
  0.1071595E+01  0.3850802E-01  0.3480000E+01  0.5000000E+01  0.1000000E+01  0.1000000E+00
  0.1071650E+01  0.3851919E-01  0.3475000E+01  0.5000000E+01  0.1000000E+01  0.1000000E+00
  0.1071704E+01  0.3853030E-01  0.3470000E+01  0.5000000E+01  0.1000000E+01  0.1000000E+00
  0.1071758E+01  0.3854138E-01  0.3465000E+01  0.5000000E+01  0.1000000E+01  0.1000000E+00
  0.1071813E+01  0.3855241E-01  0.3460000E+01  0.5000000E+01  0.1000000E+01  0.1000000E+00
  0.1071868E+01  0.3856339E-01  0.3455000E+01  0.5000000E+01  0.1000000E+01  0.1000000E+00
  0.1071922E+01  0.3857433E-01  0.3450000E+01  0.5000000E+01  0.1000000E+01  0.1000000E+00
  0.1071977E+01  0.3858522E-01  0.3445000E+01  0.5000000E+01  0.1000000E+01  0.1000000E+00
  0.1072032E+01  0.3859607E-01  0.3440000E+01  0.5000000E+01  0.1000000E+01  0.1000000E+00
  0.1072087E+01  0.3860687E-01  0.3435000E+01  0.5000000E+01  0.1000000E+01  0.1000000E+00
  0.1072143E+01  0.3861762E-01  0.3430000E+01  0.5000000E+01  0.1000000E+01  0.1000000E+00
  0.1072198E+01  0.3862833E-01  0.3425000E+01  0.5000000E+01  0.1000000E+01  0.1000000E+00
  0.1072253E+01  0.3863899E-01  0.3420000E+01  0.5000000E+01  0.1000000E+01  0.1000000E+00
  0.1072309E+01  0.3864960E-01  0.3415000E+01  0.5000000E+01  0.1000000E+01  0.1000000E+00
  0.1072364E+01  0.3866016E-01  0.3410000E+01  0.5000000E+01  0.1000000E+01  0.1000000E+00
  0.1072420E+01  0.3867068E-01  0.3405000E+01  0.5000000E+01  0.1000000E+01  0.1000000E+00
  0.1072476E+01  0.3868115E-01  0.3400000E+01  0.5000000E+01  0.1000000E+01  0.1000000E+00
  0.1072532E+01  0.3869156E-01  0.3395000E+01  0.5000000E+01  0.1000000E+01  0.1000000E+00
  0.1072588E+01  0.3870193E-01  0.3390000E+01  0.5000000E+01  0.1000000E+01  0.1000000E+00
  0.1072644E+01  0.3871225E-01  0.3385000E+01  0.5000000E+01  0.1000000E+01  0.1000000E+00
  0.1072701E+01  0.3872252E-01  0.3380000E+01  0.5000000E+01  0.1000000E+01  0.1000000E+00
  0.1072757E+01  0.3873274E-01  0.3375000E+01  0.5000000E+01  0.1000000E+01  0.1000000E+00
  0.1072813E+01  0.3874291E-01  0.3370000E+01  0.5000000E+01  0.1000000E+01  0.1000000E+00
  0.1072870E+01  0.3875303E-01  0.3365000E+01  0.5000000E+01  0.1000000E+01  0.1000000E+00
  0.1072927E+01  0.3876310E-01  0.3360000E+01  0.5000000E+01  0.1000000E+01  0.1000000E+00
  0.1072984E+01  0.3877311E-01  0.3355000E+01  0.5000000E+01  0.1000000E+01  0.1000000E+00
  0.1073041E+01  0.3878308E-01  0.3350000E+01  0.5000000E+01  0.1000000E+01  0.1000000E+00
  0.1073098E+01  0.3879299E-01  0.3345000E+01  0.5000000E+01  0.1000000E+01  0.1000000E+00
  0.1073155E+01  0.3880285E-01  0.3340000E+01  0.5000000E+01  0.1000000E+01  0.1000000E+00
  0.1073212E+01  0.3881265E-01  0.3335000E+01  0.5000000E+01  0.1000000E+01  0.1000000E+00
  0.1073269E+01  0.3882241E-01  0.3330000E+01  0.5000000E+01  0.1000000E+01  0.1000000E+00
  0.1073327E+01  0.3883211E-01  0.3325000E+01  0.5000000E+01  0.1000000E+01  0.1000000E+00
  0.1073385E+01  0.3884175E-01  0.3320000E+01  0.5000000E+01  0.1000000E+01  0.1000000E+00
  0.1073442E+01  0.3885134E-01  0.3315000E+01  0.5000000E+01  0.1000000E+01  0.1000000E+00
  0.1073500E+01  0.3886088E-01  0.3310000E+01  0.5000000E+01  0.1000000E+01  0.1000000E+00
  0.1073558E+01  0.3887036E-01  0.3305000E+01  0.5000000E+01  0.1000000E+01  0.1000000E+00
  0.1073616E+01  0.3887979E-01  0.3300000E+01  0.5000000E+01  0.1000000E+01  0.1000000E+00
  0.1073674E+01  0.3888916E-01  0.3295000E+01  0.5000000E+01  0.1000000E+01  0.1000000E+00
  0.1073733E+01  0.3889848E-01  0.3290000E+01  0.5000000E+01  0.1000000E+01  0.1000000E+00
  0.1073791E+01  0.3890773E-01  0.3285000E+01  0.5000000E+01  0.1000000E+01  0.1000000E+00
  0.1073849E+01  0.3891694E-01  0.3280000E+01  0.5000000E+01  0.1000000E+01  0.1000000E+00
  0.1073908E+01  0.3892608E-01  0.3275000E+01  0.5000000E+01  0.1000000E+01  0.1000000E+00
  0.1073967E+01  0.3893517E-01  0.3270000E+01  0.5000000E+01  0.1000000E+01  0.1000000E+00
  0.1074026E+01  0.3894420E-01  0.3265000E+01  0.5000000E+01  0.1000000E+01  0.1000000E+00
  0.1074085E+01  0.3895317E-01  0.3260000E+01  0.5000000E+01  0.1000000E+01  0.1000000E+00
  0.1074144E+01  0.3896208E-01  0.3255000E+01  0.5000000E+01  0.1000000E+01  0.1000000E+00
  0.1074203E+01  0.3897094E-01  0.3250000E+01  0.5000000E+01  0.1000000E+01  0.1000000E+00
  0.1074262E+01  0.3897973E-01  0.3245000E+01  0.5000000E+01  0.1000000E+01  0.1000000E+00
  0.1074322E+01  0.3898847E-01  0.3240000E+01  0.5000000E+01  0.1000000E+01  0.1000000E+00
  0.1074381E+01  0.3899714E-01  0.3235000E+01  0.5000000E+01  0.1000000E+01  0.1000000E+00
  0.1074441E+01  0.3900576E-01  0.3230000E+01  0.5000000E+01  0.1000000E+01  0.1000000E+00
  0.1074501E+01  0.3901431E-01  0.3225000E+01  0.5000000E+01  0.1000000E+01  0.1000000E+00
  0.1074560E+01  0.3902280E-01  0.3220000E+01  0.5000000E+01  0.1000000E+01  0.1000000E+00
  0.1074620E+01  0.3903123E-01  0.3215000E+01  0.5000000E+01  0.1000000E+01  0.1000000E+00
  0.1074681E+01  0.3903960E-01  0.3210000E+01  0.5000000E+01  0.1000000E+01  0.1000000E+00
  0.1074741E+01  0.3904791E-01  0.3205000E+01  0.5000000E+01  0.1000000E+01  0.1000000E+00
  0.1074801E+01  0.3905616E-01  0.3200000E+01  0.5000000E+01  0.1000000E+01  0.1000000E+00
  0.1074862E+01  0.3906434E-01  0.3195000E+01  0.5000000E+01  0.1000000E+01  0.1000000E+00
  0.1074922E+01  0.3907245E-01  0.3190000E+01  0.5000000E+01  0.1000000E+01  0.1000000E+00
  0.1074983E+01  0.3908051E-01  0.3185000E+01  0.5000000E+01  0.1000000E+01  0.1000000E+00
  0.1075044E+01  0.3908850E-01  0.3180000E+01  0.5000000E+01  0.1000000E+01  0.1000000E+00
  0.1075105E+01  0.3909642E-01  0.3175000E+01  0.5000000E+01  0.1000000E+01  0.1000000E+00
  0.1075166E+01  0.3910428E-01  0.3170000E+01  0.5000000E+01  0.1000000E+01  0.1000000E+00
  0.1075227E+01  0.3911208E-01  0.3165000E+01  0.5000000E+01  0.1000000E+01  0.1000000E+00
  0.1075288E+01  0.3911981E-01  0.3160000E+01  0.5000000E+01  0.1000000E+01  0.1000000E+00
  0.1075349E+01  0.3912747E-01  0.3155000E+01  0.5000000E+01  0.1000000E+01  0.1000000E+00
  0.1075411E+01  0.3913506E-01  0.3150000E+01  0.5000000E+01  0.1000000E+01  0.1000000E+00
  0.1075473E+01  0.3914259E-01  0.3145000E+01  0.5000000E+01  0.1000000E+01  0.1000000E+00
  0.1075534E+01  0.3915005E-01  0.3140000E+01  0.5000000E+01  0.1000000E+01  0.1000000E+00
  0.1075596E+01  0.3915745E-01  0.3135000E+01  0.5000000E+01  0.1000000E+01  0.1000000E+00
  0.1075658E+01  0.3916477E-01  0.3130000E+01  0.5000000E+01  0.1000000E+01  0.1000000E+00
  0.1075720E+01  0.3917203E-01  0.3125000E+01  0.5000000E+01  0.1000000E+01  0.1000000E+00
  0.1075782E+01  0.3917921E-01  0.3120000E+01  0.5000000E+01  0.1000000E+01  0.1000000E+00
  0.1075845E+01  0.3918633E-01  0.3115000E+01  0.5000000E+01  0.1000000E+01  0.1000000E+00
  0.1075907E+01  0.3919338E-01  0.3110000E+01  0.5000000E+01  0.1000000E+01  0.1000000E+00
  0.1075970E+01  0.3920035E-01  0.3105000E+01  0.5000000E+01  0.1000000E+01  0.1000000E+00
  0.1076032E+01  0.3920726E-01  0.3100000E+01  0.5000000E+01  0.1000000E+01  0.1000000E+00
  0.1076095E+01  0.3921409E-01  0.3095000E+01  0.5000000E+01  0.1000000E+01  0.1000000E+00
  0.1076158E+01  0.3922086E-01  0.3090000E+01  0.5000000E+01  0.1000000E+01  0.1000000E+00
  0.1076221E+01  0.3922755E-01  0.3085000E+01  0.5000000E+01  0.1000000E+01  0.1000000E+00
  0.1076284E+01  0.3923417E-01  0.3080000E+01  0.5000000E+01  0.1000000E+01  0.1000000E+00
  0.1076348E+01  0.3924071E-01  0.3075000E+01  0.5000000E+01  0.1000000E+01  0.1000000E+00
  0.1076411E+01  0.3924718E-01  0.3070000E+01  0.5000000E+01  0.1000000E+01  0.1000000E+00
  0.1076475E+01  0.3925358E-01  0.3065000E+01  0.5000000E+01  0.1000000E+01  0.1000000E+00
  0.1076538E+01  0.3925991E-01  0.3060000E+01  0.5000000E+01  0.1000000E+01  0.1000000E+00
  0.1076602E+01  0.3926616E-01  0.3055000E+01  0.5000000E+01  0.1000000E+01  0.1000000E+00
  0.1076666E+01  0.3927233E-01  0.3050000E+01  0.5000000E+01  0.1000000E+01  0.1000000E+00
  0.1076730E+01  0.3927843E-01  0.3045000E+01  0.5000000E+01  0.1000000E+01  0.1000000E+00
  0.1076794E+01  0.3928445E-01  0.3040000E+01  0.5000000E+01  0.1000000E+01  0.1000000E+00
  0.1076858E+01  0.3929039E-01  0.3035000E+01  0.5000000E+01  0.1000000E+01  0.1000000E+00
  0.1076923E+01  0.3929626E-01  0.3030000E+01  0.5000000E+01  0.1000000E+01  0.1000000E+00
  0.1076987E+01  0.3930205E-01  0.3025000E+01  0.5000000E+01  0.1000000E+01  0.1000000E+00
  0.1077052E+01  0.3930777E-01  0.3020000E+01  0.5000000E+01  0.1000000E+01  0.1000000E+00
  0.1077117E+01  0.3931340E-01  0.3015000E+01  0.5000000E+01  0.1000000E+01  0.1000000E+00
  0.1077181E+01  0.3931896E-01  0.3010000E+01  0.5000000E+01  0.1000000E+01  0.1000000E+00
  0.1077246E+01  0.3932444E-01  0.3005000E+01  0.5000000E+01  0.1000000E+01  0.1000000E+00
  0.1077312E+01  0.3932983E-01  0.3000000E+01  0.5000000E+01  0.1000000E+01  0.1000000E+00
  0.1077377E+01  0.3933515E-01  0.2995000E+01  0.5000000E+01  0.1000000E+01  0.1000000E+00
  0.1077442E+01  0.3934039E-01  0.2990000E+01  0.5000000E+01  0.1000000E+01  0.1000000E+00
  0.1077508E+01  0.3934554E-01  0.2985000E+01  0.5000000E+01  0.1000000E+01  0.1000000E+00
  0.1077573E+01  0.3935061E-01  0.2980000E+01  0.5000000E+01  0.1000000E+01  0.1000000E+00
  0.1077639E+01  0.3935560E-01  0.2975000E+01  0.5000000E+01  0.1000000E+01  0.1000000E+00
  0.1077705E+01  0.3936051E-01  0.2970000E+01  0.5000000E+01  0.1000000E+01  0.1000000E+00
  0.1077771E+01  0.3936534E-01  0.2965000E+01  0.5000000E+01  0.1000000E+01  0.1000000E+00
  0.1077837E+01  0.3937008E-01  0.2960000E+01  0.5000000E+01  0.1000000E+01  0.1000000E+00
  0.1077903E+01  0.3937474E-01  0.2955000E+01  0.5000000E+01  0.1000000E+01  0.1000000E+00
  0.1077969E+01  0.3937931E-01  0.2950000E+01  0.5000000E+01  0.1000000E+01  0.1000000E+00
  0.1078036E+01  0.3938380E-01  0.2945000E+01  0.5000000E+01  0.1000000E+01  0.1000000E+00
  0.1078102E+01  0.3938821E-01  0.2940000E+01  0.5000000E+01  0.1000000E+01  0.1000000E+00
  0.1078169E+01  0.3939252E-01  0.2935000E+01  0.5000000E+01  0.1000000E+01  0.1000000E+00
  0.1078236E+01  0.3939675E-01  0.2930000E+01  0.5000000E+01  0.1000000E+01  0.1000000E+00
  0.1078303E+01  0.3940090E-01  0.2925000E+01  0.5000000E+01  0.1000000E+01  0.1000000E+00
  0.1078370E+01  0.3940495E-01  0.2920000E+01  0.5000000E+01  0.1000000E+01  0.1000000E+00
  0.1078437E+01  0.3940892E-01  0.2915000E+01  0.5000000E+01  0.1000000E+01  0.1000000E+00
  0.1078505E+01  0.3941280E-01  0.2910000E+01  0.5000000E+01  0.1000000E+01  0.1000000E+00
  0.1078572E+01  0.3941659E-01  0.2905000E+01  0.5000000E+01  0.1000000E+01  0.1000000E+00
  0.1078640E+01  0.3942029E-01  0.2900000E+01  0.5000000E+01  0.1000000E+01  0.1000000E+00
  0.1078707E+01  0.3942391E-01  0.2895000E+01  0.5000000E+01  0.1000000E+01  0.1000000E+00
  0.1078775E+01  0.3942743E-01  0.2890000E+01  0.5000000E+01  0.1000000E+01  0.1000000E+00
  0.1078843E+01  0.3943086E-01  0.2885000E+01  0.5000000E+01  0.1000000E+01  0.1000000E+00
  0.1078911E+01  0.3943420E-01  0.2880000E+01  0.5000000E+01  0.1000000E+01  0.1000000E+00
  0.1078979E+01  0.3943744E-01  0.2875000E+01  0.5000000E+01  0.1000000E+01  0.1000000E+00
  0.1079048E+01  0.3944060E-01  0.2870000E+01  0.5000000E+01  0.1000000E+01  0.1000000E+00
  0.1079116E+01  0.3944366E-01  0.2865000E+01  0.5000000E+01  0.1000000E+01  0.1000000E+00
  0.1079185E+01  0.3944663E-01  0.2860000E+01  0.5000000E+01  0.1000000E+01  0.1000000E+00
  0.1079254E+01  0.3944950E-01  0.2855000E+01  0.5000000E+01  0.1000000E+01  0.1000000E+00
  0.1079322E+01  0.3945228E-01  0.2850000E+01  0.5000000E+01  0.1000000E+01  0.1000000E+00
  0.1079391E+01  0.3945496E-01  0.2845000E+01  0.5000000E+01  0.1000000E+01  0.1000000E+00
  0.1079460E+01  0.3945755E-01  0.2840000E+01  0.5000000E+01  0.1000000E+01  0.1000000E+00
  0.1079530E+01  0.3946004E-01  0.2835000E+01  0.5000000E+01  0.1000000E+01  0.1000000E+00
  0.1079599E+01  0.3946244E-01  0.2830000E+01  0.5000000E+01  0.1000000E+01  0.1000000E+00
  0.1079669E+01  0.3946473E-01  0.2825000E+01  0.5000000E+01  0.1000000E+01  0.1000000E+00
  0.1079738E+01  0.3946693E-01  0.2820000E+01  0.5000000E+01  0.1000000E+01  0.1000000E+00
  0.1079808E+01  0.3946904E-01  0.2815000E+01  0.5000000E+01  0.1000000E+01  0.1000000E+00
  0.1079878E+01  0.3947104E-01  0.2810000E+01  0.5000000E+01  0.1000000E+01  0.1000000E+00
  0.1079948E+01  0.3947294E-01  0.2805000E+01  0.5000000E+01  0.1000000E+01  0.1000000E+00
  0.1080018E+01  0.3947474E-01  0.2800000E+01  0.5000000E+01  0.1000000E+01  0.1000000E+00
  0.1080088E+01  0.3947645E-01  0.2795000E+01  0.5000000E+01  0.1000000E+01  0.1000000E+00
  0.1080158E+01  0.3947805E-01  0.2790000E+01  0.5000000E+01  0.1000000E+01  0.1000000E+00
  0.1080229E+01  0.3947955E-01  0.2785000E+01  0.5000000E+01  0.1000000E+01  0.1000000E+00
  0.1080300E+01  0.3948095E-01  0.2780000E+01  0.5000000E+01  0.1000000E+01  0.1000000E+00
  0.1080370E+01  0.3948224E-01  0.2775000E+01  0.5000000E+01  0.1000000E+01  0.1000000E+00
  0.1080441E+01  0.3948343E-01  0.2770000E+01  0.5000000E+01  0.1000000E+01  0.1000000E+00
  0.1080512E+01  0.3948452E-01  0.2765000E+01  0.5000000E+01  0.1000000E+01  0.1000000E+00
  0.1080583E+01  0.3948550E-01  0.2760000E+01  0.5000000E+01  0.1000000E+01  0.1000000E+00
  0.1080655E+01  0.3948638E-01  0.2755000E+01  0.5000000E+01  0.1000000E+01  0.1000000E+00
  0.1080726E+01  0.3948715E-01  0.2750000E+01  0.5000000E+01  0.1000000E+01  0.1000000E+00
  0.1080798E+01  0.3948782E-01  0.2745000E+01  0.5000000E+01  0.1000000E+01  0.1000000E+00
  0.1080869E+01  0.3948838E-01  0.2740000E+01  0.5000000E+01  0.1000000E+01  0.1000000E+00
  0.1080941E+01  0.3948883E-01  0.2735000E+01  0.5000000E+01  0.1000000E+01  0.1000000E+00
  0.1081013E+01  0.3948917E-01  0.2730000E+01  0.5000000E+01  0.1000000E+01  0.1000000E+00
  0.1081085E+01  0.3948941E-01  0.2725000E+01  0.5000000E+01  0.1000000E+01  0.1000000E+00
  0.1081157E+01  0.3948954E-01  0.2720000E+01  0.5000000E+01  0.1000000E+01  0.1000000E+00
  0.1081229E+01  0.3948955E-01  0.2715000E+01  0.5000000E+01  0.1000000E+01  0.1000000E+00
  0.1081302E+01  0.3948946E-01  0.2710000E+01  0.5000000E+01  0.1000000E+01  0.1000000E+00
  0.1081374E+01  0.3948925E-01  0.2705000E+01  0.5000000E+01  0.1000000E+01  0.1000000E+00
  0.1081447E+01  0.3948894E-01  0.2700000E+01  0.5000000E+01  0.1000000E+01  0.1000000E+00
  0.1081520E+01  0.3948851E-01  0.2695000E+01  0.5000000E+01  0.1000000E+01  0.1000000E+00
  0.1081593E+01  0.3948797E-01  0.2690000E+01  0.5000000E+01  0.1000000E+01  0.1000000E+00
  0.1081666E+01  0.3948732E-01  0.2685000E+01  0.5000000E+01  0.1000000E+01  0.1000000E+00
  0.1081739E+01  0.3948655E-01  0.2680000E+01  0.5000000E+01  0.1000000E+01  0.1000000E+00
  0.1081813E+01  0.3948566E-01  0.2675000E+01  0.5000000E+01  0.1000000E+01  0.1000000E+00
  0.1081886E+01  0.3948467E-01  0.2670000E+01  0.5000000E+01  0.1000000E+01  0.1000000E+00
  0.1081960E+01  0.3948355E-01  0.2665000E+01  0.5000000E+01  0.1000000E+01  0.1000000E+00
  0.1082033E+01  0.3948232E-01  0.2660000E+01  0.5000000E+01  0.1000000E+01  0.1000000E+00
  0.1082107E+01  0.3948098E-01  0.2655000E+01  0.5000000E+01  0.1000000E+01  0.1000000E+00
  0.1082181E+01  0.3947951E-01  0.2650000E+01  0.5000000E+01  0.1000000E+01  0.1000000E+00
  0.1082255E+01  0.3947793E-01  0.2645000E+01  0.5000000E+01  0.1000000E+01  0.1000000E+00
  0.1082330E+01  0.3947623E-01  0.2640000E+01  0.5000000E+01  0.1000000E+01  0.1000000E+00
  0.1082404E+01  0.3947441E-01  0.2635000E+01  0.5000000E+01  0.1000000E+01  0.1000000E+00
  0.1082479E+01  0.3947247E-01  0.2630000E+01  0.5000000E+01  0.1000000E+01  0.1000000E+00
  0.1082553E+01  0.3947041E-01  0.2625000E+01  0.5000000E+01  0.1000000E+01  0.1000000E+00
  0.1082628E+01  0.3946823E-01  0.2620000E+01  0.5000000E+01  0.1000000E+01  0.1000000E+00
  0.1082703E+01  0.3946592E-01  0.2615000E+01  0.5000000E+01  0.1000000E+01  0.1000000E+00
  0.1082778E+01  0.3946350E-01  0.2610000E+01  0.5000000E+01  0.1000000E+01  0.1000000E+00
  0.1082853E+01  0.3946095E-01  0.2605000E+01  0.5000000E+01  0.1000000E+01  0.1000000E+00
  0.1082928E+01  0.3945827E-01  0.2600000E+01  0.5000000E+01  0.1000000E+01  0.1000000E+00
  0.1083004E+01  0.3945547E-01  0.2595000E+01  0.5000000E+01  0.1000000E+01  0.1000000E+00
  0.1083079E+01  0.3945255E-01  0.2590000E+01  0.5000000E+01  0.1000000E+01  0.1000000E+00
  0.1083155E+01  0.3944950E-01  0.2585000E+01  0.5000000E+01  0.1000000E+01  0.1000000E+00
  0.1083231E+01  0.3944633E-01  0.2580000E+01  0.5000000E+01  0.1000000E+01  0.1000000E+00
  0.1083307E+01  0.3944302E-01  0.2575000E+01  0.5000000E+01  0.1000000E+01  0.1000000E+00
  0.1083383E+01  0.3943959E-01  0.2570000E+01  0.5000000E+01  0.1000000E+01  0.1000000E+00
  0.1083459E+01  0.3943603E-01  0.2565000E+01  0.5000000E+01  0.1000000E+01  0.1000000E+00
  0.1083535E+01  0.3943235E-01  0.2560000E+01  0.5000000E+01  0.1000000E+01  0.1000000E+00
  0.1083612E+01  0.3942853E-01  0.2555000E+01  0.5000000E+01  0.1000000E+01  0.1000000E+00
  0.1083689E+01  0.3942458E-01  0.2550000E+01  0.5000000E+01  0.1000000E+01  0.1000000E+00
  0.1083765E+01  0.3942050E-01  0.2545000E+01  0.5000000E+01  0.1000000E+01  0.1000000E+00
  0.1083842E+01  0.3941629E-01  0.2540000E+01  0.5000000E+01  0.1000000E+01  0.1000000E+00
  0.1083919E+01  0.3941195E-01  0.2535000E+01  0.5000000E+01  0.1000000E+01  0.1000000E+00
  0.1083996E+01  0.3940747E-01  0.2530000E+01  0.5000000E+01  0.1000000E+01  0.1000000E+00
  0.1084074E+01  0.3940286E-01  0.2525000E+01  0.5000000E+01  0.1000000E+01  0.1000000E+00
  0.1084151E+01  0.3939812E-01  0.2520000E+01  0.5000000E+01  0.1000000E+01  0.1000000E+00
  0.1084228E+01  0.3939324E-01  0.2515000E+01  0.5000000E+01  0.1000000E+01  0.1000000E+00
  0.1084306E+01  0.3938822E-01  0.2510000E+01  0.5000000E+01  0.1000000E+01  0.1000000E+00
  0.1084384E+01  0.3938307E-01  0.2505000E+01  0.5000000E+01  0.1000000E+01  0.1000000E+00
  0.1084462E+01  0.3937778E-01  0.2500000E+01  0.5000000E+01  0.1000000E+01  0.1000000E+00
  0.1084540E+01  0.3937235E-01  0.2495000E+01  0.5000000E+01  0.1000000E+01  0.1000000E+00
  0.1084618E+01  0.3936679E-01  0.2490000E+01  0.5000000E+01  0.1000000E+01  0.1000000E+00
  0.1084696E+01  0.3936108E-01  0.2485000E+01  0.5000000E+01  0.1000000E+01  0.1000000E+00
  0.1084775E+01  0.3935524E-01  0.2480000E+01  0.5000000E+01  0.1000000E+01  0.1000000E+00
  0.1084853E+01  0.3934925E-01  0.2475000E+01  0.5000000E+01  0.1000000E+01  0.1000000E+00
  0.1084932E+01  0.3934313E-01  0.2470000E+01  0.5000000E+01  0.1000000E+01  0.1000000E+00
  0.1085011E+01  0.3933686E-01  0.2465000E+01  0.5000000E+01  0.1000000E+01  0.1000000E+00
  0.1085090E+01  0.3933045E-01  0.2460000E+01  0.5000000E+01  0.1000000E+01  0.1000000E+00
  0.1085169E+01  0.3932389E-01  0.2455000E+01  0.5000000E+01  0.1000000E+01  0.1000000E+00
  0.1085248E+01  0.3931719E-01  0.2450000E+01  0.5000000E+01  0.1000000E+01  0.1000000E+00
  0.1085328E+01  0.3931035E-01  0.2445000E+01  0.5000000E+01  0.1000000E+01  0.1000000E+00
  0.1085407E+01  0.3930336E-01  0.2440000E+01  0.5000000E+01  0.1000000E+01  0.1000000E+00
  0.1085487E+01  0.3929622E-01  0.2435000E+01  0.5000000E+01  0.1000000E+01  0.1000000E+00
  0.1085567E+01  0.3928894E-01  0.2430000E+01  0.5000000E+01  0.1000000E+01  0.1000000E+00
  0.1085646E+01  0.3928151E-01  0.2425000E+01  0.5000000E+01  0.1000000E+01  0.1000000E+00
  0.1085726E+01  0.3927393E-01  0.2420000E+01  0.5000000E+01  0.1000000E+01  0.1000000E+00
  0.1085807E+01  0.3926620E-01  0.2415000E+01  0.5000000E+01  0.1000000E+01  0.1000000E+00
  0.1085887E+01  0.3925832E-01  0.2410000E+01  0.5000000E+01  0.1000000E+01  0.1000000E+00
  0.1085967E+01  0.3925029E-01  0.2405000E+01  0.5000000E+01  0.1000000E+01  0.1000000E+00
  0.1086048E+01  0.3924211E-01  0.2400000E+01  0.5000000E+01  0.1000000E+01  0.1000000E+00
  0.1086129E+01  0.3923378E-01  0.2395000E+01  0.5000000E+01  0.1000000E+01  0.1000000E+00
  0.1086209E+01  0.3922530E-01  0.2390000E+01  0.5000000E+01  0.1000000E+01  0.1000000E+00
  0.1086290E+01  0.3921666E-01  0.2385000E+01  0.5000000E+01  0.1000000E+01  0.1000000E+00
  0.1086371E+01  0.3920786E-01  0.2380000E+01  0.5000000E+01  0.1000000E+01  0.1000000E+00
  0.1086453E+01  0.3919891E-01  0.2375000E+01  0.5000000E+01  0.1000000E+01  0.1000000E+00
  0.1086534E+01  0.3918981E-01  0.2370000E+01  0.5000000E+01  0.1000000E+01  0.1000000E+00
  0.1086615E+01  0.3918055E-01  0.2365000E+01  0.5000000E+01  0.1000000E+01  0.1000000E+00
  0.1086697E+01  0.3917113E-01  0.2360000E+01  0.5000000E+01  0.1000000E+01  0.1000000E+00
  0.1086779E+01  0.3916155E-01  0.2355000E+01  0.5000000E+01  0.1000000E+01  0.1000000E+00
  0.1086861E+01  0.3915182E-01  0.2350000E+01  0.5000000E+01  0.1000000E+01  0.1000000E+00
  0.1086943E+01  0.3914192E-01  0.2345000E+01  0.5000000E+01  0.1000000E+01  0.1000000E+00
  0.1087025E+01  0.3913187E-01  0.2340000E+01  0.5000000E+01  0.1000000E+01  0.1000000E+00
  0.1087107E+01  0.3912165E-01  0.2335000E+01  0.5000000E+01  0.1000000E+01  0.1000000E+00
  0.1087189E+01  0.3911127E-01  0.2330000E+01  0.5000000E+01  0.1000000E+01  0.1000000E+00
  0.1087272E+01  0.3910073E-01  0.2325000E+01  0.5000000E+01  0.1000000E+01  0.1000000E+00
  0.1087354E+01  0.3909002E-01  0.2320000E+01  0.5000000E+01  0.1000000E+01  0.1000000E+00
  0.1087437E+01  0.3907915E-01  0.2315000E+01  0.5000000E+01  0.1000000E+01  0.1000000E+00
  0.1087520E+01  0.3906812E-01  0.2310000E+01  0.5000000E+01  0.1000000E+01  0.1000000E+00
  0.1087603E+01  0.3905692E-01  0.2305000E+01  0.5000000E+01  0.1000000E+01  0.1000000E+00
  0.1087686E+01  0.3904555E-01  0.2300000E+01  0.5000000E+01  0.1000000E+01  0.1000000E+00
  0.1087770E+01  0.3903402E-01  0.2295000E+01  0.5000000E+01  0.1000000E+01  0.1000000E+00
  0.1087853E+01  0.3902231E-01  0.2290000E+01  0.5000000E+01  0.1000000E+01  0.1000000E+00
  0.1087937E+01  0.3901044E-01  0.2285000E+01  0.5000000E+01  0.1000000E+01  0.1000000E+00
  0.1088020E+01  0.3899840E-01  0.2280000E+01  0.5000000E+01  0.1000000E+01  0.1000000E+00
  0.1088104E+01  0.3898619E-01  0.2275000E+01  0.5000000E+01  0.1000000E+01  0.1000000E+00
  0.1088188E+01  0.3897380E-01  0.2270000E+01  0.5000000E+01  0.1000000E+01  0.1000000E+00
  0.1088272E+01  0.3896125E-01  0.2265000E+01  0.5000000E+01  0.1000000E+01  0.1000000E+00
  0.1088356E+01  0.3894852E-01  0.2260000E+01  0.5000000E+01  0.1000000E+01  0.1000000E+00
  0.1088440E+01  0.3893562E-01  0.2255000E+01  0.5000000E+01  0.1000000E+01  0.1000000E+00
  0.1088525E+01  0.3892254E-01  0.2250000E+01  0.5000000E+01  0.1000000E+01  0.1000000E+00
  0.1088609E+01  0.3890929E-01  0.2245000E+01  0.5000000E+01  0.1000000E+01  0.1000000E+00
  0.1088694E+01  0.3889586E-01  0.2240000E+01  0.5000000E+01  0.1000000E+01  0.1000000E+00
  0.1088779E+01  0.3888225E-01  0.2235000E+01  0.5000000E+01  0.1000000E+01  0.1000000E+00
  0.1088864E+01  0.3886847E-01  0.2230000E+01  0.5000000E+01  0.1000000E+01  0.1000000E+00
  0.1088949E+01  0.3885451E-01  0.2225000E+01  0.5000000E+01  0.1000000E+01  0.1000000E+00
  0.1089034E+01  0.3884037E-01  0.2220000E+01  0.5000000E+01  0.1000000E+01  0.1000000E+00
  0.1089120E+01  0.3882605E-01  0.2215000E+01  0.5000000E+01  0.1000000E+01  0.1000000E+00
  0.1089205E+01  0.3881154E-01  0.2210000E+01  0.5000000E+01  0.1000000E+01  0.1000000E+00
  0.1089291E+01  0.3879686E-01  0.2205000E+01  0.5000000E+01  0.1000000E+01  0.1000000E+00
  0.1089376E+01  0.3878199E-01  0.2200000E+01  0.5000000E+01  0.1000000E+01  0.1000000E+00
  0.1089462E+01  0.3876694E-01  0.2195000E+01  0.5000000E+01  0.1000000E+01  0.1000000E+00
  0.1089548E+01  0.3875170E-01  0.2190000E+01  0.5000000E+01  0.1000000E+01  0.1000000E+00
  0.1089634E+01  0.3873628E-01  0.2185000E+01  0.5000000E+01  0.1000000E+01  0.1000000E+00
  0.1089720E+01  0.3872068E-01  0.2180000E+01  0.5000000E+01  0.1000000E+01  0.1000000E+00
  0.1089807E+01  0.3870488E-01  0.2175000E+01  0.5000000E+01  0.1000000E+01  0.1000000E+00
  0.1089893E+01  0.3868890E-01  0.2170000E+01  0.5000000E+01  0.1000000E+01  0.1000000E+00
  0.1089980E+01  0.3867273E-01  0.2165000E+01  0.5000000E+01  0.1000000E+01  0.1000000E+00
  0.1090067E+01  0.3865637E-01  0.2160000E+01  0.5000000E+01  0.1000000E+01  0.1000000E+00
  0.1090153E+01  0.3863982E-01  0.2155000E+01  0.5000000E+01  0.1000000E+01  0.1000000E+00
  0.1090240E+01  0.3862308E-01  0.2150000E+01  0.5000000E+01  0.1000000E+01  0.1000000E+00
  0.1090327E+01  0.3860615E-01  0.2145000E+01  0.5000000E+01  0.1000000E+01  0.1000000E+00
  0.1090415E+01  0.3858903E-01  0.2140000E+01  0.5000000E+01  0.1000000E+01  0.1000000E+00
  0.1090502E+01  0.3857171E-01  0.2135000E+01  0.5000000E+01  0.1000000E+01  0.1000000E+00
  0.1090590E+01  0.3855419E-01  0.2130000E+01  0.5000000E+01  0.1000000E+01  0.1000000E+00
  0.1090677E+01  0.3853648E-01  0.2125000E+01  0.5000000E+01  0.1000000E+01  0.1000000E+00
  0.1090765E+01  0.3851858E-01  0.2120000E+01  0.5000000E+01  0.1000000E+01  0.1000000E+00
  0.1090853E+01  0.3850048E-01  0.2115000E+01  0.5000000E+01  0.1000000E+01  0.1000000E+00
  0.1090941E+01  0.3848218E-01  0.2110000E+01  0.5000000E+01  0.1000000E+01  0.1000000E+00
  0.1091029E+01  0.3846368E-01  0.2105000E+01  0.5000000E+01  0.1000000E+01  0.1000000E+00
  0.1091117E+01  0.3844498E-01  0.2100000E+01  0.5000000E+01  0.1000000E+01  0.1000000E+00
  0.1091205E+01  0.3842608E-01  0.2095000E+01  0.5000000E+01  0.1000000E+01  0.1000000E+00
  0.1091294E+01  0.3840698E-01  0.2090000E+01  0.5000000E+01  0.1000000E+01  0.1000000E+00
  0.1091382E+01  0.3838768E-01  0.2085000E+01  0.5000000E+01  0.1000000E+01  0.1000000E+00
  0.1091471E+01  0.3836817E-01  0.2080000E+01  0.5000000E+01  0.1000000E+01  0.1000000E+00
  0.1091560E+01  0.3834846E-01  0.2075000E+01  0.5000000E+01  0.1000000E+01  0.1000000E+00
  0.1091649E+01  0.3832854E-01  0.2070000E+01  0.5000000E+01  0.1000000E+01  0.1000000E+00
  0.1091738E+01  0.3830842E-01  0.2065000E+01  0.5000000E+01  0.1000000E+01  0.1000000E+00
  0.1091827E+01  0.3828810E-01  0.2060000E+01  0.5000000E+01  0.1000000E+01  0.1000000E+00
  0.1091916E+01  0.3826756E-01  0.2055000E+01  0.5000000E+01  0.1000000E+01  0.1000000E+00
  0.1092006E+01  0.3824682E-01  0.2050000E+01  0.5000000E+01  0.1000000E+01  0.1000000E+00
  0.1092095E+01  0.3822586E-01  0.2045000E+01  0.5000000E+01  0.1000000E+01  0.1000000E+00
  0.1092185E+01  0.3820470E-01  0.2040000E+01  0.5000000E+01  0.1000000E+01  0.1000000E+00
  0.1092275E+01  0.3818333E-01  0.2035000E+01  0.5000000E+01  0.1000000E+01  0.1000000E+00
  0.1092364E+01  0.3816174E-01  0.2030000E+01  0.5000000E+01  0.1000000E+01  0.1000000E+00
  0.1092454E+01  0.3813994E-01  0.2025000E+01  0.5000000E+01  0.1000000E+01  0.1000000E+00
  0.1092545E+01  0.3811793E-01  0.2020000E+01  0.5000000E+01  0.1000000E+01  0.1000000E+00
  0.1092635E+01  0.3809570E-01  0.2015000E+01  0.5000000E+01  0.1000000E+01  0.1000000E+00
  0.1092725E+01  0.3807326E-01  0.2010000E+01  0.5000000E+01  0.1000000E+01  0.1000000E+00
  0.1092816E+01  0.3805060E-01  0.2005000E+01  0.5000000E+01  0.1000000E+01  0.1000000E+00
  0.1092906E+01  0.3802772E-01  0.2000000E+01  0.5000000E+01  0.1000000E+01  0.1000000E+00
  0.1092997E+01  0.3800462E-01  0.1995000E+01  0.5000000E+01  0.1000000E+01  0.1000000E+00
  0.1093088E+01  0.3798131E-01  0.1990000E+01  0.5000000E+01  0.1000000E+01  0.1000000E+00
  0.1093179E+01  0.3795777E-01  0.1985000E+01  0.5000000E+01  0.1000000E+01  0.1000000E+00
  0.1093270E+01  0.3793402E-01  0.1980000E+01  0.5000000E+01  0.1000000E+01  0.1000000E+00
  0.1093361E+01  0.3791004E-01  0.1975000E+01  0.5000000E+01  0.1000000E+01  0.1000000E+00
  0.1093452E+01  0.3788584E-01  0.1970000E+01  0.5000000E+01  0.1000000E+01  0.1000000E+00
  0.1093544E+01  0.3786142E-01  0.1965000E+01  0.5000000E+01  0.1000000E+01  0.1000000E+00
  0.1093635E+01  0.3783677E-01  0.1960000E+01  0.5000000E+01  0.1000000E+01  0.1000000E+00
  0.1093727E+01  0.3781189E-01  0.1955000E+01  0.5000000E+01  0.1000000E+01  0.1000000E+00
  0.1093818E+01  0.3778679E-01  0.1950000E+01  0.5000000E+01  0.1000000E+01  0.1000000E+00
  0.1093910E+01  0.3776146E-01  0.1945000E+01  0.5000000E+01  0.1000000E+01  0.1000000E+00
  0.1094002E+01  0.3773591E-01  0.1940000E+01  0.5000000E+01  0.1000000E+01  0.1000000E+00
  0.1094094E+01  0.3771012E-01  0.1935000E+01  0.5000000E+01  0.1000000E+01  0.1000000E+00
  0.1094187E+01  0.3768410E-01  0.1930000E+01  0.5000000E+01  0.1000000E+01  0.1000000E+00
  0.1094279E+01  0.3765786E-01  0.1925000E+01  0.5000000E+01  0.1000000E+01  0.1000000E+00
  0.1094371E+01  0.3763138E-01  0.1920000E+01  0.5000000E+01  0.1000000E+01  0.1000000E+00
  0.1094464E+01  0.3760467E-01  0.1915000E+01  0.5000000E+01  0.1000000E+01  0.1000000E+00
  0.1094556E+01  0.3757772E-01  0.1910000E+01  0.5000000E+01  0.1000000E+01  0.1000000E+00
  0.1094649E+01  0.3755054E-01  0.1905000E+01  0.5000000E+01  0.1000000E+01  0.1000000E+00
  0.1094742E+01  0.3752312E-01  0.1900000E+01  0.5000000E+01  0.1000000E+01  0.1000000E+00
  0.1094835E+01  0.3749547E-01  0.1895000E+01  0.5000000E+01  0.1000000E+01  0.1000000E+00
  0.1094928E+01  0.3746758E-01  0.1890000E+01  0.5000000E+01  0.1000000E+01  0.1000000E+00
  0.1095021E+01  0.3743945E-01  0.1885000E+01  0.5000000E+01  0.1000000E+01  0.1000000E+00
  0.1095114E+01  0.3741108E-01  0.1880000E+01  0.5000000E+01  0.1000000E+01  0.1000000E+00
  0.1095208E+01  0.3738247E-01  0.1875000E+01  0.5000000E+01  0.1000000E+01  0.1000000E+00
  0.1095301E+01  0.3735362E-01  0.1870000E+01  0.5000000E+01  0.1000000E+01  0.1000000E+00
  0.1095395E+01  0.3732453E-01  0.1865000E+01  0.5000000E+01  0.1000000E+01  0.1000000E+00
  0.1095488E+01  0.3729519E-01  0.1860000E+01  0.5000000E+01  0.1000000E+01  0.1000000E+00
  0.1095582E+01  0.3726561E-01  0.1855000E+01  0.5000000E+01  0.1000000E+01  0.1000000E+00
  0.1095676E+01  0.3723578E-01  0.1850000E+01  0.5000000E+01  0.1000000E+01  0.1000000E+00
  0.1095770E+01  0.3720571E-01  0.1845000E+01  0.5000000E+01  0.1000000E+01  0.1000000E+00
  0.1095864E+01  0.3717539E-01  0.1840000E+01  0.5000000E+01  0.1000000E+01  0.1000000E+00
  0.1095958E+01  0.3714483E-01  0.1835000E+01  0.5000000E+01  0.1000000E+01  0.1000000E+00
  0.1096053E+01  0.3711401E-01  0.1830000E+01  0.5000000E+01  0.1000000E+01  0.1000000E+00
  0.1096147E+01  0.3708295E-01  0.1825000E+01  0.5000000E+01  0.1000000E+01  0.1000000E+00
  0.1096242E+01  0.3705163E-01  0.1820000E+01  0.5000000E+01  0.1000000E+01  0.1000000E+00
  0.1096336E+01  0.3702006E-01  0.1815000E+01  0.5000000E+01  0.1000000E+01  0.1000000E+00
  0.1096431E+01  0.3698824E-01  0.1810000E+01  0.5000000E+01  0.1000000E+01  0.1000000E+00
  0.1096526E+01  0.3695617E-01  0.1805000E+01  0.5000000E+01  0.1000000E+01  0.1000000E+00
  0.1096621E+01  0.3692384E-01  0.1800000E+01  0.5000000E+01  0.1000000E+01  0.1000000E+00
  0.1096716E+01  0.3689126E-01  0.1795000E+01  0.5000000E+01  0.1000000E+01  0.1000000E+00
  0.1096811E+01  0.3685842E-01  0.1790000E+01  0.5000000E+01  0.1000000E+01  0.1000000E+00
  0.1096906E+01  0.3682532E-01  0.1785000E+01  0.5000000E+01  0.1000000E+01  0.1000000E+00
  0.1097001E+01  0.3679196E-01  0.1780000E+01  0.5000000E+01  0.1000000E+01  0.1000000E+00
  0.1097097E+01  0.3675835E-01  0.1775000E+01  0.5000000E+01  0.1000000E+01  0.1000000E+00
  0.1097192E+01  0.3672447E-01  0.1770000E+01  0.5000000E+01  0.1000000E+01  0.1000000E+00
  0.1097288E+01  0.3669033E-01  0.1765000E+01  0.5000000E+01  0.1000000E+01  0.1000000E+00
  0.1097383E+01  0.3665594E-01  0.1760000E+01  0.5000000E+01  0.1000000E+01  0.1000000E+00
  0.1097479E+01  0.3662127E-01  0.1755000E+01  0.5000000E+01  0.1000000E+01  0.1000000E+00
  0.1097575E+01  0.3658635E-01  0.1750000E+01  0.5000000E+01  0.1000000E+01  0.1000000E+00
  0.1097671E+01  0.3655116E-01  0.1745000E+01  0.5000000E+01  0.1000000E+01  0.1000000E+00
  0.1097767E+01  0.3651570E-01  0.1740000E+01  0.5000000E+01  0.1000000E+01  0.1000000E+00
  0.1097863E+01  0.3647997E-01  0.1735000E+01  0.5000000E+01  0.1000000E+01  0.1000000E+00
  0.1097959E+01  0.3644398E-01  0.1730000E+01  0.5000000E+01  0.1000000E+01  0.1000000E+00
  0.1098056E+01  0.3640772E-01  0.1725000E+01  0.5000000E+01  0.1000000E+01  0.1000000E+00
  0.1098152E+01  0.3637119E-01  0.1720000E+01  0.5000000E+01  0.1000000E+01  0.1000000E+00
  0.1098249E+01  0.3633439E-01  0.1715000E+01  0.5000000E+01  0.1000000E+01  0.1000000E+00
  0.1098345E+01  0.3629732E-01  0.1710000E+01  0.5000000E+01  0.1000000E+01  0.1000000E+00
  0.1098442E+01  0.3625997E-01  0.1705000E+01  0.5000000E+01  0.1000000E+01  0.1000000E+00
  0.1098539E+01  0.3622235E-01  0.1700000E+01  0.5000000E+01  0.1000000E+01  0.1000000E+00
  0.1098635E+01  0.3618446E-01  0.1695000E+01  0.5000000E+01  0.1000000E+01  0.1000000E+00
  0.1098732E+01  0.3614629E-01  0.1690000E+01  0.5000000E+01  0.1000000E+01  0.1000000E+00
  0.1098829E+01  0.3610784E-01  0.1685000E+01  0.5000000E+01  0.1000000E+01  0.1000000E+00
  0.1098926E+01  0.3606912E-01  0.1680000E+01  0.5000000E+01  0.1000000E+01  0.1000000E+00
  0.1099024E+01  0.3603011E-01  0.1675000E+01  0.5000000E+01  0.1000000E+01  0.1000000E+00
  0.1099121E+01  0.3599083E-01  0.1670000E+01  0.5000000E+01  0.1000000E+01  0.1000000E+00
  0.1099218E+01  0.3595127E-01  0.1665000E+01  0.5000000E+01  0.1000000E+01  0.1000000E+00
  0.1099316E+01  0.3591143E-01  0.1660000E+01  0.5000000E+01  0.1000000E+01  0.1000000E+00
  0.1099413E+01  0.3587130E-01  0.1655000E+01  0.5000000E+01  0.1000000E+01  0.1000000E+00
  0.1099511E+01  0.3583089E-01  0.1650000E+01  0.5000000E+01  0.1000000E+01  0.1000000E+00
  0.1099608E+01  0.3579020E-01  0.1645000E+01  0.5000000E+01  0.1000000E+01  0.1000000E+00
  0.1099706E+01  0.3574922E-01  0.1640000E+01  0.5000000E+01  0.1000000E+01  0.1000000E+00
  0.1099804E+01  0.3570796E-01  0.1635000E+01  0.5000000E+01  0.1000000E+01  0.1000000E+00
  0.1099902E+01  0.3566641E-01  0.1630000E+01  0.5000000E+01  0.1000000E+01  0.1000000E+00
  0.1100000E+01  0.3562457E-01  0.1625000E+01  0.5000000E+01  0.1000000E+01  0.1000000E+00
  0.1100098E+01  0.3558244E-01  0.1620000E+01  0.5000000E+01  0.1000000E+01  0.1000000E+00
  0.1100196E+01  0.3554003E-01  0.1615000E+01  0.5000000E+01  0.1000000E+01  0.1000000E+00
  0.1100294E+01  0.3549732E-01  0.1610000E+01  0.5000000E+01  0.1000000E+01  0.1000000E+00
  0.1100392E+01  0.3545432E-01  0.1605000E+01  0.5000000E+01  0.1000000E+01  0.1000000E+00
  0.1100491E+01  0.3541102E-01  0.1600000E+01  0.5000000E+01  0.1000000E+01  0.1000000E+00
  0.1100589E+01  0.3536744E-01  0.1595000E+01  0.5000000E+01  0.1000000E+01  0.1000000E+00
  0.1100687E+01  0.3532356E-01  0.1590000E+01  0.5000000E+01  0.1000000E+01  0.1000000E+00
  0.1100786E+01  0.3527938E-01  0.1585000E+01  0.5000000E+01  0.1000000E+01  0.1000000E+00
  0.1100885E+01  0.3523491E-01  0.1580000E+01  0.5000000E+01  0.1000000E+01  0.1000000E+00
  0.1100983E+01  0.3519013E-01  0.1575000E+01  0.5000000E+01  0.1000000E+01  0.1000000E+00
  0.1101082E+01  0.3514507E-01  0.1570000E+01  0.5000000E+01  0.1000000E+01  0.1000000E+00
  0.1101181E+01  0.3509970E-01  0.1565000E+01  0.5000000E+01  0.1000000E+01  0.1000000E+00
  0.1101280E+01  0.3505403E-01  0.1560000E+01  0.5000000E+01  0.1000000E+01  0.1000000E+00
  0.1101379E+01  0.3500806E-01  0.1555000E+01  0.5000000E+01  0.1000000E+01  0.1000000E+00
  0.1101478E+01  0.3496178E-01  0.1550000E+01  0.5000000E+01  0.1000000E+01  0.1000000E+00
  0.1101577E+01  0.3491521E-01  0.1545000E+01  0.5000000E+01  0.1000000E+01  0.1000000E+00
  0.1101676E+01  0.3486833E-01  0.1540000E+01  0.5000000E+01  0.1000000E+01  0.1000000E+00
  0.1101775E+01  0.3482115E-01  0.1535000E+01  0.5000000E+01  0.1000000E+01  0.1000000E+00
  0.1101874E+01  0.3477365E-01  0.1530000E+01  0.5000000E+01  0.1000000E+01  0.1000000E+00
  0.1101973E+01  0.3472586E-01  0.1525000E+01  0.5000000E+01  0.1000000E+01  0.1000000E+00
  0.1102073E+01  0.3467775E-01  0.1520000E+01  0.5000000E+01  0.1000000E+01  0.1000000E+00
  0.1102172E+01  0.3462934E-01  0.1515000E+01  0.5000000E+01  0.1000000E+01  0.1000000E+00
  0.1102272E+01  0.3458061E-01  0.1510000E+01  0.5000000E+01  0.1000000E+01  0.1000000E+00
  0.1102371E+01  0.3453158E-01  0.1505000E+01  0.5000000E+01  0.1000000E+01  0.1000000E+00
  0.1102471E+01  0.3448223E-01  0.1500000E+01  0.5000000E+01  0.1000000E+01  0.1000000E+00
  0.1102570E+01  0.3443258E-01  0.1495000E+01  0.5000000E+01  0.1000000E+01  0.1000000E+00
  0.1102670E+01  0.3438260E-01  0.1490000E+01  0.5000000E+01  0.1000000E+01  0.1000000E+00
  0.1102770E+01  0.3433232E-01  0.1485000E+01  0.5000000E+01  0.1000000E+01  0.1000000E+00
  0.1102870E+01  0.3428172E-01  0.1480000E+01  0.5000000E+01  0.1000000E+01  0.1000000E+00
  0.1102969E+01  0.3423080E-01  0.1475000E+01  0.5000000E+01  0.1000000E+01  0.1000000E+00
  0.1103069E+01  0.3417956E-01  0.1470000E+01  0.5000000E+01  0.1000000E+01  0.1000000E+00
  0.1103169E+01  0.3412801E-01  0.1465000E+01  0.5000000E+01  0.1000000E+01  0.1000000E+00
  0.1103269E+01  0.3407614E-01  0.1460000E+01  0.5000000E+01  0.1000000E+01  0.1000000E+00
  0.1103369E+01  0.3402395E-01  0.1455000E+01  0.5000000E+01  0.1000000E+01  0.1000000E+00
  0.1103469E+01  0.3397144E-01  0.1450000E+01  0.5000000E+01  0.1000000E+01  0.1000000E+00
  0.1103569E+01  0.3391860E-01  0.1445000E+01  0.5000000E+01  0.1000000E+01  0.1000000E+00
  0.1103669E+01  0.3386545E-01  0.1440000E+01  0.5000000E+01  0.1000000E+01  0.1000000E+00
  0.1103770E+01  0.3381197E-01  0.1435000E+01  0.5000000E+01  0.1000000E+01  0.1000000E+00
  0.1103870E+01  0.3375816E-01  0.1430000E+01  0.5000000E+01  0.1000000E+01  0.1000000E+00
  0.1103970E+01  0.3370403E-01  0.1425000E+01  0.5000000E+01  0.1000000E+01  0.1000000E+00
  0.1104070E+01  0.3364958E-01  0.1420000E+01  0.5000000E+01  0.1000000E+01  0.1000000E+00
  0.1104171E+01  0.3359480E-01  0.1415000E+01  0.5000000E+01  0.1000000E+01  0.1000000E+00
  0.1104271E+01  0.3353969E-01  0.1410000E+01  0.5000000E+01  0.1000000E+01  0.1000000E+00
  0.1104372E+01  0.3348425E-01  0.1405000E+01  0.5000000E+01  0.1000000E+01  0.1000000E+00
  0.1104472E+01  0.3342848E-01  0.1400000E+01  0.5000000E+01  0.1000000E+01  0.1000000E+00
  0.1104572E+01  0.3337238E-01  0.1395000E+01  0.5000000E+01  0.1000000E+01  0.1000000E+00
  0.1104673E+01  0.3331595E-01  0.1390000E+01  0.5000000E+01  0.1000000E+01  0.1000000E+00
  0.1104774E+01  0.3325918E-01  0.1385000E+01  0.5000000E+01  0.1000000E+01  0.1000000E+00
  0.1104874E+01  0.3320209E-01  0.1380000E+01  0.5000000E+01  0.1000000E+01  0.1000000E+00
  0.1104975E+01  0.3314466E-01  0.1375000E+01  0.5000000E+01  0.1000000E+01  0.1000000E+00
  0.1105075E+01  0.3308689E-01  0.1370000E+01  0.5000000E+01  0.1000000E+01  0.1000000E+00
  0.1105176E+01  0.3302879E-01  0.1365000E+01  0.5000000E+01  0.1000000E+01  0.1000000E+00
  0.1105277E+01  0.3297035E-01  0.1360000E+01  0.5000000E+01  0.1000000E+01  0.1000000E+00
  0.1105377E+01  0.3291157E-01  0.1355000E+01  0.5000000E+01  0.1000000E+01  0.1000000E+00
  0.1105478E+01  0.3285246E-01  0.1350000E+01  0.5000000E+01  0.1000000E+01  0.1000000E+00
  0.1105579E+01  0.3279301E-01  0.1345000E+01  0.5000000E+01  0.1000000E+01  0.1000000E+00
  0.1105679E+01  0.3273321E-01  0.1340000E+01  0.5000000E+01  0.1000000E+01  0.1000000E+00
  0.1105780E+01  0.3267308E-01  0.1335000E+01  0.5000000E+01  0.1000000E+01  0.1000000E+00
  0.1105881E+01  0.3261260E-01  0.1330000E+01  0.5000000E+01  0.1000000E+01  0.1000000E+00
  0.1105982E+01  0.3255178E-01  0.1325000E+01  0.5000000E+01  0.1000000E+01  0.1000000E+00
  0.1106083E+01  0.3249062E-01  0.1320000E+01  0.5000000E+01  0.1000000E+01  0.1000000E+00
  0.1106184E+01  0.3242911E-01  0.1315000E+01  0.5000000E+01  0.1000000E+01  0.1000000E+00
  0.1106284E+01  0.3236726E-01  0.1310000E+01  0.5000000E+01  0.1000000E+01  0.1000000E+00
  0.1106385E+01  0.3230506E-01  0.1305000E+01  0.5000000E+01  0.1000000E+01  0.1000000E+00
  0.1106486E+01  0.3224251E-01  0.1300000E+01  0.5000000E+01  0.1000000E+01  0.1000000E+00
  0.1106587E+01  0.3217962E-01  0.1295000E+01  0.5000000E+01  0.1000000E+01  0.1000000E+00
  0.1106688E+01  0.3211638E-01  0.1290000E+01  0.5000000E+01  0.1000000E+01  0.1000000E+00
  0.1106789E+01  0.3205279E-01  0.1285000E+01  0.5000000E+01  0.1000000E+01  0.1000000E+00
  0.1106890E+01  0.3198885E-01  0.1280000E+01  0.5000000E+01  0.1000000E+01  0.1000000E+00
  0.1106991E+01  0.3192455E-01  0.1275000E+01  0.5000000E+01  0.1000000E+01  0.1000000E+00
  0.1107092E+01  0.3185991E-01  0.1270000E+01  0.5000000E+01  0.1000000E+01  0.1000000E+00
  0.1107192E+01  0.3179491E-01  0.1265000E+01  0.5000000E+01  0.1000000E+01  0.1000000E+00
  0.1107293E+01  0.3172956E-01  0.1260000E+01  0.5000000E+01  0.1000000E+01  0.1000000E+00
  0.1107394E+01  0.3166386E-01  0.1255000E+01  0.5000000E+01  0.1000000E+01  0.1000000E+00
  0.1107495E+01  0.3159780E-01  0.1250000E+01  0.5000000E+01  0.1000000E+01  0.1000000E+00
  0.1107596E+01  0.3153139E-01  0.1245000E+01  0.5000000E+01  0.1000000E+01  0.1000000E+00
  0.1107697E+01  0.3146461E-01  0.1240000E+01  0.5000000E+01  0.1000000E+01  0.1000000E+00
  0.1107798E+01  0.3139749E-01  0.1235000E+01  0.5000000E+01  0.1000000E+01  0.1000000E+00
  0.1107899E+01  0.3133000E-01  0.1230000E+01  0.5000000E+01  0.1000000E+01  0.1000000E+00
  0.1108000E+01  0.3126215E-01  0.1225000E+01  0.5000000E+01  0.1000000E+01  0.1000000E+00
  0.1108100E+01  0.3119395E-01  0.1220000E+01  0.5000000E+01  0.1000000E+01  0.1000000E+00
  0.1108201E+01  0.3112538E-01  0.1215000E+01  0.5000000E+01  0.1000000E+01  0.1000000E+00
  0.1108302E+01  0.3105646E-01  0.1210000E+01  0.5000000E+01  0.1000000E+01  0.1000000E+00
  0.1108403E+01  0.3098717E-01  0.1205000E+01  0.5000000E+01  0.1000000E+01  0.1000000E+00
  0.1108504E+01  0.3091752E-01  0.1200000E+01  0.5000000E+01  0.1000000E+01  0.1000000E+00
  0.1108605E+01  0.3084750E-01  0.1195000E+01  0.5000000E+01  0.1000000E+01  0.1000000E+00
  0.1108705E+01  0.3077713E-01  0.1190000E+01  0.5000000E+01  0.1000000E+01  0.1000000E+00
  0.1108806E+01  0.3070638E-01  0.1185000E+01  0.5000000E+01  0.1000000E+01  0.1000000E+00
  0.1108907E+01  0.3063527E-01  0.1180000E+01  0.5000000E+01  0.1000000E+01  0.1000000E+00
  0.1109008E+01  0.3056380E-01  0.1175000E+01  0.5000000E+01  0.1000000E+01  0.1000000E+00
  0.1109108E+01  0.3049196E-01  0.1170000E+01  0.5000000E+01  0.1000000E+01  0.1000000E+00
  0.1109209E+01  0.3041975E-01  0.1165000E+01  0.5000000E+01  0.1000000E+01  0.1000000E+00
  0.1109309E+01  0.3034717E-01  0.1160000E+01  0.5000000E+01  0.1000000E+01  0.1000000E+00
  0.1109410E+01  0.3027423E-01  0.1155000E+01  0.5000000E+01  0.1000000E+01  0.1000000E+00
  0.1109511E+01  0.3020091E-01  0.1150000E+01  0.5000000E+01  0.1000000E+01  0.1000000E+00
  0.1109611E+01  0.3012722E-01  0.1145000E+01  0.5000000E+01  0.1000000E+01  0.1000000E+00
  0.1109712E+01  0.3005316E-01  0.1140000E+01  0.5000000E+01  0.1000000E+01  0.1000000E+00
  0.1109812E+01  0.2997873E-01  0.1135000E+01  0.5000000E+01  0.1000000E+01  0.1000000E+00
  0.1109913E+01  0.2990393E-01  0.1130000E+01  0.5000000E+01  0.1000000E+01  0.1000000E+00
  0.1110013E+01  0.2982876E-01  0.1125000E+01  0.5000000E+01  0.1000000E+01  0.1000000E+00
  0.1110113E+01  0.2975321E-01  0.1120000E+01  0.5000000E+01  0.1000000E+01  0.1000000E+00
  0.1110214E+01  0.2967729E-01  0.1115000E+01  0.5000000E+01  0.1000000E+01  0.1000000E+00
  0.1110314E+01  0.2960099E-01  0.1110000E+01  0.5000000E+01  0.1000000E+01  0.1000000E+00
  0.1110414E+01  0.2952431E-01  0.1105000E+01  0.5000000E+01  0.1000000E+01  0.1000000E+00
  0.1110514E+01  0.2944726E-01  0.1100000E+01  0.5000000E+01  0.1000000E+01  0.1000000E+00
  0.1110615E+01  0.2936983E-01  0.1095000E+01  0.5000000E+01  0.1000000E+01  0.1000000E+00
  0.1110715E+01  0.2929203E-01  0.1090000E+01  0.5000000E+01  0.1000000E+01  0.1000000E+00
  0.1110815E+01  0.2921385E-01  0.1085000E+01  0.5000000E+01  0.1000000E+01  0.1000000E+00
  0.1110915E+01  0.2913528E-01  0.1080000E+01  0.5000000E+01  0.1000000E+01  0.1000000E+00
  0.1111015E+01  0.2905634E-01  0.1075000E+01  0.5000000E+01  0.1000000E+01  0.1000000E+00
  0.1111114E+01  0.2897702E-01  0.1070000E+01  0.5000000E+01  0.1000000E+01  0.1000000E+00
  0.1111214E+01  0.2889732E-01  0.1065000E+01  0.5000000E+01  0.1000000E+01  0.1000000E+00
  0.1111314E+01  0.2881724E-01  0.1060000E+01  0.5000000E+01  0.1000000E+01  0.1000000E+00
  0.1111414E+01  0.2873677E-01  0.1055000E+01  0.5000000E+01  0.1000000E+01  0.1000000E+00
  0.1111513E+01  0.2865592E-01  0.1050000E+01  0.5000000E+01  0.1000000E+01  0.1000000E+00
  0.1111613E+01  0.2857469E-01  0.1045000E+01  0.5000000E+01  0.1000000E+01  0.1000000E+00
  0.1111713E+01  0.2849308E-01  0.1040000E+01  0.5000000E+01  0.1000000E+01  0.1000000E+00
  0.1111812E+01  0.2841108E-01  0.1035000E+01  0.5000000E+01  0.1000000E+01  0.1000000E+00
  0.1111911E+01  0.2832870E-01  0.1030000E+01  0.5000000E+01  0.1000000E+01  0.1000000E+00
  0.1112011E+01  0.2824593E-01  0.1025000E+01  0.5000000E+01  0.1000000E+01  0.1000000E+00
  0.1112110E+01  0.2816278E-01  0.1020000E+01  0.5000000E+01  0.1000000E+01  0.1000000E+00
  0.1112209E+01  0.2807924E-01  0.1015000E+01  0.5000000E+01  0.1000000E+01  0.1000000E+00
  0.1112308E+01  0.2799531E-01  0.1010000E+01  0.5000000E+01  0.1000000E+01  0.1000000E+00
  0.1112407E+01  0.2791100E-01  0.1005000E+01  0.5000000E+01  0.1000000E+01  0.1000000E+00
  0.1112506E+01  0.2782630E-01  0.1000000E+01  0.5000000E+01  0.1000000E+01  0.1000000E+00
  0.1112605E+01  0.2774121E-01  0.9950000E+00  0.5000000E+01  0.1000000E+01  0.1000000E+00
  0.1112704E+01  0.2765573E-01  0.9900000E+00  0.5000000E+01  0.1000000E+01  0.1000000E+00
  0.1112803E+01  0.2756986E-01  0.9850000E+00  0.5000000E+01  0.1000000E+01  0.1000000E+00
  0.1112901E+01  0.2748360E-01  0.9800000E+00  0.5000000E+01  0.1000000E+01  0.1000000E+00
  0.1113000E+01  0.2739696E-01  0.9750000E+00  0.5000000E+01  0.1000000E+01  0.1000000E+00
  0.1113098E+01  0.2730992E-01  0.9700000E+00  0.5000000E+01  0.1000000E+01  0.1000000E+00
  0.1113197E+01  0.2722249E-01  0.9650000E+00  0.5000000E+01  0.1000000E+01  0.1000000E+00
  0.1113295E+01  0.2713467E-01  0.9600000E+00  0.5000000E+01  0.1000000E+01  0.1000000E+00
  0.1113393E+01  0.2704646E-01  0.9550000E+00  0.5000000E+01  0.1000000E+01  0.1000000E+00
  0.1113491E+01  0.2695785E-01  0.9500000E+00  0.5000000E+01  0.1000000E+01  0.1000000E+00
  0.1113589E+01  0.2686886E-01  0.9450000E+00  0.5000000E+01  0.1000000E+01  0.1000000E+00
  0.1113687E+01  0.2677947E-01  0.9400000E+00  0.5000000E+01  0.1000000E+01  0.1000000E+00
  0.1113785E+01  0.2668968E-01  0.9350000E+00  0.5000000E+01  0.1000000E+01  0.1000000E+00
  0.1113883E+01  0.2659950E-01  0.9300000E+00  0.5000000E+01  0.1000000E+01  0.1000000E+00
  0.1113980E+01  0.2650893E-01  0.9250000E+00  0.5000000E+01  0.1000000E+01  0.1000000E+00
  0.1114078E+01  0.2641797E-01  0.9200000E+00  0.5000000E+01  0.1000000E+01  0.1000000E+00
  0.1114175E+01  0.2632660E-01  0.9150000E+00  0.5000000E+01  0.1000000E+01  0.1000000E+00
  0.1114272E+01  0.2623485E-01  0.9100000E+00  0.5000000E+01  0.1000000E+01  0.1000000E+00
  0.1114370E+01  0.2614269E-01  0.9050000E+00  0.5000000E+01  0.1000000E+01  0.1000000E+00
  0.1114467E+01  0.2605014E-01  0.9000000E+00  0.5000000E+01  0.1000000E+01  0.1000000E+00
  0.1114564E+01  0.2595720E-01  0.8950000E+00  0.5000000E+01  0.1000000E+01  0.1000000E+00
  0.1114660E+01  0.2586385E-01  0.8900000E+00  0.5000000E+01  0.1000000E+01  0.1000000E+00
  0.1114757E+01  0.2577011E-01  0.8850000E+00  0.5000000E+01  0.1000000E+01  0.1000000E+00
  0.1114854E+01  0.2567598E-01  0.8800000E+00  0.5000000E+01  0.1000000E+01  0.1000000E+00
  0.1114950E+01  0.2558144E-01  0.8750000E+00  0.5000000E+01  0.1000000E+01  0.1000000E+00
  0.1115046E+01  0.2548651E-01  0.8700000E+00  0.5000000E+01  0.1000000E+01  0.1000000E+00
  0.1115143E+01  0.2539118E-01  0.8650000E+00  0.5000000E+01  0.1000000E+01  0.1000000E+00
  0.1115239E+01  0.2529545E-01  0.8600000E+00  0.5000000E+01  0.1000000E+01  0.1000000E+00
  0.1115335E+01  0.2519932E-01  0.8550000E+00  0.5000000E+01  0.1000000E+01  0.1000000E+00
  0.1115431E+01  0.2510279E-01  0.8500000E+00  0.5000000E+01  0.1000000E+01  0.1000000E+00
  0.1115526E+01  0.2500586E-01  0.8450000E+00  0.5000000E+01  0.1000000E+01  0.1000000E+00
  0.1115622E+01  0.2490853E-01  0.8400000E+00  0.5000000E+01  0.1000000E+01  0.1000000E+00
  0.1115717E+01  0.2481081E-01  0.8350000E+00  0.5000000E+01  0.1000000E+01  0.1000000E+00
  0.1115813E+01  0.2471268E-01  0.8300000E+00  0.5000000E+01  0.1000000E+01  0.1000000E+00
  0.1115908E+01  0.2461415E-01  0.8250000E+00  0.5000000E+01  0.1000000E+01  0.1000000E+00
  0.1116003E+01  0.2451522E-01  0.8200000E+00  0.5000000E+01  0.1000000E+01  0.1000000E+00
  0.1116098E+01  0.2441589E-01  0.8150000E+00  0.5000000E+01  0.1000000E+01  0.1000000E+00
  0.1116192E+01  0.2431616E-01  0.8100000E+00  0.5000000E+01  0.1000000E+01  0.1000000E+00
  0.1116287E+01  0.2421603E-01  0.8050000E+00  0.5000000E+01  0.1000000E+01  0.1000000E+00
  0.1116381E+01  0.2411550E-01  0.8000000E+00  0.5000000E+01  0.1000000E+01  0.1000000E+00
  0.1116476E+01  0.2401457E-01  0.7950000E+00  0.5000000E+01  0.1000000E+01  0.1000000E+00
  0.1116570E+01  0.2391323E-01  0.7900000E+00  0.5000000E+01  0.1000000E+01  0.1000000E+00
  0.1116664E+01  0.2381149E-01  0.7850000E+00  0.5000000E+01  0.1000000E+01  0.1000000E+00
  0.1116757E+01  0.2370936E-01  0.7800000E+00  0.5000000E+01  0.1000000E+01  0.1000000E+00
  0.1116851E+01  0.2360682E-01  0.7750000E+00  0.5000000E+01  0.1000000E+01  0.1000000E+00
  0.1116945E+01  0.2350387E-01  0.7700000E+00  0.5000000E+01  0.1000000E+01  0.1000000E+00
  0.1117038E+01  0.2340053E-01  0.7650000E+00  0.5000000E+01  0.1000000E+01  0.1000000E+00
  0.1117131E+01  0.2329678E-01  0.7600000E+00  0.5000000E+01  0.1000000E+01  0.1000000E+00
  0.1117224E+01  0.2319263E-01  0.7550000E+00  0.5000000E+01  0.1000000E+01  0.1000000E+00
  0.1117317E+01  0.2308808E-01  0.7500000E+00  0.5000000E+01  0.1000000E+01  0.1000000E+00
  0.1117410E+01  0.2298313E-01  0.7450000E+00  0.5000000E+01  0.1000000E+01  0.1000000E+00
  0.1117502E+01  0.2287777E-01  0.7400000E+00  0.5000000E+01  0.1000000E+01  0.1000000E+00
  0.1117594E+01  0.2277201E-01  0.7350000E+00  0.5000000E+01  0.1000000E+01  0.1000000E+00
  0.1117687E+01  0.2266585E-01  0.7300000E+00  0.5000000E+01  0.1000000E+01  0.1000000E+00
  0.1117779E+01  0.2255929E-01  0.7250000E+00  0.5000000E+01  0.1000000E+01  0.1000000E+00
  0.1117870E+01  0.2245232E-01  0.7200000E+00  0.5000000E+01  0.1000000E+01  0.1000000E+00
  0.1117962E+01  0.2234495E-01  0.7150000E+00  0.5000000E+01  0.1000000E+01  0.1000000E+00
  0.1118053E+01  0.2223718E-01  0.7100000E+00  0.5000000E+01  0.1000000E+01  0.1000000E+00
  0.1118145E+01  0.2212901E-01  0.7050000E+00  0.5000000E+01  0.1000000E+01  0.1000000E+00
  0.1118236E+01  0.2202043E-01  0.7000000E+00  0.5000000E+01  0.1000000E+01  0.1000000E+00
  0.1118326E+01  0.2191145E-01  0.6950000E+00  0.5000000E+01  0.1000000E+01  0.1000000E+00
  0.1118417E+01  0.2180207E-01  0.6900000E+00  0.5000000E+01  0.1000000E+01  0.1000000E+00
  0.1118508E+01  0.2169229E-01  0.6850000E+00  0.5000000E+01  0.1000000E+01  0.1000000E+00
  0.1118598E+01  0.2158211E-01  0.6800000E+00  0.5000000E+01  0.1000000E+01  0.1000000E+00
  0.1118688E+01  0.2147152E-01  0.6750000E+00  0.5000000E+01  0.1000000E+01  0.1000000E+00
  0.1118778E+01  0.2136053E-01  0.6700000E+00  0.5000000E+01  0.1000000E+01  0.1000000E+00
  0.1118867E+01  0.2124914E-01  0.6650000E+00  0.5000000E+01  0.1000000E+01  0.1000000E+00
  0.1118957E+01  0.2113735E-01  0.6600000E+00  0.5000000E+01  0.1000000E+01  0.1000000E+00
  0.1119046E+01  0.2102515E-01  0.6550000E+00  0.5000000E+01  0.1000000E+01  0.1000000E+00
  0.1119135E+01  0.2091256E-01  0.6500000E+00  0.5000000E+01  0.1000000E+01  0.1000000E+00
  0.1119224E+01  0.2079956E-01  0.6450000E+00  0.5000000E+01  0.1000000E+01  0.1000000E+00
  0.1119313E+01  0.2068616E-01  0.6400000E+00  0.5000000E+01  0.1000000E+01  0.1000000E+00
  0.1119401E+01  0.2057236E-01  0.6350000E+00  0.5000000E+01  0.1000000E+01  0.1000000E+00
  0.1119489E+01  0.2045816E-01  0.6300000E+00  0.5000000E+01  0.1000000E+01  0.1000000E+00
  0.1119577E+01  0.2034356E-01  0.6250000E+00  0.5000000E+01  0.1000000E+01  0.1000000E+00
  0.1119665E+01  0.2022856E-01  0.6200000E+00  0.5000000E+01  0.1000000E+01  0.1000000E+00
  0.1119753E+01  0.2011316E-01  0.6150000E+00  0.5000000E+01  0.1000000E+01  0.1000000E+00
  0.1119840E+01  0.1999736E-01  0.6100000E+00  0.5000000E+01  0.1000000E+01  0.1000000E+00
  0.1119927E+01  0.1988116E-01  0.6050000E+00  0.5000000E+01  0.1000000E+01  0.1000000E+00
  0.1120014E+01  0.1976456E-01  0.6000000E+00  0.5000000E+01  0.1000000E+01  0.1000000E+00
  0.1120100E+01  0.1964757E-01  0.5950000E+00  0.5000000E+01  0.1000000E+01  0.1000000E+00
  0.1120187E+01  0.1953017E-01  0.5900000E+00  0.5000000E+01  0.1000000E+01  0.1000000E+00
  0.1120273E+01  0.1941237E-01  0.5850000E+00  0.5000000E+01  0.1000000E+01  0.1000000E+00
  0.1120359E+01  0.1929418E-01  0.5800000E+00  0.5000000E+01  0.1000000E+01  0.1000000E+00
  0.1120444E+01  0.1917559E-01  0.5750000E+00  0.5000000E+01  0.1000000E+01  0.1000000E+00
  0.1120530E+01  0.1905660E-01  0.5700000E+00  0.5000000E+01  0.1000000E+01  0.1000000E+00
  0.1120615E+01  0.1893722E-01  0.5650000E+00  0.5000000E+01  0.1000000E+01  0.1000000E+00
  0.1120700E+01  0.1881743E-01  0.5600000E+00  0.5000000E+01  0.1000000E+01  0.1000000E+00
  0.1120785E+01  0.1869725E-01  0.5550000E+00  0.5000000E+01  0.1000000E+01  0.1000000E+00
  0.1120869E+01  0.1857668E-01  0.5500000E+00  0.5000000E+01  0.1000000E+01  0.1000000E+00
  0.1120953E+01  0.1845571E-01  0.5450000E+00  0.5000000E+01  0.1000000E+01  0.1000000E+00
  0.1121037E+01  0.1833434E-01  0.5400000E+00  0.5000000E+01  0.1000000E+01  0.1000000E+00
  0.1121121E+01  0.1821258E-01  0.5350000E+00  0.5000000E+01  0.1000000E+01  0.1000000E+00
  0.1121204E+01  0.1809043E-01  0.5300000E+00  0.5000000E+01  0.1000000E+01  0.1000000E+00
  0.1121288E+01  0.1796788E-01  0.5250000E+00  0.5000000E+01  0.1000000E+01  0.1000000E+00
  0.1121370E+01  0.1784494E-01  0.5200000E+00  0.5000000E+01  0.1000000E+01  0.1000000E+00
  0.1121453E+01  0.1772160E-01  0.5150000E+00  0.5000000E+01  0.1000000E+01  0.1000000E+00
  0.1121535E+01  0.1759788E-01  0.5100000E+00  0.5000000E+01  0.1000000E+01  0.1000000E+00
  0.1121618E+01  0.1747376E-01  0.5050000E+00  0.5000000E+01  0.1000000E+01  0.1000000E+00
  0.1121699E+01  0.1734925E-01  0.5000000E+00  0.5000000E+01  0.1000000E+01  0.1000000E+00
  0.1121781E+01  0.1722434E-01  0.4950000E+00  0.5000000E+01  0.1000000E+01  0.1000000E+00
  0.1121862E+01  0.1709905E-01  0.4900000E+00  0.5000000E+01  0.1000000E+01  0.1000000E+00
  0.1121943E+01  0.1697337E-01  0.4850000E+00  0.5000000E+01  0.1000000E+01  0.1000000E+00
  0.1122024E+01  0.1684730E-01  0.4800000E+00  0.5000000E+01  0.1000000E+01  0.1000000E+00
  0.1122104E+01  0.1672084E-01  0.4750000E+00  0.5000000E+01  0.1000000E+01  0.1000000E+00
  0.1122184E+01  0.1659399E-01  0.4700000E+00  0.5000000E+01  0.1000000E+01  0.1000000E+00
  0.1122264E+01  0.1646675E-01  0.4650000E+00  0.5000000E+01  0.1000000E+01  0.1000000E+00
  0.1122344E+01  0.1633913E-01  0.4600000E+00  0.5000000E+01  0.1000000E+01  0.1000000E+00
  0.1122423E+01  0.1621112E-01  0.4550000E+00  0.5000000E+01  0.1000000E+01  0.1000000E+00
  0.1122502E+01  0.1608272E-01  0.4500000E+00  0.5000000E+01  0.1000000E+01  0.1000000E+00
  0.1122581E+01  0.1595394E-01  0.4450000E+00  0.5000000E+01  0.1000000E+01  0.1000000E+00
  0.1122659E+01  0.1582478E-01  0.4400000E+00  0.5000000E+01  0.1000000E+01  0.1000000E+00
  0.1122737E+01  0.1569523E-01  0.4350000E+00  0.5000000E+01  0.1000000E+01  0.1000000E+00
  0.1122815E+01  0.1556530E-01  0.4300000E+00  0.5000000E+01  0.1000000E+01  0.1000000E+00
  0.1122893E+01  0.1543499E-01  0.4250000E+00  0.5000000E+01  0.1000000E+01  0.1000000E+00
  0.1122970E+01  0.1530429E-01  0.4200000E+00  0.5000000E+01  0.1000000E+01  0.1000000E+00
  0.1123047E+01  0.1517321E-01  0.4150000E+00  0.5000000E+01  0.1000000E+01  0.1000000E+00
  0.1123123E+01  0.1504176E-01  0.4100000E+00  0.5000000E+01  0.1000000E+01  0.1000000E+00
  0.1123200E+01  0.1490992E-01  0.4050000E+00  0.5000000E+01  0.1000000E+01  0.1000000E+00
  0.1123276E+01  0.1477771E-01  0.4000000E+00  0.5000000E+01  0.1000000E+01  0.1000000E+00
  0.1123351E+01  0.1464511E-01  0.3950000E+00  0.5000000E+01  0.1000000E+01  0.1000000E+00
  0.1123427E+01  0.1451215E-01  0.3900000E+00  0.5000000E+01  0.1000000E+01  0.1000000E+00
  0.1123502E+01  0.1437880E-01  0.3850000E+00  0.5000000E+01  0.1000000E+01  0.1000000E+00
  0.1123576E+01  0.1424508E-01  0.3800000E+00  0.5000000E+01  0.1000000E+01  0.1000000E+00
  0.1123651E+01  0.1411098E-01  0.3750000E+00  0.5000000E+01  0.1000000E+01  0.1000000E+00
  0.1123725E+01  0.1397651E-01  0.3700000E+00  0.5000000E+01  0.1000000E+01  0.1000000E+00
  0.1123798E+01  0.1384167E-01  0.3650000E+00  0.5000000E+01  0.1000000E+01  0.1000000E+00
  0.1123872E+01  0.1370645E-01  0.3600000E+00  0.5000000E+01  0.1000000E+01  0.1000000E+00
  0.1123945E+01  0.1357087E-01  0.3550000E+00  0.5000000E+01  0.1000000E+01  0.1000000E+00
  0.1124017E+01  0.1343491E-01  0.3500000E+00  0.5000000E+01  0.1000000E+01  0.1000000E+00
  0.1124090E+01  0.1329859E-01  0.3450000E+00  0.5000000E+01  0.1000000E+01  0.1000000E+00
  0.1124162E+01  0.1316189E-01  0.3400000E+00  0.5000000E+01  0.1000000E+01  0.1000000E+00
  0.1124234E+01  0.1302483E-01  0.3350000E+00  0.5000000E+01  0.1000000E+01  0.1000000E+00
  0.1124305E+01  0.1288740E-01  0.3300000E+00  0.5000000E+01  0.1000000E+01  0.1000000E+00
  0.1124376E+01  0.1274961E-01  0.3250000E+00  0.5000000E+01  0.1000000E+01  0.1000000E+00
  0.1124447E+01  0.1261145E-01  0.3200000E+00  0.5000000E+01  0.1000000E+01  0.1000000E+00
  0.1124517E+01  0.1247293E-01  0.3150000E+00  0.5000000E+01  0.1000000E+01  0.1000000E+00
  0.1124587E+01  0.1233404E-01  0.3100000E+00  0.5000000E+01  0.1000000E+01  0.1000000E+00
  0.1124656E+01  0.1219480E-01  0.3050000E+00  0.5000000E+01  0.1000000E+01  0.1000000E+00
  0.1124726E+01  0.1205519E-01  0.3000000E+00  0.5000000E+01  0.1000000E+01  0.1000000E+00
  0.1124794E+01  0.1191522E-01  0.2950000E+00  0.5000000E+01  0.1000000E+01  0.1000000E+00
  0.1124863E+01  0.1177490E-01  0.2900000E+00  0.5000000E+01  0.1000000E+01  0.1000000E+00
  0.1124931E+01  0.1163421E-01  0.2850000E+00  0.5000000E+01  0.1000000E+01  0.1000000E+00
  0.1124999E+01  0.1149317E-01  0.2800000E+00  0.5000000E+01  0.1000000E+01  0.1000000E+00
  0.1125066E+01  0.1135178E-01  0.2750000E+00  0.5000000E+01  0.1000000E+01  0.1000000E+00
  0.1125133E+01  0.1121003E-01  0.2700000E+00  0.5000000E+01  0.1000000E+01  0.1000000E+00
  0.1125200E+01  0.1106793E-01  0.2650000E+00  0.5000000E+01  0.1000000E+01  0.1000000E+00
  0.1125266E+01  0.1092548E-01  0.2600000E+00  0.5000000E+01  0.1000000E+01  0.1000000E+00
  0.1125332E+01  0.1078267E-01  0.2550000E+00  0.5000000E+01  0.1000000E+01  0.1000000E+00
  0.1125398E+01  0.1063952E-01  0.2500000E+00  0.5000000E+01  0.1000000E+01  0.1000000E+00
  0.1125463E+01  0.1049602E-01  0.2450000E+00  0.5000000E+01  0.1000000E+01  0.1000000E+00
  0.1125528E+01  0.1035217E-01  0.2400000E+00  0.5000000E+01  0.1000000E+01  0.1000000E+00
  0.1125592E+01  0.1020797E-01  0.2350000E+00  0.5000000E+01  0.1000000E+01  0.1000000E+00
  0.1125656E+01  0.1006343E-01  0.2300000E+00  0.5000000E+01  0.1000000E+01  0.1000000E+00
  0.1125720E+01  0.9918550E-02  0.2250000E+00  0.5000000E+01  0.1000000E+01  0.1000000E+00
  0.1125783E+01  0.9773324E-02  0.2200000E+00  0.5000000E+01  0.1000000E+01  0.1000000E+00
  0.1125846E+01  0.9627757E-02  0.2150000E+00  0.5000000E+01  0.1000000E+01  0.1000000E+00
  0.1125909E+01  0.9481851E-02  0.2100000E+00  0.5000000E+01  0.1000000E+01  0.1000000E+00
  0.1125971E+01  0.9335606E-02  0.2050000E+00  0.5000000E+01  0.1000000E+01  0.1000000E+00
  0.1126032E+01  0.9189024E-02  0.2000000E+00  0.5000000E+01  0.1000000E+01  0.1000000E+00
  0.1126094E+01  0.9042106E-02  0.1950000E+00  0.5000000E+01  0.1000000E+01  0.1000000E+00
  0.1126154E+01  0.8894854E-02  0.1900000E+00  0.5000000E+01  0.1000000E+01  0.1000000E+00
  0.1126215E+01  0.8747268E-02  0.1850000E+00  0.5000000E+01  0.1000000E+01  0.1000000E+00
  0.1126275E+01  0.8599351E-02  0.1800000E+00  0.5000000E+01  0.1000000E+01  0.1000000E+00
  0.1126335E+01  0.8451103E-02  0.1750000E+00  0.5000000E+01  0.1000000E+01  0.1000000E+00
  0.1126394E+01  0.8302526E-02  0.1700000E+00  0.5000000E+01  0.1000000E+01  0.1000000E+00
  0.1126453E+01  0.8153622E-02  0.1650000E+00  0.5000000E+01  0.1000000E+01  0.1000000E+00
  0.1126511E+01  0.8004391E-02  0.1600000E+00  0.5000000E+01  0.1000000E+01  0.1000000E+00
  0.1126569E+01  0.7854836E-02  0.1550000E+00  0.5000000E+01  0.1000000E+01  0.1000000E+00
  0.1126627E+01  0.7704957E-02  0.1500000E+00  0.5000000E+01  0.1000000E+01  0.1000000E+00
  0.1126684E+01  0.7554756E-02  0.1450000E+00  0.5000000E+01  0.1000000E+01  0.1000000E+00
  0.1126741E+01  0.7404234E-02  0.1400000E+00  0.5000000E+01  0.1000000E+01  0.1000000E+00
  0.1126797E+01  0.7253394E-02  0.1350000E+00  0.5000000E+01  0.1000000E+01  0.1000000E+00
  0.1126853E+01  0.7102236E-02  0.1300000E+00  0.5000000E+01  0.1000000E+01  0.1000000E+00
  0.1126908E+01  0.6950763E-02  0.1250000E+00  0.5000000E+01  0.1000000E+01  0.1000000E+00
  0.1126963E+01  0.6798975E-02  0.1200000E+00  0.5000000E+01  0.1000000E+01  0.1000000E+00
  0.1127018E+01  0.6646873E-02  0.1150000E+00  0.5000000E+01  0.1000000E+01  0.1000000E+00
  0.1127072E+01  0.6494461E-02  0.1100000E+00  0.5000000E+01  0.1000000E+01  0.1000000E+00
  0.1127126E+01  0.6341739E-02  0.1050000E+00  0.5000000E+01  0.1000000E+01  0.1000000E+00
  0.1127179E+01  0.6188708E-02  0.1000000E+00  0.5000000E+01  0.1000000E+01  0.1000000E+00
  0.1127232E+01  0.6035371E-02  0.9500000E-01  0.5000000E+01  0.1000000E+01  0.1000000E+00
  0.1127284E+01  0.5881729E-02  0.9000000E-01  0.5000000E+01  0.1000000E+01  0.1000000E+00
  0.1127336E+01  0.5727783E-02  0.8500000E-01  0.5000000E+01  0.1000000E+01  0.1000000E+00
  0.1127388E+01  0.5573535E-02  0.8000000E-01  0.5000000E+01  0.1000000E+01  0.1000000E+00
  0.1127439E+01  0.5418988E-02  0.7500000E-01  0.5000000E+01  0.1000000E+01  0.1000000E+00
  0.1127489E+01  0.5264142E-02  0.7000000E-01  0.5000000E+01  0.1000000E+01  0.1000000E+00
  0.1127540E+01  0.5108999E-02  0.6500000E-01  0.5000000E+01  0.1000000E+01  0.1000000E+00
  0.1127589E+01  0.4953560E-02  0.6000000E-01  0.5000000E+01  0.1000000E+01  0.1000000E+00
  0.1127639E+01  0.4797829E-02  0.5500000E-01  0.5000000E+01  0.1000000E+01  0.1000000E+00
  0.1127687E+01  0.4641805E-02  0.5000000E-01  0.5000000E+01  0.1000000E+01  0.1000000E+00

