  0.1998593E+01  0.8898685E-01  0.5000000E+01  0.5000000E+01  0.1000000E+01  0.1000000E+00
  0.1998677E+01  0.8902291E-01  0.4995000E+01  0.5000000E+01  0.1000000E+01  0.1000000E+00
  0.1998761E+01  0.8905896E-01  0.4990000E+01  0.5000000E+01  0.1000000E+01  0.1000000E+00
  0.1998845E+01  0.8909499E-01  0.4985000E+01  0.5000000E+01  0.1000000E+01  0.1000000E+00
  0.1998930E+01  0.8913101E-01  0.4980000E+01  0.5000000E+01  0.1000000E+01  0.1000000E+00
  0.1999014E+01  0.8916701E-01  0.4975000E+01  0.5000000E+01  0.1000000E+01  0.1000000E+00
  0.1999099E+01  0.8920300E-01  0.4970000E+01  0.5000000E+01  0.1000000E+01  0.1000000E+00
  0.1999184E+01  0.8923897E-01  0.4965000E+01  0.5000000E+01  0.1000000E+01  0.1000000E+00
  0.1999269E+01  0.8927493E-01  0.4960000E+01  0.5000000E+01  0.1000000E+01  0.1000000E+00
  0.1999354E+01  0.8931087E-01  0.4955000E+01  0.5000000E+01  0.1000000E+01  0.1000000E+00
  0.1999439E+01  0.8934679E-01  0.4950000E+01  0.5000000E+01  0.1000000E+01  0.1000000E+00
  0.1999525E+01  0.8938269E-01  0.4945000E+01  0.5000000E+01  0.1000000E+01  0.1000000E+00
  0.1999610E+01  0.8941858E-01  0.4940000E+01  0.5000000E+01  0.1000000E+01  0.1000000E+00
  0.1999696E+01  0.8945445E-01  0.4935000E+01  0.5000000E+01  0.1000000E+01  0.1000000E+00
  0.1999782E+01  0.8949030E-01  0.4930000E+01  0.5000000E+01  0.1000000E+01  0.1000000E+00
  0.1999868E+01  0.8952614E-01  0.4925000E+01  0.5000000E+01  0.1000000E+01  0.1000000E+00
  0.1999955E+01  0.8956195E-01  0.4920000E+01  0.5000000E+01  0.1000000E+01  0.1000000E+00
  0.2000041E+01  0.8959775E-01  0.4915000E+01  0.5000000E+01  0.1000000E+01  0.1000000E+00
  0.2000128E+01  0.8963352E-01  0.4910000E+01  0.5000000E+01  0.1000000E+01  0.1000000E+00
  0.2000215E+01  0.8966928E-01  0.4905000E+01  0.5000000E+01  0.1000000E+01  0.1000000E+00
  0.2000302E+01  0.8970502E-01  0.4900000E+01  0.5000000E+01  0.1000000E+01  0.1000000E+00
  0.2000389E+01  0.8974074E-01  0.4895000E+01  0.5000000E+01  0.1000000E+01  0.1000000E+00
  0.2000476E+01  0.8977644E-01  0.4890000E+01  0.5000000E+01  0.1000000E+01  0.1000000E+00
  0.2000564E+01  0.8981212E-01  0.4885000E+01  0.5000000E+01  0.1000000E+01  0.1000000E+00
  0.2000651E+01  0.8984777E-01  0.4880000E+01  0.5000000E+01  0.1000000E+01  0.1000000E+00
  0.2000739E+01  0.8988341E-01  0.4875000E+01  0.5000000E+01  0.1000000E+01  0.1000000E+00
  0.2000827E+01  0.8991902E-01  0.4870000E+01  0.5000000E+01  0.1000000E+01  0.1000000E+00
  0.2000916E+01  0.8995462E-01  0.4865000E+01  0.5000000E+01  0.1000000E+01  0.1000000E+00
  0.2001004E+01  0.8999019E-01  0.4860000E+01  0.5000000E+01  0.1000000E+01  0.1000000E+00
  0.2001092E+01  0.9002574E-01  0.4855000E+01  0.5000000E+01  0.1000000E+01  0.1000000E+00
  0.2001181E+01  0.9006126E-01  0.4850000E+01  0.5000000E+01  0.1000000E+01  0.1000000E+00
  0.2001270E+01  0.9009676E-01  0.4845000E+01  0.5000000E+01  0.1000000E+01  0.1000000E+00
  0.2001359E+01  0.9013224E-01  0.4840000E+01  0.5000000E+01  0.1000000E+01  0.1000000E+00
  0.2001448E+01  0.9016770E-01  0.4835000E+01  0.5000000E+01  0.1000000E+01  0.1000000E+00
  0.2001538E+01  0.9020313E-01  0.4830000E+01  0.5000000E+01  0.1000000E+01  0.1000000E+00
  0.2001627E+01  0.9023854E-01  0.4825000E+01  0.5000000E+01  0.1000000E+01  0.1000000E+00
  0.2001717E+01  0.9027392E-01  0.4820000E+01  0.5000000E+01  0.1000000E+01  0.1000000E+00
  0.2001807E+01  0.9030928E-01  0.4815000E+01  0.5000000E+01  0.1000000E+01  0.1000000E+00
  0.2001897E+01  0.9034462E-01  0.4810000E+01  0.5000000E+01  0.1000000E+01  0.1000000E+00
  0.2001987E+01  0.9037992E-01  0.4805000E+01  0.5000000E+01  0.1000000E+01  0.1000000E+00
  0.2002078E+01  0.9041521E-01  0.4800000E+01  0.5000000E+01  0.1000000E+01  0.1000000E+00
  0.2002168E+01  0.9045046E-01  0.4795000E+01  0.5000000E+01  0.1000000E+01  0.1000000E+00
  0.2002259E+01  0.9048569E-01  0.4790000E+01  0.5000000E+01  0.1000000E+01  0.1000000E+00
  0.2002350E+01  0.9052089E-01  0.4785000E+01  0.5000000E+01  0.1000000E+01  0.1000000E+00
  0.2002441E+01  0.9055607E-01  0.4780000E+01  0.5000000E+01  0.1000000E+01  0.1000000E+00
  0.2002532E+01  0.9059122E-01  0.4775000E+01  0.5000000E+01  0.1000000E+01  0.1000000E+00
  0.2002624E+01  0.9062634E-01  0.4770000E+01  0.5000000E+01  0.1000000E+01  0.1000000E+00
  0.2002715E+01  0.9066143E-01  0.4765000E+01  0.5000000E+01  0.1000000E+01  0.1000000E+00
  0.2002807E+01  0.9069649E-01  0.4760000E+01  0.5000000E+01  0.1000000E+01  0.1000000E+00
  0.2002899E+01  0.9073153E-01  0.4755000E+01  0.5000000E+01  0.1000000E+01  0.1000000E+00
  0.2002992E+01  0.9076653E-01  0.4750000E+01  0.5000000E+01  0.1000000E+01  0.1000000E+00
  0.2003084E+01  0.9080151E-01  0.4745000E+01  0.5000000E+01  0.1000000E+01  0.1000000E+00
  0.2003176E+01  0.9083645E-01  0.4740000E+01  0.5000000E+01  0.1000000E+01  0.1000000E+00
  0.2003269E+01  0.9087137E-01  0.4735000E+01  0.5000000E+01  0.1000000E+01  0.1000000E+00
  0.2003362E+01  0.9090626E-01  0.4730000E+01  0.5000000E+01  0.1000000E+01  0.1000000E+00
  0.2003455E+01  0.9094111E-01  0.4725000E+01  0.5000000E+01  0.1000000E+01  0.1000000E+00
  0.2003548E+01  0.9097593E-01  0.4720000E+01  0.5000000E+01  0.1000000E+01  0.1000000E+00
  0.2003642E+01  0.9101072E-01  0.4715000E+01  0.5000000E+01  0.1000000E+01  0.1000000E+00
  0.2003736E+01  0.9104548E-01  0.4710000E+01  0.5000000E+01  0.1000000E+01  0.1000000E+00
  0.2003829E+01  0.9108021E-01  0.4705000E+01  0.5000000E+01  0.1000000E+01  0.1000000E+00
  0.2003923E+01  0.9111490E-01  0.4700000E+01  0.5000000E+01  0.1000000E+01  0.1000000E+00
  0.2004018E+01  0.9114956E-01  0.4695000E+01  0.5000000E+01  0.1000000E+01  0.1000000E+00
  0.2004112E+01  0.9118419E-01  0.4690000E+01  0.5000000E+01  0.1000000E+01  0.1000000E+00
  0.2004206E+01  0.9121878E-01  0.4685000E+01  0.5000000E+01  0.1000000E+01  0.1000000E+00
  0.2004301E+01  0.9125334E-01  0.4680000E+01  0.5000000E+01  0.1000000E+01  0.1000000E+00
  0.2004396E+01  0.9128786E-01  0.4675000E+01  0.5000000E+01  0.1000000E+01  0.1000000E+00
  0.2004491E+01  0.9132235E-01  0.4670000E+01  0.5000000E+01  0.1000000E+01  0.1000000E+00
  0.2004586E+01  0.9135681E-01  0.4665000E+01  0.5000000E+01  0.1000000E+01  0.1000000E+00
  0.2004682E+01  0.9139122E-01  0.4660000E+01  0.5000000E+01  0.1000000E+01  0.1000000E+00
  0.2004778E+01  0.9142560E-01  0.4655000E+01  0.5000000E+01  0.1000000E+01  0.1000000E+00
  0.2004873E+01  0.9145995E-01  0.4650000E+01  0.5000000E+01  0.1000000E+01  0.1000000E+00
  0.2004969E+01  0.9149426E-01  0.4645000E+01  0.5000000E+01  0.1000000E+01  0.1000000E+00
  0.2005066E+01  0.9152853E-01  0.4640000E+01  0.5000000E+01  0.1000000E+01  0.1000000E+00
  0.2005162E+01  0.9156276E-01  0.4635000E+01  0.5000000E+01  0.1000000E+01  0.1000000E+00
  0.2005259E+01  0.9159695E-01  0.4630000E+01  0.5000000E+01  0.1000000E+01  0.1000000E+00
  0.2005355E+01  0.9163111E-01  0.4625000E+01  0.5000000E+01  0.1000000E+01  0.1000000E+00
  0.2005452E+01  0.9166523E-01  0.4620000E+01  0.5000000E+01  0.1000000E+01  0.1000000E+00
  0.2005550E+01  0.9169930E-01  0.4615000E+01  0.5000000E+01  0.1000000E+01  0.1000000E+00
  0.2005647E+01  0.9173334E-01  0.4610000E+01  0.5000000E+01  0.1000000E+01  0.1000000E+00
  0.2005744E+01  0.9176734E-01  0.4605000E+01  0.5000000E+01  0.1000000E+01  0.1000000E+00
  0.2005842E+01  0.9180129E-01  0.4600000E+01  0.5000000E+01  0.1000000E+01  0.1000000E+00
  0.2005940E+01  0.9183521E-01  0.4595000E+01  0.5000000E+01  0.1000000E+01  0.1000000E+00
  0.2006038E+01  0.9186908E-01  0.4590000E+01  0.5000000E+01  0.1000000E+01  0.1000000E+00
  0.2006137E+01  0.9190291E-01  0.4585000E+01  0.5000000E+01  0.1000000E+01  0.1000000E+00
  0.2006235E+01  0.9193670E-01  0.4580000E+01  0.5000000E+01  0.1000000E+01  0.1000000E+00
  0.2006334E+01  0.9197045E-01  0.4575000E+01  0.5000000E+01  0.1000000E+01  0.1000000E+00
  0.2006433E+01  0.9200415E-01  0.4570000E+01  0.5000000E+01  0.1000000E+01  0.1000000E+00
  0.2006532E+01  0.9203781E-01  0.4565000E+01  0.5000000E+01  0.1000000E+01  0.1000000E+00
  0.2006631E+01  0.9207143E-01  0.4560000E+01  0.5000000E+01  0.1000000E+01  0.1000000E+00
  0.2006730E+01  0.9210500E-01  0.4555000E+01  0.5000000E+01  0.1000000E+01  0.1000000E+00
  0.2006830E+01  0.9213853E-01  0.4550000E+01  0.5000000E+01  0.1000000E+01  0.1000000E+00
  0.2006930E+01  0.9217201E-01  0.4545000E+01  0.5000000E+01  0.1000000E+01  0.1000000E+00
  0.2007030E+01  0.9220544E-01  0.4540000E+01  0.5000000E+01  0.1000000E+01  0.1000000E+00
  0.2007130E+01  0.9223883E-01  0.4535000E+01  0.5000000E+01  0.1000000E+01  0.1000000E+00
  0.2007231E+01  0.9227217E-01  0.4530000E+01  0.5000000E+01  0.1000000E+01  0.1000000E+00
  0.2007331E+01  0.9230547E-01  0.4525000E+01  0.5000000E+01  0.1000000E+01  0.1000000E+00
  0.2007432E+01  0.9233872E-01  0.4520000E+01  0.5000000E+01  0.1000000E+01  0.1000000E+00
  0.2007533E+01  0.9237192E-01  0.4515000E+01  0.5000000E+01  0.1000000E+01  0.1000000E+00
  0.2007634E+01  0.9240507E-01  0.4510000E+01  0.5000000E+01  0.1000000E+01  0.1000000E+00
  0.2007736E+01  0.9243817E-01  0.4505000E+01  0.5000000E+01  0.1000000E+01  0.1000000E+00
  0.2007837E+01  0.9247122E-01  0.4500000E+01  0.5000000E+01  0.1000000E+01  0.1000000E+00
  0.2007939E+01  0.9250422E-01  0.4495000E+01  0.5000000E+01  0.1000000E+01  0.1000000E+00
  0.2008041E+01  0.9253718E-01  0.4490000E+01  0.5000000E+01  0.1000000E+01  0.1000000E+00
  0.2008143E+01  0.9257008E-01  0.4485000E+01  0.5000000E+01  0.1000000E+01  0.1000000E+00
  0.2008246E+01  0.9260293E-01  0.4480000E+01  0.5000000E+01  0.1000000E+01  0.1000000E+00
  0.2008348E+01  0.9263573E-01  0.4475000E+01  0.5000000E+01  0.1000000E+01  0.1000000E+00
  0.2008451E+01  0.9266847E-01  0.4470000E+01  0.5000000E+01  0.1000000E+01  0.1000000E+00
  0.2008554E+01  0.9270117E-01  0.4465000E+01  0.5000000E+01  0.1000000E+01  0.1000000E+00
  0.2008657E+01  0.9273381E-01  0.4460000E+01  0.5000000E+01  0.1000000E+01  0.1000000E+00
  0.2008761E+01  0.9276639E-01  0.4455000E+01  0.5000000E+01  0.1000000E+01  0.1000000E+00
  0.2008864E+01  0.9279892E-01  0.4450000E+01  0.5000000E+01  0.1000000E+01  0.1000000E+00
  0.2008968E+01  0.9283140E-01  0.4445000E+01  0.5000000E+01  0.1000000E+01  0.1000000E+00
  0.2009072E+01  0.9286382E-01  0.4440000E+01  0.5000000E+01  0.1000000E+01  0.1000000E+00
  0.2009176E+01  0.9289619E-01  0.4435000E+01  0.5000000E+01  0.1000000E+01  0.1000000E+00
  0.2009281E+01  0.9292850E-01  0.4430000E+01  0.5000000E+01  0.1000000E+01  0.1000000E+00
  0.2009386E+01  0.9296075E-01  0.4425000E+01  0.5000000E+01  0.1000000E+01  0.1000000E+00
  0.2009490E+01  0.9299295E-01  0.4420000E+01  0.5000000E+01  0.1000000E+01  0.1000000E+00
  0.2009595E+01  0.9302509E-01  0.4415000E+01  0.5000000E+01  0.1000000E+01  0.1000000E+00
  0.2009701E+01  0.9305717E-01  0.4410000E+01  0.5000000E+01  0.1000000E+01  0.1000000E+00
  0.2009806E+01  0.9308919E-01  0.4405000E+01  0.5000000E+01  0.1000000E+01  0.1000000E+00
  0.2009912E+01  0.9312115E-01  0.4400000E+01  0.5000000E+01  0.1000000E+01  0.1000000E+00
  0.2010018E+01  0.9315305E-01  0.4395000E+01  0.5000000E+01  0.1000000E+01  0.1000000E+00
  0.2010124E+01  0.9318490E-01  0.4390000E+01  0.5000000E+01  0.1000000E+01  0.1000000E+00
  0.2010230E+01  0.9321668E-01  0.4385000E+01  0.5000000E+01  0.1000000E+01  0.1000000E+00
  0.2010336E+01  0.9324840E-01  0.4380000E+01  0.5000000E+01  0.1000000E+01  0.1000000E+00
  0.2010443E+01  0.9328006E-01  0.4375000E+01  0.5000000E+01  0.1000000E+01  0.1000000E+00
  0.2010550E+01  0.9331165E-01  0.4370000E+01  0.5000000E+01  0.1000000E+01  0.1000000E+00
  0.2010657E+01  0.9334318E-01  0.4365000E+01  0.5000000E+01  0.1000000E+01  0.1000000E+00
  0.2010764E+01  0.9337465E-01  0.4360000E+01  0.5000000E+01  0.1000000E+01  0.1000000E+00
  0.2010872E+01  0.9340606E-01  0.4355000E+01  0.5000000E+01  0.1000000E+01  0.1000000E+00
  0.2010980E+01  0.9343740E-01  0.4350000E+01  0.5000000E+01  0.1000000E+01  0.1000000E+00
  0.2011088E+01  0.9346867E-01  0.4345000E+01  0.5000000E+01  0.1000000E+01  0.1000000E+00
  0.2011196E+01  0.9349988E-01  0.4340000E+01  0.5000000E+01  0.1000000E+01  0.1000000E+00
  0.2011304E+01  0.9353103E-01  0.4335000E+01  0.5000000E+01  0.1000000E+01  0.1000000E+00
  0.2011413E+01  0.9356210E-01  0.4330000E+01  0.5000000E+01  0.1000000E+01  0.1000000E+00
  0.2011522E+01  0.9359311E-01  0.4325000E+01  0.5000000E+01  0.1000000E+01  0.1000000E+00
  0.2011631E+01  0.9362405E-01  0.4320000E+01  0.5000000E+01  0.1000000E+01  0.1000000E+00
  0.2011740E+01  0.9365493E-01  0.4315000E+01  0.5000000E+01  0.1000000E+01  0.1000000E+00
  0.2011849E+01  0.9368573E-01  0.4310000E+01  0.5000000E+01  0.1000000E+01  0.1000000E+00
  0.2011959E+01  0.9371646E-01  0.4305000E+01  0.5000000E+01  0.1000000E+01  0.1000000E+00
  0.2012069E+01  0.9374713E-01  0.4300000E+01  0.5000000E+01  0.1000000E+01  0.1000000E+00
  0.2012179E+01  0.9377772E-01  0.4295000E+01  0.5000000E+01  0.1000000E+01  0.1000000E+00
  0.2012289E+01  0.9380824E-01  0.4290000E+01  0.5000000E+01  0.1000000E+01  0.1000000E+00
  0.2012400E+01  0.9383869E-01  0.4285000E+01  0.5000000E+01  0.1000000E+01  0.1000000E+00
  0.2012510E+01  0.9386907E-01  0.4280000E+01  0.5000000E+01  0.1000000E+01  0.1000000E+00
  0.2012621E+01  0.9389937E-01  0.4275000E+01  0.5000000E+01  0.1000000E+01  0.1000000E+00
  0.2012732E+01  0.9392960E-01  0.4270000E+01  0.5000000E+01  0.1000000E+01  0.1000000E+00
  0.2012844E+01  0.9395976E-01  0.4265000E+01  0.5000000E+01  0.1000000E+01  0.1000000E+00
  0.2012955E+01  0.9398984E-01  0.4260000E+01  0.5000000E+01  0.1000000E+01  0.1000000E+00
  0.2013067E+01  0.9401985E-01  0.4255000E+01  0.5000000E+01  0.1000000E+01  0.1000000E+00
  0.2013179E+01  0.9404978E-01  0.4250000E+01  0.5000000E+01  0.1000000E+01  0.1000000E+00
  0.2013291E+01  0.9407963E-01  0.4245000E+01  0.5000000E+01  0.1000000E+01  0.1000000E+00
  0.2013404E+01  0.9410940E-01  0.4240000E+01  0.5000000E+01  0.1000000E+01  0.1000000E+00
  0.2013517E+01  0.9413910E-01  0.4235000E+01  0.5000000E+01  0.1000000E+01  0.1000000E+00
  0.2013630E+01  0.9416872E-01  0.4230000E+01  0.5000000E+01  0.1000000E+01  0.1000000E+00
  0.2013743E+01  0.9419826E-01  0.4225000E+01  0.5000000E+01  0.1000000E+01  0.1000000E+00
  0.2013856E+01  0.9422772E-01  0.4220000E+01  0.5000000E+01  0.1000000E+01  0.1000000E+00
  0.2013970E+01  0.9425710E-01  0.4215000E+01  0.5000000E+01  0.1000000E+01  0.1000000E+00
  0.2014083E+01  0.9428639E-01  0.4210000E+01  0.5000000E+01  0.1000000E+01  0.1000000E+00
  0.2014197E+01  0.9431561E-01  0.4205000E+01  0.5000000E+01  0.1000000E+01  0.1000000E+00
  0.2014312E+01  0.9434474E-01  0.4200000E+01  0.5000000E+01  0.1000000E+01  0.1000000E+00
  0.2014426E+01  0.9437379E-01  0.4195000E+01  0.5000000E+01  0.1000000E+01  0.1000000E+00
  0.2014541E+01  0.9440276E-01  0.4190000E+01  0.5000000E+01  0.1000000E+01  0.1000000E+00
  0.2014656E+01  0.9443164E-01  0.4185000E+01  0.5000000E+01  0.1000000E+01  0.1000000E+00
  0.2014771E+01  0.9446044E-01  0.4180000E+01  0.5000000E+01  0.1000000E+01  0.1000000E+00
  0.2014886E+01  0.9448915E-01  0.4175000E+01  0.5000000E+01  0.1000000E+01  0.1000000E+00
  0.2015002E+01  0.9451778E-01  0.4170000E+01  0.5000000E+01  0.1000000E+01  0.1000000E+00
  0.2015117E+01  0.9454632E-01  0.4165000E+01  0.5000000E+01  0.1000000E+01  0.1000000E+00
  0.2015233E+01  0.9457477E-01  0.4160000E+01  0.5000000E+01  0.1000000E+01  0.1000000E+00
  0.2015350E+01  0.9460313E-01  0.4155000E+01  0.5000000E+01  0.1000000E+01  0.1000000E+00
  0.2015466E+01  0.9463141E-01  0.4150000E+01  0.5000000E+01  0.1000000E+01  0.1000000E+00
  0.2015583E+01  0.9465959E-01  0.4145000E+01  0.5000000E+01  0.1000000E+01  0.1000000E+00
  0.2015700E+01  0.9468768E-01  0.4140000E+01  0.5000000E+01  0.1000000E+01  0.1000000E+00
  0.2015817E+01  0.9471569E-01  0.4135000E+01  0.5000000E+01  0.1000000E+01  0.1000000E+00
  0.2015934E+01  0.9474360E-01  0.4130000E+01  0.5000000E+01  0.1000000E+01  0.1000000E+00
  0.2016052E+01  0.9477141E-01  0.4125000E+01  0.5000000E+01  0.1000000E+01  0.1000000E+00
  0.2016170E+01  0.9479914E-01  0.4120000E+01  0.5000000E+01  0.1000000E+01  0.1000000E+00
  0.2016288E+01  0.9482677E-01  0.4115000E+01  0.5000000E+01  0.1000000E+01  0.1000000E+00
  0.2016406E+01  0.9485431E-01  0.4110000E+01  0.5000000E+01  0.1000000E+01  0.1000000E+00
  0.2016525E+01  0.9488175E-01  0.4105000E+01  0.5000000E+01  0.1000000E+01  0.1000000E+00
  0.2016643E+01  0.9490910E-01  0.4100000E+01  0.5000000E+01  0.1000000E+01  0.1000000E+00
  0.2016762E+01  0.9493635E-01  0.4095000E+01  0.5000000E+01  0.1000000E+01  0.1000000E+00
  0.2016881E+01  0.9496350E-01  0.4090000E+01  0.5000000E+01  0.1000000E+01  0.1000000E+00
  0.2017001E+01  0.9499055E-01  0.4085000E+01  0.5000000E+01  0.1000000E+01  0.1000000E+00
  0.2017121E+01  0.9501751E-01  0.4080000E+01  0.5000000E+01  0.1000000E+01  0.1000000E+00
  0.2017240E+01  0.9504436E-01  0.4075000E+01  0.5000000E+01  0.1000000E+01  0.1000000E+00
  0.2017361E+01  0.9507112E-01  0.4070000E+01  0.5000000E+01  0.1000000E+01  0.1000000E+00
  0.2017481E+01  0.9509777E-01  0.4065000E+01  0.5000000E+01  0.1000000E+01  0.1000000E+00
  0.2017602E+01  0.9512432E-01  0.4060000E+01  0.5000000E+01  0.1000000E+01  0.1000000E+00
  0.2017722E+01  0.9515077E-01  0.4055000E+01  0.5000000E+01  0.1000000E+01  0.1000000E+00
  0.2017843E+01  0.9517712E-01  0.4050000E+01  0.5000000E+01  0.1000000E+01  0.1000000E+00
  0.2017965E+01  0.9520336E-01  0.4045000E+01  0.5000000E+01  0.1000000E+01  0.1000000E+00
  0.2018086E+01  0.9522950E-01  0.4040000E+01  0.5000000E+01  0.1000000E+01  0.1000000E+00
  0.2018208E+01  0.9525553E-01  0.4035000E+01  0.5000000E+01  0.1000000E+01  0.1000000E+00
  0.2018330E+01  0.9528146E-01  0.4030000E+01  0.5000000E+01  0.1000000E+01  0.1000000E+00
  0.2018452E+01  0.9530728E-01  0.4025000E+01  0.5000000E+01  0.1000000E+01  0.1000000E+00
  0.2018575E+01  0.9533299E-01  0.4020000E+01  0.5000000E+01  0.1000000E+01  0.1000000E+00
  0.2018697E+01  0.9535860E-01  0.4015000E+01  0.5000000E+01  0.1000000E+01  0.1000000E+00
  0.2018820E+01  0.9538409E-01  0.4010000E+01  0.5000000E+01  0.1000000E+01  0.1000000E+00
  0.2018943E+01  0.9540947E-01  0.4005000E+01  0.5000000E+01  0.1000000E+01  0.1000000E+00
  0.2019067E+01  0.9543475E-01  0.4000000E+01  0.5000000E+01  0.1000000E+01  0.1000000E+00
  0.2019191E+01  0.9545991E-01  0.3995000E+01  0.5000000E+01  0.1000000E+01  0.1000000E+00
  0.2019314E+01  0.9548496E-01  0.3990000E+01  0.5000000E+01  0.1000000E+01  0.1000000E+00
  0.2019439E+01  0.9550989E-01  0.3985000E+01  0.5000000E+01  0.1000000E+01  0.1000000E+00
  0.2019563E+01  0.9553471E-01  0.3980000E+01  0.5000000E+01  0.1000000E+01  0.1000000E+00
  0.2019687E+01  0.9555942E-01  0.3975000E+01  0.5000000E+01  0.1000000E+01  0.1000000E+00
  0.2019812E+01  0.9558401E-01  0.3970000E+01  0.5000000E+01  0.1000000E+01  0.1000000E+00
  0.2019937E+01  0.9560849E-01  0.3965000E+01  0.5000000E+01  0.1000000E+01  0.1000000E+00
  0.2020063E+01  0.9563284E-01  0.3960000E+01  0.5000000E+01  0.1000000E+01  0.1000000E+00
  0.2020188E+01  0.9565708E-01  0.3955000E+01  0.5000000E+01  0.1000000E+01  0.1000000E+00
  0.2020314E+01  0.9568120E-01  0.3950000E+01  0.5000000E+01  0.1000000E+01  0.1000000E+00
  0.2020440E+01  0.9570520E-01  0.3945000E+01  0.5000000E+01  0.1000000E+01  0.1000000E+00
  0.2020566E+01  0.9572908E-01  0.3940000E+01  0.5000000E+01  0.1000000E+01  0.1000000E+00
  0.2020693E+01  0.9575284E-01  0.3935000E+01  0.5000000E+01  0.1000000E+01  0.1000000E+00
  0.2020820E+01  0.9577648E-01  0.3930000E+01  0.5000000E+01  0.1000000E+01  0.1000000E+00
  0.2020947E+01  0.9579999E-01  0.3925000E+01  0.5000000E+01  0.1000000E+01  0.1000000E+00
  0.2021074E+01  0.9582338E-01  0.3920000E+01  0.5000000E+01  0.1000000E+01  0.1000000E+00
  0.2021201E+01  0.9584664E-01  0.3915000E+01  0.5000000E+01  0.1000000E+01  0.1000000E+00
  0.2021329E+01  0.9586978E-01  0.3910000E+01  0.5000000E+01  0.1000000E+01  0.1000000E+00
  0.2021457E+01  0.9589280E-01  0.3905000E+01  0.5000000E+01  0.1000000E+01  0.1000000E+00
  0.2021585E+01  0.9591568E-01  0.3900000E+01  0.5000000E+01  0.1000000E+01  0.1000000E+00
  0.2021714E+01  0.9593844E-01  0.3895000E+01  0.5000000E+01  0.1000000E+01  0.1000000E+00
  0.2021842E+01  0.9596107E-01  0.3890000E+01  0.5000000E+01  0.1000000E+01  0.1000000E+00
  0.2021971E+01  0.9598356E-01  0.3885000E+01  0.5000000E+01  0.1000000E+01  0.1000000E+00
  0.2022101E+01  0.9600593E-01  0.3880000E+01  0.5000000E+01  0.1000000E+01  0.1000000E+00
  0.2022230E+01  0.9602817E-01  0.3875000E+01  0.5000000E+01  0.1000000E+01  0.1000000E+00
  0.2022360E+01  0.9605027E-01  0.3870000E+01  0.5000000E+01  0.1000000E+01  0.1000000E+00
  0.2022490E+01  0.9607224E-01  0.3865000E+01  0.5000000E+01  0.1000000E+01  0.1000000E+00
  0.2022620E+01  0.9609407E-01  0.3860000E+01  0.5000000E+01  0.1000000E+01  0.1000000E+00
  0.2022750E+01  0.9611577E-01  0.3855000E+01  0.5000000E+01  0.1000000E+01  0.1000000E+00
  0.2022881E+01  0.9613733E-01  0.3850000E+01  0.5000000E+01  0.1000000E+01  0.1000000E+00
  0.2023012E+01  0.9615876E-01  0.3845000E+01  0.5000000E+01  0.1000000E+01  0.1000000E+00
  0.2023143E+01  0.9618005E-01  0.3840000E+01  0.5000000E+01  0.1000000E+01  0.1000000E+00
  0.2023274E+01  0.9620120E-01  0.3835000E+01  0.5000000E+01  0.1000000E+01  0.1000000E+00
  0.2023406E+01  0.9622221E-01  0.3830000E+01  0.5000000E+01  0.1000000E+01  0.1000000E+00
  0.2023538E+01  0.9624308E-01  0.3825000E+01  0.5000000E+01  0.1000000E+01  0.1000000E+00
  0.2023670E+01  0.9626380E-01  0.3820000E+01  0.5000000E+01  0.1000000E+01  0.1000000E+00
  0.2023803E+01  0.9628439E-01  0.3815000E+01  0.5000000E+01  0.1000000E+01  0.1000000E+00
  0.2023935E+01  0.9630483E-01  0.3810000E+01  0.5000000E+01  0.1000000E+01  0.1000000E+00
  0.2024068E+01  0.9632512E-01  0.3805000E+01  0.5000000E+01  0.1000000E+01  0.1000000E+00
  0.2024201E+01  0.9634528E-01  0.3800000E+01  0.5000000E+01  0.1000000E+01  0.1000000E+00
  0.2024335E+01  0.9636528E-01  0.3795000E+01  0.5000000E+01  0.1000000E+01  0.1000000E+00
  0.2024468E+01  0.9638514E-01  0.3790000E+01  0.5000000E+01  0.1000000E+01  0.1000000E+00
  0.2024602E+01  0.9640485E-01  0.3785000E+01  0.5000000E+01  0.1000000E+01  0.1000000E+00
  0.2024736E+01  0.9642441E-01  0.3780000E+01  0.5000000E+01  0.1000000E+01  0.1000000E+00
  0.2024871E+01  0.9644381E-01  0.3775000E+01  0.5000000E+01  0.1000000E+01  0.1000000E+00
  0.2025005E+01  0.9646307E-01  0.3770000E+01  0.5000000E+01  0.1000000E+01  0.1000000E+00
  0.2025140E+01  0.9648218E-01  0.3765000E+01  0.5000000E+01  0.1000000E+01  0.1000000E+00
  0.2025276E+01  0.9650113E-01  0.3760000E+01  0.5000000E+01  0.1000000E+01  0.1000000E+00
  0.2025411E+01  0.9651993E-01  0.3755000E+01  0.5000000E+01  0.1000000E+01  0.1000000E+00
  0.2025547E+01  0.9653857E-01  0.3750000E+01  0.5000000E+01  0.1000000E+01  0.1000000E+00
  0.2025682E+01  0.9655706E-01  0.3745000E+01  0.5000000E+01  0.1000000E+01  0.1000000E+00
  0.2025819E+01  0.9657539E-01  0.3740000E+01  0.5000000E+01  0.1000000E+01  0.1000000E+00
  0.2025955E+01  0.9659356E-01  0.3735000E+01  0.5000000E+01  0.1000000E+01  0.1000000E+00
  0.2026092E+01  0.9661158E-01  0.3730000E+01  0.5000000E+01  0.1000000E+01  0.1000000E+00
  0.2026229E+01  0.9662943E-01  0.3725000E+01  0.5000000E+01  0.1000000E+01  0.1000000E+00
  0.2026366E+01  0.9664712E-01  0.3720000E+01  0.5000000E+01  0.1000000E+01  0.1000000E+00
  0.2026503E+01  0.9666465E-01  0.3715000E+01  0.5000000E+01  0.1000000E+01  0.1000000E+00
  0.2026641E+01  0.9668202E-01  0.3710000E+01  0.5000000E+01  0.1000000E+01  0.1000000E+00
  0.2026779E+01  0.9669922E-01  0.3705000E+01  0.5000000E+01  0.1000000E+01  0.1000000E+00
  0.2026917E+01  0.9671626E-01  0.3700000E+01  0.5000000E+01  0.1000000E+01  0.1000000E+00
  0.2027056E+01  0.9673313E-01  0.3695000E+01  0.5000000E+01  0.1000000E+01  0.1000000E+00
  0.2027194E+01  0.9674983E-01  0.3690000E+01  0.5000000E+01  0.1000000E+01  0.1000000E+00
  0.2027333E+01  0.9676637E-01  0.3685000E+01  0.5000000E+01  0.1000000E+01  0.1000000E+00
  0.2027472E+01  0.9678274E-01  0.3680000E+01  0.5000000E+01  0.1000000E+01  0.1000000E+00
  0.2027612E+01  0.9679893E-01  0.3675000E+01  0.5000000E+01  0.1000000E+01  0.1000000E+00
  0.2027752E+01  0.9681496E-01  0.3670000E+01  0.5000000E+01  0.1000000E+01  0.1000000E+00
  0.2027892E+01  0.9683081E-01  0.3665000E+01  0.5000000E+01  0.1000000E+01  0.1000000E+00
  0.2028032E+01  0.9684649E-01  0.3660000E+01  0.5000000E+01  0.1000000E+01  0.1000000E+00
  0.2028172E+01  0.9686199E-01  0.3655000E+01  0.5000000E+01  0.1000000E+01  0.1000000E+00
  0.2028313E+01  0.9687732E-01  0.3650000E+01  0.5000000E+01  0.1000000E+01  0.1000000E+00
  0.2028454E+01  0.9689247E-01  0.3645000E+01  0.5000000E+01  0.1000000E+01  0.1000000E+00
  0.2028595E+01  0.9690744E-01  0.3640000E+01  0.5000000E+01  0.1000000E+01  0.1000000E+00
  0.2028737E+01  0.9692224E-01  0.3635000E+01  0.5000000E+01  0.1000000E+01  0.1000000E+00
  0.2028879E+01  0.9693685E-01  0.3630000E+01  0.5000000E+01  0.1000000E+01  0.1000000E+00
  0.2029021E+01  0.9695128E-01  0.3625000E+01  0.5000000E+01  0.1000000E+01  0.1000000E+00
  0.2029163E+01  0.9696553E-01  0.3620000E+01  0.5000000E+01  0.1000000E+01  0.1000000E+00
  0.2029306E+01  0.9697960E-01  0.3615000E+01  0.5000000E+01  0.1000000E+01  0.1000000E+00
  0.2029448E+01  0.9699348E-01  0.3610000E+01  0.5000000E+01  0.1000000E+01  0.1000000E+00
  0.2029591E+01  0.9700718E-01  0.3605000E+01  0.5000000E+01  0.1000000E+01  0.1000000E+00
  0.2029735E+01  0.9702069E-01  0.3600000E+01  0.5000000E+01  0.1000000E+01  0.1000000E+00
  0.2029878E+01  0.9703401E-01  0.3595000E+01  0.5000000E+01  0.1000000E+01  0.1000000E+00
  0.2030022E+01  0.9704715E-01  0.3590000E+01  0.5000000E+01  0.1000000E+01  0.1000000E+00
  0.2030166E+01  0.9706009E-01  0.3585000E+01  0.5000000E+01  0.1000000E+01  0.1000000E+00
  0.2030311E+01  0.9707284E-01  0.3580000E+01  0.5000000E+01  0.1000000E+01  0.1000000E+00
  0.2030455E+01  0.9708540E-01  0.3575000E+01  0.5000000E+01  0.1000000E+01  0.1000000E+00
  0.2030600E+01  0.9709777E-01  0.3570000E+01  0.5000000E+01  0.1000000E+01  0.1000000E+00
  0.2030745E+01  0.9710994E-01  0.3565000E+01  0.5000000E+01  0.1000000E+01  0.1000000E+00
  0.2030891E+01  0.9712192E-01  0.3560000E+01  0.5000000E+01  0.1000000E+01  0.1000000E+00
  0.2031036E+01  0.9713370E-01  0.3555000E+01  0.5000000E+01  0.1000000E+01  0.1000000E+00
  0.2031182E+01  0.9714528E-01  0.3550000E+01  0.5000000E+01  0.1000000E+01  0.1000000E+00
  0.2031328E+01  0.9715666E-01  0.3545000E+01  0.5000000E+01  0.1000000E+01  0.1000000E+00
  0.2031475E+01  0.9716785E-01  0.3540000E+01  0.5000000E+01  0.1000000E+01  0.1000000E+00
  0.2031622E+01  0.9717883E-01  0.3535000E+01  0.5000000E+01  0.1000000E+01  0.1000000E+00
  0.2031769E+01  0.9718960E-01  0.3530000E+01  0.5000000E+01  0.1000000E+01  0.1000000E+00
  0.2031916E+01  0.9720018E-01  0.3525000E+01  0.5000000E+01  0.1000000E+01  0.1000000E+00
  0.2032063E+01  0.9721054E-01  0.3520000E+01  0.5000000E+01  0.1000000E+01  0.1000000E+00
  0.2032211E+01  0.9722071E-01  0.3515000E+01  0.5000000E+01  0.1000000E+01  0.1000000E+00
  0.2032359E+01  0.9723066E-01  0.3510000E+01  0.5000000E+01  0.1000000E+01  0.1000000E+00
  0.2032507E+01  0.9724041E-01  0.3505000E+01  0.5000000E+01  0.1000000E+01  0.1000000E+00
  0.2032656E+01  0.9724994E-01  0.3500000E+01  0.5000000E+01  0.1000000E+01  0.1000000E+00
  0.2032804E+01  0.9725927E-01  0.3495000E+01  0.5000000E+01  0.1000000E+01  0.1000000E+00
  0.2032954E+01  0.9726838E-01  0.3490000E+01  0.5000000E+01  0.1000000E+01  0.1000000E+00
  0.2033103E+01  0.9727728E-01  0.3485000E+01  0.5000000E+01  0.1000000E+01  0.1000000E+00
  0.2033252E+01  0.9728596E-01  0.3480000E+01  0.5000000E+01  0.1000000E+01  0.1000000E+00
  0.2033402E+01  0.9729443E-01  0.3475000E+01  0.5000000E+01  0.1000000E+01  0.1000000E+00
  0.2033552E+01  0.9730268E-01  0.3470000E+01  0.5000000E+01  0.1000000E+01  0.1000000E+00
  0.2033703E+01  0.9731072E-01  0.3465000E+01  0.5000000E+01  0.1000000E+01  0.1000000E+00
  0.2033853E+01  0.9731853E-01  0.3460000E+01  0.5000000E+01  0.1000000E+01  0.1000000E+00
  0.2034004E+01  0.9732612E-01  0.3455000E+01  0.5000000E+01  0.1000000E+01  0.1000000E+00
  0.2034155E+01  0.9733349E-01  0.3450000E+01  0.5000000E+01  0.1000000E+01  0.1000000E+00
  0.2034307E+01  0.9734064E-01  0.3445000E+01  0.5000000E+01  0.1000000E+01  0.1000000E+00
  0.2034458E+01  0.9734756E-01  0.3440000E+01  0.5000000E+01  0.1000000E+01  0.1000000E+00
  0.2034610E+01  0.9735426E-01  0.3435000E+01  0.5000000E+01  0.1000000E+01  0.1000000E+00
  0.2034762E+01  0.9736073E-01  0.3430000E+01  0.5000000E+01  0.1000000E+01  0.1000000E+00
  0.2034915E+01  0.9736697E-01  0.3425000E+01  0.5000000E+01  0.1000000E+01  0.1000000E+00
  0.2035067E+01  0.9737298E-01  0.3420000E+01  0.5000000E+01  0.1000000E+01  0.1000000E+00
  0.2035220E+01  0.9737876E-01  0.3415000E+01  0.5000000E+01  0.1000000E+01  0.1000000E+00
  0.2035374E+01  0.9738431E-01  0.3410000E+01  0.5000000E+01  0.1000000E+01  0.1000000E+00
  0.2035527E+01  0.9738962E-01  0.3405000E+01  0.5000000E+01  0.1000000E+01  0.1000000E+00
  0.2035681E+01  0.9739470E-01  0.3400000E+01  0.5000000E+01  0.1000000E+01  0.1000000E+00
  0.2035835E+01  0.9739954E-01  0.3395000E+01  0.5000000E+01  0.1000000E+01  0.1000000E+00
  0.2035989E+01  0.9740415E-01  0.3390000E+01  0.5000000E+01  0.1000000E+01  0.1000000E+00
  0.2036144E+01  0.9740852E-01  0.3385000E+01  0.5000000E+01  0.1000000E+01  0.1000000E+00
  0.2036298E+01  0.9741265E-01  0.3380000E+01  0.5000000E+01  0.1000000E+01  0.1000000E+00
  0.2036453E+01  0.9741653E-01  0.3375000E+01  0.5000000E+01  0.1000000E+01  0.1000000E+00
  0.2036609E+01  0.9742018E-01  0.3370000E+01  0.5000000E+01  0.1000000E+01  0.1000000E+00
  0.2036764E+01  0.9742358E-01  0.3365000E+01  0.5000000E+01  0.1000000E+01  0.1000000E+00
  0.2036920E+01  0.9742673E-01  0.3360000E+01  0.5000000E+01  0.1000000E+01  0.1000000E+00
  0.2037076E+01  0.9742964E-01  0.3355000E+01  0.5000000E+01  0.1000000E+01  0.1000000E+00
  0.2037232E+01  0.9743230E-01  0.3350000E+01  0.5000000E+01  0.1000000E+01  0.1000000E+00
  0.2037389E+01  0.9743471E-01  0.3345000E+01  0.5000000E+01  0.1000000E+01  0.1000000E+00
  0.2037546E+01  0.9743687E-01  0.3340000E+01  0.5000000E+01  0.1000000E+01  0.1000000E+00
  0.2037703E+01  0.9743878E-01  0.3335000E+01  0.5000000E+01  0.1000000E+01  0.1000000E+00
  0.2037860E+01  0.9744043E-01  0.3330000E+01  0.5000000E+01  0.1000000E+01  0.1000000E+00
  0.2038018E+01  0.9744184E-01  0.3325000E+01  0.5000000E+01  0.1000000E+01  0.1000000E+00
  0.2038176E+01  0.9744298E-01  0.3320000E+01  0.5000000E+01  0.1000000E+01  0.1000000E+00
  0.2038334E+01  0.9744387E-01  0.3315000E+01  0.5000000E+01  0.1000000E+01  0.1000000E+00
  0.2038492E+01  0.9744450E-01  0.3310000E+01  0.5000000E+01  0.1000000E+01  0.1000000E+00
  0.2038651E+01  0.9744487E-01  0.3305000E+01  0.5000000E+01  0.1000000E+01  0.1000000E+00
  0.2038810E+01  0.9744498E-01  0.3300000E+01  0.5000000E+01  0.1000000E+01  0.1000000E+00
  0.2038969E+01  0.9744482E-01  0.3295000E+01  0.5000000E+01  0.1000000E+01  0.1000000E+00
  0.2039129E+01  0.9744440E-01  0.3290000E+01  0.5000000E+01  0.1000000E+01  0.1000000E+00
  0.2039288E+01  0.9744372E-01  0.3285000E+01  0.5000000E+01  0.1000000E+01  0.1000000E+00
  0.2039448E+01  0.9744277E-01  0.3280000E+01  0.5000000E+01  0.1000000E+01  0.1000000E+00
  0.2039609E+01  0.9744155E-01  0.3275000E+01  0.5000000E+01  0.1000000E+01  0.1000000E+00
  0.2039769E+01  0.9744006E-01  0.3270000E+01  0.5000000E+01  0.1000000E+01  0.1000000E+00
  0.2039930E+01  0.9743831E-01  0.3265000E+01  0.5000000E+01  0.1000000E+01  0.1000000E+00
  0.2040091E+01  0.9743627E-01  0.3260000E+01  0.5000000E+01  0.1000000E+01  0.1000000E+00
  0.2040252E+01  0.9743397E-01  0.3255000E+01  0.5000000E+01  0.1000000E+01  0.1000000E+00
  0.2040414E+01  0.9743139E-01  0.3250000E+01  0.5000000E+01  0.1000000E+01  0.1000000E+00
  0.2040575E+01  0.9742853E-01  0.3245000E+01  0.5000000E+01  0.1000000E+01  0.1000000E+00
  0.2040737E+01  0.9742540E-01  0.3240000E+01  0.5000000E+01  0.1000000E+01  0.1000000E+00
  0.2040900E+01  0.9742199E-01  0.3235000E+01  0.5000000E+01  0.1000000E+01  0.1000000E+00
  0.2041062E+01  0.9741829E-01  0.3230000E+01  0.5000000E+01  0.1000000E+01  0.1000000E+00
  0.2041225E+01  0.9741432E-01  0.3225000E+01  0.5000000E+01  0.1000000E+01  0.1000000E+00
  0.2041388E+01  0.9741006E-01  0.3220000E+01  0.5000000E+01  0.1000000E+01  0.1000000E+00
  0.2041551E+01  0.9740551E-01  0.3215000E+01  0.5000000E+01  0.1000000E+01  0.1000000E+00
  0.2041715E+01  0.9740068E-01  0.3210000E+01  0.5000000E+01  0.1000000E+01  0.1000000E+00
  0.2041879E+01  0.9739557E-01  0.3205000E+01  0.5000000E+01  0.1000000E+01  0.1000000E+00
  0.2042043E+01  0.9739016E-01  0.3200000E+01  0.5000000E+01  0.1000000E+01  0.1000000E+00
  0.2042207E+01  0.9738446E-01  0.3195000E+01  0.5000000E+01  0.1000000E+01  0.1000000E+00
  0.2042372E+01  0.9737847E-01  0.3190000E+01  0.5000000E+01  0.1000000E+01  0.1000000E+00
  0.2042536E+01  0.9737219E-01  0.3185000E+01  0.5000000E+01  0.1000000E+01  0.1000000E+00
  0.2042702E+01  0.9736561E-01  0.3180000E+01  0.5000000E+01  0.1000000E+01  0.1000000E+00
  0.2042867E+01  0.9735873E-01  0.3175000E+01  0.5000000E+01  0.1000000E+01  0.1000000E+00
  0.2043032E+01  0.9735156E-01  0.3170000E+01  0.5000000E+01  0.1000000E+01  0.1000000E+00
  0.2043198E+01  0.9734409E-01  0.3165000E+01  0.5000000E+01  0.1000000E+01  0.1000000E+00
  0.2043364E+01  0.9733632E-01  0.3160000E+01  0.5000000E+01  0.1000000E+01  0.1000000E+00
  0.2043531E+01  0.9732824E-01  0.3155000E+01  0.5000000E+01  0.1000000E+01  0.1000000E+00
  0.2043697E+01  0.9731987E-01  0.3150000E+01  0.5000000E+01  0.1000000E+01  0.1000000E+00
  0.2043864E+01  0.9731118E-01  0.3145000E+01  0.5000000E+01  0.1000000E+01  0.1000000E+00
  0.2044031E+01  0.9730219E-01  0.3140000E+01  0.5000000E+01  0.1000000E+01  0.1000000E+00
  0.2044199E+01  0.9729290E-01  0.3135000E+01  0.5000000E+01  0.1000000E+01  0.1000000E+00
  0.2044366E+01  0.9728329E-01  0.3130000E+01  0.5000000E+01  0.1000000E+01  0.1000000E+00
  0.2044534E+01  0.9727337E-01  0.3125000E+01  0.5000000E+01  0.1000000E+01  0.1000000E+00
  0.2044702E+01  0.9726314E-01  0.3120000E+01  0.5000000E+01  0.1000000E+01  0.1000000E+00
  0.2044870E+01  0.9725260E-01  0.3115000E+01  0.5000000E+01  0.1000000E+01  0.1000000E+00
  0.2045039E+01  0.9724174E-01  0.3110000E+01  0.5000000E+01  0.1000000E+01  0.1000000E+00
  0.2045208E+01  0.9723057E-01  0.3105000E+01  0.5000000E+01  0.1000000E+01  0.1000000E+00
  0.2045377E+01  0.9721907E-01  0.3100000E+01  0.5000000E+01  0.1000000E+01  0.1000000E+00
  0.2045546E+01  0.9720726E-01  0.3095000E+01  0.5000000E+01  0.1000000E+01  0.1000000E+00
  0.2045716E+01  0.9719513E-01  0.3090000E+01  0.5000000E+01  0.1000000E+01  0.1000000E+00
  0.2045886E+01  0.9718267E-01  0.3085000E+01  0.5000000E+01  0.1000000E+01  0.1000000E+00
  0.2046056E+01  0.9716989E-01  0.3080000E+01  0.5000000E+01  0.1000000E+01  0.1000000E+00
  0.2046226E+01  0.9715678E-01  0.3075000E+01  0.5000000E+01  0.1000000E+01  0.1000000E+00
  0.2046396E+01  0.9714335E-01  0.3070000E+01  0.5000000E+01  0.1000000E+01  0.1000000E+00
  0.2046567E+01  0.9712959E-01  0.3065000E+01  0.5000000E+01  0.1000000E+01  0.1000000E+00
  0.2046738E+01  0.9711550E-01  0.3060000E+01  0.5000000E+01  0.1000000E+01  0.1000000E+00
  0.2046910E+01  0.9710107E-01  0.3055000E+01  0.5000000E+01  0.1000000E+01  0.1000000E+00
  0.2047081E+01  0.9708632E-01  0.3050000E+01  0.5000000E+01  0.1000000E+01  0.1000000E+00
  0.2047253E+01  0.9707123E-01  0.3045000E+01  0.5000000E+01  0.1000000E+01  0.1000000E+00
  0.2047425E+01  0.9705580E-01  0.3040000E+01  0.5000000E+01  0.1000000E+01  0.1000000E+00
  0.2047597E+01  0.9704003E-01  0.3035000E+01  0.5000000E+01  0.1000000E+01  0.1000000E+00
  0.2047770E+01  0.9702393E-01  0.3030000E+01  0.5000000E+01  0.1000000E+01  0.1000000E+00
  0.2047942E+01  0.9700749E-01  0.3025000E+01  0.5000000E+01  0.1000000E+01  0.1000000E+00
  0.2048115E+01  0.9699070E-01  0.3020000E+01  0.5000000E+01  0.1000000E+01  0.1000000E+00
  0.2048288E+01  0.9697357E-01  0.3015000E+01  0.5000000E+01  0.1000000E+01  0.1000000E+00
  0.2048462E+01  0.9695610E-01  0.3010000E+01  0.5000000E+01  0.1000000E+01  0.1000000E+00
  0.2048635E+01  0.9693828E-01  0.3005000E+01  0.5000000E+01  0.1000000E+01  0.1000000E+00
  0.2048809E+01  0.9692011E-01  0.3000000E+01  0.5000000E+01  0.1000000E+01  0.1000000E+00
  0.2048983E+01  0.9690159E-01  0.2995000E+01  0.5000000E+01  0.1000000E+01  0.1000000E+00
  0.2049158E+01  0.9688272E-01  0.2990000E+01  0.5000000E+01  0.1000000E+01  0.1000000E+00
  0.2049332E+01  0.9686350E-01  0.2985000E+01  0.5000000E+01  0.1000000E+01  0.1000000E+00
  0.2049507E+01  0.9684392E-01  0.2980000E+01  0.5000000E+01  0.1000000E+01  0.1000000E+00
  0.2049682E+01  0.9682399E-01  0.2975000E+01  0.5000000E+01  0.1000000E+01  0.1000000E+00
  0.2049858E+01  0.9680370E-01  0.2970000E+01  0.5000000E+01  0.1000000E+01  0.1000000E+00
  0.2050033E+01  0.9678306E-01  0.2965000E+01  0.5000000E+01  0.1000000E+01  0.1000000E+00
  0.2050209E+01  0.9676205E-01  0.2960000E+01  0.5000000E+01  0.1000000E+01  0.1000000E+00
  0.2050385E+01  0.9674068E-01  0.2955000E+01  0.5000000E+01  0.1000000E+01  0.1000000E+00
  0.2050561E+01  0.9671895E-01  0.2950000E+01  0.5000000E+01  0.1000000E+01  0.1000000E+00
  0.2050737E+01  0.9669685E-01  0.2945000E+01  0.5000000E+01  0.1000000E+01  0.1000000E+00
  0.2050914E+01  0.9667439E-01  0.2940000E+01  0.5000000E+01  0.1000000E+01  0.1000000E+00
  0.2051091E+01  0.9665156E-01  0.2935000E+01  0.5000000E+01  0.1000000E+01  0.1000000E+00
  0.2051268E+01  0.9662836E-01  0.2930000E+01  0.5000000E+01  0.1000000E+01  0.1000000E+00
  0.2051445E+01  0.9660479E-01  0.2925000E+01  0.5000000E+01  0.1000000E+01  0.1000000E+00
  0.2051623E+01  0.9658085E-01  0.2920000E+01  0.5000000E+01  0.1000000E+01  0.1000000E+00
  0.2051801E+01  0.9655654E-01  0.2915000E+01  0.5000000E+01  0.1000000E+01  0.1000000E+00
  0.2051979E+01  0.9653185E-01  0.2910000E+01  0.5000000E+01  0.1000000E+01  0.1000000E+00
  0.2052157E+01  0.9650678E-01  0.2905000E+01  0.5000000E+01  0.1000000E+01  0.1000000E+00
  0.2052335E+01  0.9648134E-01  0.2900000E+01  0.5000000E+01  0.1000000E+01  0.1000000E+00
  0.2052514E+01  0.9645551E-01  0.2895000E+01  0.5000000E+01  0.1000000E+01  0.1000000E+00
  0.2052693E+01  0.9642931E-01  0.2890000E+01  0.5000000E+01  0.1000000E+01  0.1000000E+00
  0.2052872E+01  0.9640272E-01  0.2885000E+01  0.5000000E+01  0.1000000E+01  0.1000000E+00
  0.2053051E+01  0.9637575E-01  0.2880000E+01  0.5000000E+01  0.1000000E+01  0.1000000E+00
  0.2053231E+01  0.9634839E-01  0.2875000E+01  0.5000000E+01  0.1000000E+01  0.1000000E+00
  0.2053411E+01  0.9632065E-01  0.2870000E+01  0.5000000E+01  0.1000000E+01  0.1000000E+00
  0.2053591E+01  0.9629251E-01  0.2865000E+01  0.5000000E+01  0.1000000E+01  0.1000000E+00
  0.2053771E+01  0.9626399E-01  0.2860000E+01  0.5000000E+01  0.1000000E+01  0.1000000E+00
  0.2053951E+01  0.9623507E-01  0.2855000E+01  0.5000000E+01  0.1000000E+01  0.1000000E+00
  0.2054132E+01  0.9620577E-01  0.2850000E+01  0.5000000E+01  0.1000000E+01  0.1000000E+00
  0.2054313E+01  0.9617606E-01  0.2845000E+01  0.5000000E+01  0.1000000E+01  0.1000000E+00
  0.2054494E+01  0.9614597E-01  0.2840000E+01  0.5000000E+01  0.1000000E+01  0.1000000E+00
  0.2054675E+01  0.9611547E-01  0.2835000E+01  0.5000000E+01  0.1000000E+01  0.1000000E+00
  0.2054856E+01  0.9608457E-01  0.2830000E+01  0.5000000E+01  0.1000000E+01  0.1000000E+00
  0.2055038E+01  0.9605328E-01  0.2825000E+01  0.5000000E+01  0.1000000E+01  0.1000000E+00
  0.2055220E+01  0.9602158E-01  0.2820000E+01  0.5000000E+01  0.1000000E+01  0.1000000E+00
  0.2055402E+01  0.9598948E-01  0.2815000E+01  0.5000000E+01  0.1000000E+01  0.1000000E+00
  0.2055584E+01  0.9595697E-01  0.2810000E+01  0.5000000E+01  0.1000000E+01  0.1000000E+00
  0.2055767E+01  0.9592406E-01  0.2805000E+01  0.5000000E+01  0.1000000E+01  0.1000000E+00
  0.2055949E+01  0.9589074E-01  0.2800000E+01  0.5000000E+01  0.1000000E+01  0.1000000E+00
  0.2056132E+01  0.9585701E-01  0.2795000E+01  0.5000000E+01  0.1000000E+01  0.1000000E+00
  0.2056315E+01  0.9582287E-01  0.2790000E+01  0.5000000E+01  0.1000000E+01  0.1000000E+00
  0.2056499E+01  0.9578831E-01  0.2785000E+01  0.5000000E+01  0.1000000E+01  0.1000000E+00
  0.2056682E+01  0.9575335E-01  0.2780000E+01  0.5000000E+01  0.1000000E+01  0.1000000E+00
  0.2056866E+01  0.9571796E-01  0.2775000E+01  0.5000000E+01  0.1000000E+01  0.1000000E+00
  0.2057049E+01  0.9568217E-01  0.2770000E+01  0.5000000E+01  0.1000000E+01  0.1000000E+00
  0.2057234E+01  0.9564595E-01  0.2765000E+01  0.5000000E+01  0.1000000E+01  0.1000000E+00
  0.2057418E+01  0.9560931E-01  0.2760000E+01  0.5000000E+01  0.1000000E+01  0.1000000E+00
  0.2057602E+01  0.9557225E-01  0.2755000E+01  0.5000000E+01  0.1000000E+01  0.1000000E+00
  0.2057787E+01  0.9553477E-01  0.2750000E+01  0.5000000E+01  0.1000000E+01  0.1000000E+00
  0.2057972E+01  0.9549687E-01  0.2745000E+01  0.5000000E+01  0.1000000E+01  0.1000000E+00
  0.2058157E+01  0.9545854E-01  0.2740000E+01  0.5000000E+01  0.1000000E+01  0.1000000E+00
  0.2058342E+01  0.9541978E-01  0.2735000E+01  0.5000000E+01  0.1000000E+01  0.1000000E+00
  0.2058527E+01  0.9538060E-01  0.2730000E+01  0.5000000E+01  0.1000000E+01  0.1000000E+00
  0.2058713E+01  0.9534098E-01  0.2725000E+01  0.5000000E+01  0.1000000E+01  0.1000000E+00
  0.2058898E+01  0.9530094E-01  0.2720000E+01  0.5000000E+01  0.1000000E+01  0.1000000E+00
  0.2059084E+01  0.9526046E-01  0.2715000E+01  0.5000000E+01  0.1000000E+01  0.1000000E+00
  0.2059270E+01  0.9521955E-01  0.2710000E+01  0.5000000E+01  0.1000000E+01  0.1000000E+00
  0.2059457E+01  0.9517820E-01  0.2705000E+01  0.5000000E+01  0.1000000E+01  0.1000000E+00
  0.2059643E+01  0.9513641E-01  0.2700000E+01  0.5000000E+01  0.1000000E+01  0.1000000E+00
  0.2059830E+01  0.9509419E-01  0.2695000E+01  0.5000000E+01  0.1000000E+01  0.1000000E+00
  0.2060017E+01  0.9505153E-01  0.2690000E+01  0.5000000E+01  0.1000000E+01  0.1000000E+00
  0.2060204E+01  0.9500843E-01  0.2685000E+01  0.5000000E+01  0.1000000E+01  0.1000000E+00
  0.2060391E+01  0.9496488E-01  0.2680000E+01  0.5000000E+01  0.1000000E+01  0.1000000E+00
  0.2060578E+01  0.9492089E-01  0.2675000E+01  0.5000000E+01  0.1000000E+01  0.1000000E+00
  0.2060766E+01  0.9487646E-01  0.2670000E+01  0.5000000E+01  0.1000000E+01  0.1000000E+00
  0.2060953E+01  0.9483158E-01  0.2665000E+01  0.5000000E+01  0.1000000E+01  0.1000000E+00
  0.2061141E+01  0.9478625E-01  0.2660000E+01  0.5000000E+01  0.1000000E+01  0.1000000E+00
  0.2061329E+01  0.9474047E-01  0.2655000E+01  0.5000000E+01  0.1000000E+01  0.1000000E+00
  0.2061517E+01  0.9469424E-01  0.2650000E+01  0.5000000E+01  0.1000000E+01  0.1000000E+00
  0.2061705E+01  0.9464756E-01  0.2645000E+01  0.5000000E+01  0.1000000E+01  0.1000000E+00
  0.2061894E+01  0.9460043E-01  0.2640000E+01  0.5000000E+01  0.1000000E+01  0.1000000E+00
  0.2062083E+01  0.9455284E-01  0.2635000E+01  0.5000000E+01  0.1000000E+01  0.1000000E+00
  0.2062271E+01  0.9450479E-01  0.2630000E+01  0.5000000E+01  0.1000000E+01  0.1000000E+00
  0.2062460E+01  0.9445629E-01  0.2625000E+01  0.5000000E+01  0.1000000E+01  0.1000000E+00
  0.2062649E+01  0.9440733E-01  0.2620000E+01  0.5000000E+01  0.1000000E+01  0.1000000E+00
  0.2062839E+01  0.9435791E-01  0.2615000E+01  0.5000000E+01  0.1000000E+01  0.1000000E+00
  0.2063028E+01  0.9430803E-01  0.2610000E+01  0.5000000E+01  0.1000000E+01  0.1000000E+00
  0.2063218E+01  0.9425768E-01  0.2605000E+01  0.5000000E+01  0.1000000E+01  0.1000000E+00
  0.2063407E+01  0.9420688E-01  0.2600000E+01  0.5000000E+01  0.1000000E+01  0.1000000E+00
  0.2063597E+01  0.9415560E-01  0.2595000E+01  0.5000000E+01  0.1000000E+01  0.1000000E+00
  0.2063787E+01  0.9410386E-01  0.2590000E+01  0.5000000E+01  0.1000000E+01  0.1000000E+00
  0.2063978E+01  0.9405166E-01  0.2585000E+01  0.5000000E+01  0.1000000E+01  0.1000000E+00
  0.2064168E+01  0.9399898E-01  0.2580000E+01  0.5000000E+01  0.1000000E+01  0.1000000E+00
  0.2064358E+01  0.9394583E-01  0.2575000E+01  0.5000000E+01  0.1000000E+01  0.1000000E+00
  0.2064549E+01  0.9389222E-01  0.2570000E+01  0.5000000E+01  0.1000000E+01  0.1000000E+00
  0.2064740E+01  0.9383813E-01  0.2565000E+01  0.5000000E+01  0.1000000E+01  0.1000000E+00
  0.2064931E+01  0.9378356E-01  0.2560000E+01  0.5000000E+01  0.1000000E+01  0.1000000E+00
  0.2065122E+01  0.9372852E-01  0.2555000E+01  0.5000000E+01  0.1000000E+01  0.1000000E+00
  0.2065313E+01  0.9367301E-01  0.2550000E+01  0.5000000E+01  0.1000000E+01  0.1000000E+00
  0.2065504E+01  0.9361701E-01  0.2545000E+01  0.5000000E+01  0.1000000E+01  0.1000000E+00
  0.2065695E+01  0.9356054E-01  0.2540000E+01  0.5000000E+01  0.1000000E+01  0.1000000E+00
  0.2065887E+01  0.9350359E-01  0.2535000E+01  0.5000000E+01  0.1000000E+01  0.1000000E+00
  0.2066079E+01  0.9344615E-01  0.2530000E+01  0.5000000E+01  0.1000000E+01  0.1000000E+00
  0.2066270E+01  0.9338823E-01  0.2525000E+01  0.5000000E+01  0.1000000E+01  0.1000000E+00
  0.2066462E+01  0.9332983E-01  0.2520000E+01  0.5000000E+01  0.1000000E+01  0.1000000E+00
  0.2066654E+01  0.9327095E-01  0.2515000E+01  0.5000000E+01  0.1000000E+01  0.1000000E+00
  0.2066846E+01  0.9321158E-01  0.2510000E+01  0.5000000E+01  0.1000000E+01  0.1000000E+00
  0.2067039E+01  0.9315172E-01  0.2505000E+01  0.5000000E+01  0.1000000E+01  0.1000000E+00
  0.2067231E+01  0.9309137E-01  0.2500000E+01  0.5000000E+01  0.1000000E+01  0.1000000E+00
  0.2067424E+01  0.9303054E-01  0.2495000E+01  0.5000000E+01  0.1000000E+01  0.1000000E+00
  0.2067616E+01  0.9296921E-01  0.2490000E+01  0.5000000E+01  0.1000000E+01  0.1000000E+00
  0.2067809E+01  0.9290739E-01  0.2485000E+01  0.5000000E+01  0.1000000E+01  0.1000000E+00
  0.2068002E+01  0.9284508E-01  0.2480000E+01  0.5000000E+01  0.1000000E+01  0.1000000E+00
  0.2068195E+01  0.9278228E-01  0.2475000E+01  0.5000000E+01  0.1000000E+01  0.1000000E+00
  0.2068388E+01  0.9271898E-01  0.2470000E+01  0.5000000E+01  0.1000000E+01  0.1000000E+00
  0.2068581E+01  0.9265518E-01  0.2465000E+01  0.5000000E+01  0.1000000E+01  0.1000000E+00
  0.2068774E+01  0.9259089E-01  0.2460000E+01  0.5000000E+01  0.1000000E+01  0.1000000E+00
  0.2068968E+01  0.9252610E-01  0.2455000E+01  0.5000000E+01  0.1000000E+01  0.1000000E+00
  0.2069161E+01  0.9246081E-01  0.2450000E+01  0.5000000E+01  0.1000000E+01  0.1000000E+00
  0.2069355E+01  0.9239501E-01  0.2445000E+01  0.5000000E+01  0.1000000E+01  0.1000000E+00
  0.2069548E+01  0.9232872E-01  0.2440000E+01  0.5000000E+01  0.1000000E+01  0.1000000E+00
  0.2069742E+01  0.9226193E-01  0.2435000E+01  0.5000000E+01  0.1000000E+01  0.1000000E+00
  0.2069936E+01  0.9219463E-01  0.2430000E+01  0.5000000E+01  0.1000000E+01  0.1000000E+00
  0.2070130E+01  0.9212683E-01  0.2425000E+01  0.5000000E+01  0.1000000E+01  0.1000000E+00
  0.2070324E+01  0.9205852E-01  0.2420000E+01  0.5000000E+01  0.1000000E+01  0.1000000E+00
  0.2070518E+01  0.9198971E-01  0.2415000E+01  0.5000000E+01  0.1000000E+01  0.1000000E+00
  0.2070713E+01  0.9192039E-01  0.2410000E+01  0.5000000E+01  0.1000000E+01  0.1000000E+00
  0.2070907E+01  0.9185056E-01  0.2405000E+01  0.5000000E+01  0.1000000E+01  0.1000000E+00
  0.2071101E+01  0.9178022E-01  0.2400000E+01  0.5000000E+01  0.1000000E+01  0.1000000E+00
  0.2071296E+01  0.9170937E-01  0.2395000E+01  0.5000000E+01  0.1000000E+01  0.1000000E+00
  0.2071490E+01  0.9163801E-01  0.2390000E+01  0.5000000E+01  0.1000000E+01  0.1000000E+00
  0.2071685E+01  0.9156614E-01  0.2385000E+01  0.5000000E+01  0.1000000E+01  0.1000000E+00
  0.2071880E+01  0.9149375E-01  0.2380000E+01  0.5000000E+01  0.1000000E+01  0.1000000E+00
  0.2072074E+01  0.9142085E-01  0.2375000E+01  0.5000000E+01  0.1000000E+01  0.1000000E+00
  0.2072269E+01  0.9134744E-01  0.2370000E+01  0.5000000E+01  0.1000000E+01  0.1000000E+00
  0.2072464E+01  0.9127351E-01  0.2365000E+01  0.5000000E+01  0.1000000E+01  0.1000000E+00
  0.2072659E+01  0.9119907E-01  0.2360000E+01  0.5000000E+01  0.1000000E+01  0.1000000E+00
  0.2072854E+01  0.9112410E-01  0.2355000E+01  0.5000000E+01  0.1000000E+01  0.1000000E+00
  0.2073049E+01  0.9104862E-01  0.2350000E+01  0.5000000E+01  0.1000000E+01  0.1000000E+00
  0.2073244E+01  0.9097262E-01  0.2345000E+01  0.5000000E+01  0.1000000E+01  0.1000000E+00
  0.2073440E+01  0.9089610E-01  0.2340000E+01  0.5000000E+01  0.1000000E+01  0.1000000E+00
  0.2073635E+01  0.9081906E-01  0.2335000E+01  0.5000000E+01  0.1000000E+01  0.1000000E+00
  0.2073830E+01  0.9074150E-01  0.2330000E+01  0.5000000E+01  0.1000000E+01  0.1000000E+00
  0.2074026E+01  0.9066342E-01  0.2325000E+01  0.5000000E+01  0.1000000E+01  0.1000000E+00
  0.2074221E+01  0.9058481E-01  0.2320000E+01  0.5000000E+01  0.1000000E+01  0.1000000E+00
  0.2074417E+01  0.9050568E-01  0.2315000E+01  0.5000000E+01  0.1000000E+01  0.1000000E+00
  0.2074612E+01  0.9042603E-01  0.2310000E+01  0.5000000E+01  0.1000000E+01  0.1000000E+00
  0.2074808E+01  0.9034585E-01  0.2305000E+01  0.5000000E+01  0.1000000E+01  0.1000000E+00
  0.2075003E+01  0.9026514E-01  0.2300000E+01  0.5000000E+01  0.1000000E+01  0.1000000E+00
  0.2075199E+01  0.9018391E-01  0.2295000E+01  0.5000000E+01  0.1000000E+01  0.1000000E+00
  0.2075395E+01  0.9010215E-01  0.2290000E+01  0.5000000E+01  0.1000000E+01  0.1000000E+00
  0.2075590E+01  0.9001987E-01  0.2285000E+01  0.5000000E+01  0.1000000E+01  0.1000000E+00
  0.2075786E+01  0.8993705E-01  0.2280000E+01  0.5000000E+01  0.1000000E+01  0.1000000E+00
  0.2075982E+01  0.8985371E-01  0.2275000E+01  0.5000000E+01  0.1000000E+01  0.1000000E+00
  0.2076178E+01  0.8976983E-01  0.2270000E+01  0.5000000E+01  0.1000000E+01  0.1000000E+00
  0.2076374E+01  0.8968543E-01  0.2265000E+01  0.5000000E+01  0.1000000E+01  0.1000000E+00
  0.2076570E+01  0.8960049E-01  0.2260000E+01  0.5000000E+01  0.1000000E+01  0.1000000E+00
  0.2076766E+01  0.8951503E-01  0.2255000E+01  0.5000000E+01  0.1000000E+01  0.1000000E+00
  0.2076962E+01  0.8942903E-01  0.2250000E+01  0.5000000E+01  0.1000000E+01  0.1000000E+00
  0.2077157E+01  0.8934249E-01  0.2245000E+01  0.5000000E+01  0.1000000E+01  0.1000000E+00
  0.2077353E+01  0.8925543E-01  0.2240000E+01  0.5000000E+01  0.1000000E+01  0.1000000E+00
  0.2077549E+01  0.8916783E-01  0.2235000E+01  0.5000000E+01  0.1000000E+01  0.1000000E+00
  0.2077745E+01  0.8907970E-01  0.2230000E+01  0.5000000E+01  0.1000000E+01  0.1000000E+00
  0.2077942E+01  0.8899103E-01  0.2225000E+01  0.5000000E+01  0.1000000E+01  0.1000000E+00
  0.2078138E+01  0.8890182E-01  0.2220000E+01  0.5000000E+01  0.1000000E+01  0.1000000E+00
  0.2078334E+01  0.8881208E-01  0.2215000E+01  0.5000000E+01  0.1000000E+01  0.1000000E+00
  0.2078530E+01  0.8872180E-01  0.2210000E+01  0.5000000E+01  0.1000000E+01  0.1000000E+00
  0.2078726E+01  0.8863099E-01  0.2205000E+01  0.5000000E+01  0.1000000E+01  0.1000000E+00
  0.2078922E+01  0.8853964E-01  0.2200000E+01  0.5000000E+01  0.1000000E+01  0.1000000E+00
  0.2079118E+01  0.8844775E-01  0.2195000E+01  0.5000000E+01  0.1000000E+01  0.1000000E+00
  0.2079314E+01  0.8835532E-01  0.2190000E+01  0.5000000E+01  0.1000000E+01  0.1000000E+00
  0.2079510E+01  0.8826236E-01  0.2185000E+01  0.5000000E+01  0.1000000E+01  0.1000000E+00
  0.2079706E+01  0.8816885E-01  0.2180000E+01  0.5000000E+01  0.1000000E+01  0.1000000E+00
  0.2079902E+01  0.8807481E-01  0.2175000E+01  0.5000000E+01  0.1000000E+01  0.1000000E+00
  0.2080098E+01  0.8798023E-01  0.2170000E+01  0.5000000E+01  0.1000000E+01  0.1000000E+00
  0.2080294E+01  0.8788510E-01  0.2165000E+01  0.5000000E+01  0.1000000E+01  0.1000000E+00
  0.2080490E+01  0.8778944E-01  0.2160000E+01  0.5000000E+01  0.1000000E+01  0.1000000E+00
  0.2080686E+01  0.8769323E-01  0.2155000E+01  0.5000000E+01  0.1000000E+01  0.1000000E+00
  0.2080882E+01  0.8759649E-01  0.2150000E+01  0.5000000E+01  0.1000000E+01  0.1000000E+00
  0.2081078E+01  0.8749920E-01  0.2145000E+01  0.5000000E+01  0.1000000E+01  0.1000000E+00
  0.2081274E+01  0.8740137E-01  0.2140000E+01  0.5000000E+01  0.1000000E+01  0.1000000E+00
  0.2081469E+01  0.8730300E-01  0.2135000E+01  0.5000000E+01  0.1000000E+01  0.1000000E+00
  0.2081665E+01  0.8720409E-01  0.2130000E+01  0.5000000E+01  0.1000000E+01  0.1000000E+00
  0.2081861E+01  0.8710463E-01  0.2125000E+01  0.5000000E+01  0.1000000E+01  0.1000000E+00
  0.2082057E+01  0.8700464E-01  0.2120000E+01  0.5000000E+01  0.1000000E+01  0.1000000E+00
  0.2082253E+01  0.8690410E-01  0.2115000E+01  0.5000000E+01  0.1000000E+01  0.1000000E+00
  0.2082448E+01  0.8680301E-01  0.2110000E+01  0.5000000E+01  0.1000000E+01  0.1000000E+00
  0.2082644E+01  0.8670139E-01  0.2105000E+01  0.5000000E+01  0.1000000E+01  0.1000000E+00
  0.2082840E+01  0.8659922E-01  0.2100000E+01  0.5000000E+01  0.1000000E+01  0.1000000E+00
  0.2083035E+01  0.8649651E-01  0.2095000E+01  0.5000000E+01  0.1000000E+01  0.1000000E+00
  0.2083231E+01  0.8639325E-01  0.2090000E+01  0.5000000E+01  0.1000000E+01  0.1000000E+00
  0.2083426E+01  0.8628945E-01  0.2085000E+01  0.5000000E+01  0.1000000E+01  0.1000000E+00
  0.2083622E+01  0.8618511E-01  0.2080000E+01  0.5000000E+01  0.1000000E+01  0.1000000E+00
  0.2083817E+01  0.8608022E-01  0.2075000E+01  0.5000000E+01  0.1000000E+01  0.1000000E+00
  0.2084012E+01  0.8597479E-01  0.2070000E+01  0.5000000E+01  0.1000000E+01  0.1000000E+00
  0.2084208E+01  0.8586882E-01  0.2065000E+01  0.5000000E+01  0.1000000E+01  0.1000000E+00
  0.2084403E+01  0.8576230E-01  0.2060000E+01  0.5000000E+01  0.1000000E+01  0.1000000E+00
  0.2084598E+01  0.8565523E-01  0.2055000E+01  0.5000000E+01  0.1000000E+01  0.1000000E+00
  0.2084793E+01  0.8554763E-01  0.2050000E+01  0.5000000E+01  0.1000000E+01  0.1000000E+00
  0.2084988E+01  0.8543948E-01  0.2045000E+01  0.5000000E+01  0.1000000E+01  0.1000000E+00
  0.2085183E+01  0.8533078E-01  0.2040000E+01  0.5000000E+01  0.1000000E+01  0.1000000E+00
  0.2085378E+01  0.8522154E-01  0.2035000E+01  0.5000000E+01  0.1000000E+01  0.1000000E+00
  0.2085573E+01  0.8511176E-01  0.2030000E+01  0.5000000E+01  0.1000000E+01  0.1000000E+00
  0.2085767E+01  0.8500144E-01  0.2025000E+01  0.5000000E+01  0.1000000E+01  0.1000000E+00
  0.2085962E+01  0.8489057E-01  0.2020000E+01  0.5000000E+01  0.1000000E+01  0.1000000E+00
  0.2086156E+01  0.8477915E-01  0.2015000E+01  0.5000000E+01  0.1000000E+01  0.1000000E+00
  0.2086351E+01  0.8466720E-01  0.2010000E+01  0.5000000E+01  0.1000000E+01  0.1000000E+00
  0.2086545E+01  0.8455470E-01  0.2005000E+01  0.5000000E+01  0.1000000E+01  0.1000000E+00
  0.2086740E+01  0.8444165E-01  0.2000000E+01  0.5000000E+01  0.1000000E+01  0.1000000E+00
  0.2086934E+01  0.8432807E-01  0.1995000E+01  0.5000000E+01  0.1000000E+01  0.1000000E+00
  0.2087128E+01  0.8421394E-01  0.1990000E+01  0.5000000E+01  0.1000000E+01  0.1000000E+00
  0.2087322E+01  0.8409927E-01  0.1985000E+01  0.5000000E+01  0.1000000E+01  0.1000000E+00
  0.2087516E+01  0.8398405E-01  0.1980000E+01  0.5000000E+01  0.1000000E+01  0.1000000E+00
  0.2087710E+01  0.8386830E-01  0.1975000E+01  0.5000000E+01  0.1000000E+01  0.1000000E+00
  0.2087903E+01  0.8375200E-01  0.1970000E+01  0.5000000E+01  0.1000000E+01  0.1000000E+00
  0.2088097E+01  0.8363516E-01  0.1965000E+01  0.5000000E+01  0.1000000E+01  0.1000000E+00
  0.2088291E+01  0.8351778E-01  0.1960000E+01  0.5000000E+01  0.1000000E+01  0.1000000E+00
  0.2088484E+01  0.8339985E-01  0.1955000E+01  0.5000000E+01  0.1000000E+01  0.1000000E+00
  0.2088677E+01  0.8328139E-01  0.1950000E+01  0.5000000E+01  0.1000000E+01  0.1000000E+00
  0.2088871E+01  0.8316239E-01  0.1945000E+01  0.5000000E+01  0.1000000E+01  0.1000000E+00
  0.2089064E+01  0.8304284E-01  0.1940000E+01  0.5000000E+01  0.1000000E+01  0.1000000E+00
  0.2089257E+01  0.8292276E-01  0.1935000E+01  0.5000000E+01  0.1000000E+01  0.1000000E+00
  0.2089450E+01  0.8280213E-01  0.1930000E+01  0.5000000E+01  0.1000000E+01  0.1000000E+00
  0.2089642E+01  0.8268097E-01  0.1925000E+01  0.5000000E+01  0.1000000E+01  0.1000000E+00
  0.2089835E+01  0.8255927E-01  0.1920000E+01  0.5000000E+01  0.1000000E+01  0.1000000E+00
  0.2090027E+01  0.8243703E-01  0.1915000E+01  0.5000000E+01  0.1000000E+01  0.1000000E+00
  0.2090220E+01  0.8231425E-01  0.1910000E+01  0.5000000E+01  0.1000000E+01  0.1000000E+00
  0.2090412E+01  0.8219093E-01  0.1905000E+01  0.5000000E+01  0.1000000E+01  0.1000000E+00
  0.2090604E+01  0.8206708E-01  0.1900000E+01  0.5000000E+01  0.1000000E+01  0.1000000E+00
  0.2090796E+01  0.8194269E-01  0.1895000E+01  0.5000000E+01  0.1000000E+01  0.1000000E+00
  0.2090988E+01  0.8181776E-01  0.1890000E+01  0.5000000E+01  0.1000000E+01  0.1000000E+00
  0.2091180E+01  0.8169230E-01  0.1885000E+01  0.5000000E+01  0.1000000E+01  0.1000000E+00
  0.2091371E+01  0.8156630E-01  0.1880000E+01  0.5000000E+01  0.1000000E+01  0.1000000E+00
  0.2091563E+01  0.8143977E-01  0.1875000E+01  0.5000000E+01  0.1000000E+01  0.1000000E+00
  0.2091754E+01  0.8131270E-01  0.1870000E+01  0.5000000E+01  0.1000000E+01  0.1000000E+00
  0.2091945E+01  0.8118510E-01  0.1865000E+01  0.5000000E+01  0.1000000E+01  0.1000000E+00
  0.2092136E+01  0.8105697E-01  0.1860000E+01  0.5000000E+01  0.1000000E+01  0.1000000E+00
  0.2092327E+01  0.8092830E-01  0.1855000E+01  0.5000000E+01  0.1000000E+01  0.1000000E+00
  0.2092518E+01  0.8079911E-01  0.1850000E+01  0.5000000E+01  0.1000000E+01  0.1000000E+00
  0.2092708E+01  0.8066938E-01  0.1845000E+01  0.5000000E+01  0.1000000E+01  0.1000000E+00
  0.2092899E+01  0.8053912E-01  0.1840000E+01  0.5000000E+01  0.1000000E+01  0.1000000E+00
  0.2093089E+01  0.8040833E-01  0.1835000E+01  0.5000000E+01  0.1000000E+01  0.1000000E+00
  0.2093279E+01  0.8027701E-01  0.1830000E+01  0.5000000E+01  0.1000000E+01  0.1000000E+00
  0.2093469E+01  0.8014516E-01  0.1825000E+01  0.5000000E+01  0.1000000E+01  0.1000000E+00
  0.2093659E+01  0.8001278E-01  0.1820000E+01  0.5000000E+01  0.1000000E+01  0.1000000E+00
  0.2093848E+01  0.7987988E-01  0.1815000E+01  0.5000000E+01  0.1000000E+01  0.1000000E+00
  0.2094038E+01  0.7974645E-01  0.1810000E+01  0.5000000E+01  0.1000000E+01  0.1000000E+00
  0.2094227E+01  0.7961249E-01  0.1805000E+01  0.5000000E+01  0.1000000E+01  0.1000000E+00
  0.2094416E+01  0.7947801E-01  0.1800000E+01  0.5000000E+01  0.1000000E+01  0.1000000E+00
  0.2094605E+01  0.7934300E-01  0.1795000E+01  0.5000000E+01  0.1000000E+01  0.1000000E+00
  0.2094794E+01  0.7920747E-01  0.1790000E+01  0.5000000E+01  0.1000000E+01  0.1000000E+00
  0.2094982E+01  0.7907142E-01  0.1785000E+01  0.5000000E+01  0.1000000E+01  0.1000000E+00
  0.2095170E+01  0.7893484E-01  0.1780000E+01  0.5000000E+01  0.1000000E+01  0.1000000E+00
  0.2095359E+01  0.7879774E-01  0.1775000E+01  0.5000000E+01  0.1000000E+01  0.1000000E+00
  0.2095547E+01  0.7866012E-01  0.1770000E+01  0.5000000E+01  0.1000000E+01  0.1000000E+00
  0.2095735E+01  0.7852198E-01  0.1765000E+01  0.5000000E+01  0.1000000E+01  0.1000000E+00
  0.2095922E+01  0.7838332E-01  0.1760000E+01  0.5000000E+01  0.1000000E+01  0.1000000E+00
  0.2096110E+01  0.7824414E-01  0.1755000E+01  0.5000000E+01  0.1000000E+01  0.1000000E+00
  0.2096297E+01  0.7810445E-01  0.1750000E+01  0.5000000E+01  0.1000000E+01  0.1000000E+00
  0.2096484E+01  0.7796424E-01  0.1745000E+01  0.5000000E+01  0.1000000E+01  0.1000000E+00
  0.2096671E+01  0.7782351E-01  0.1740000E+01  0.5000000E+01  0.1000000E+01  0.1000000E+00
  0.2096857E+01  0.7768227E-01  0.1735000E+01  0.5000000E+01  0.1000000E+01  0.1000000E+00
  0.2097044E+01  0.7754051E-01  0.1730000E+01  0.5000000E+01  0.1000000E+01  0.1000000E+00
  0.2097230E+01  0.7739824E-01  0.1725000E+01  0.5000000E+01  0.1000000E+01  0.1000000E+00
  0.2097416E+01  0.7725546E-01  0.1720000E+01  0.5000000E+01  0.1000000E+01  0.1000000E+00
  0.2097602E+01  0.7711217E-01  0.1715000E+01  0.5000000E+01  0.1000000E+01  0.1000000E+00
  0.2097788E+01  0.7696836E-01  0.1710000E+01  0.5000000E+01  0.1000000E+01  0.1000000E+00
  0.2097973E+01  0.7682405E-01  0.1705000E+01  0.5000000E+01  0.1000000E+01  0.1000000E+00
  0.2098158E+01  0.7667923E-01  0.1700000E+01  0.5000000E+01  0.1000000E+01  0.1000000E+00
  0.2098343E+01  0.7653390E-01  0.1695000E+01  0.5000000E+01  0.1000000E+01  0.1000000E+00
  0.2098528E+01  0.7638806E-01  0.1690000E+01  0.5000000E+01  0.1000000E+01  0.1000000E+00
  0.2098713E+01  0.7624172E-01  0.1685000E+01  0.5000000E+01  0.1000000E+01  0.1000000E+00
  0.2098897E+01  0.7609487E-01  0.1680000E+01  0.5000000E+01  0.1000000E+01  0.1000000E+00
  0.2099081E+01  0.7594752E-01  0.1675000E+01  0.5000000E+01  0.1000000E+01  0.1000000E+00
  0.2099265E+01  0.7579967E-01  0.1670000E+01  0.5000000E+01  0.1000000E+01  0.1000000E+00
  0.2099449E+01  0.7565132E-01  0.1665000E+01  0.5000000E+01  0.1000000E+01  0.1000000E+00
  0.2099633E+01  0.7550246E-01  0.1660000E+01  0.5000000E+01  0.1000000E+01  0.1000000E+00
  0.2099816E+01  0.7535311E-01  0.1655000E+01  0.5000000E+01  0.1000000E+01  0.1000000E+00
  0.2099999E+01  0.7520326E-01  0.1650000E+01  0.5000000E+01  0.1000000E+01  0.1000000E+00
  0.2100182E+01  0.7505291E-01  0.1645000E+01  0.5000000E+01  0.1000000E+01  0.1000000E+00
  0.2100364E+01  0.7490206E-01  0.1640000E+01  0.5000000E+01  0.1000000E+01  0.1000000E+00
  0.2100547E+01  0.7475072E-01  0.1635000E+01  0.5000000E+01  0.1000000E+01  0.1000000E+00
  0.2100729E+01  0.7459888E-01  0.1630000E+01  0.5000000E+01  0.1000000E+01  0.1000000E+00
  0.2100911E+01  0.7444656E-01  0.1625000E+01  0.5000000E+01  0.1000000E+01  0.1000000E+00
  0.2101092E+01  0.7429374E-01  0.1620000E+01  0.5000000E+01  0.1000000E+01  0.1000000E+00
  0.2101274E+01  0.7414043E-01  0.1615000E+01  0.5000000E+01  0.1000000E+01  0.1000000E+00
  0.2101455E+01  0.7398663E-01  0.1610000E+01  0.5000000E+01  0.1000000E+01  0.1000000E+00
  0.2101636E+01  0.7383234E-01  0.1605000E+01  0.5000000E+01  0.1000000E+01  0.1000000E+00
  0.2101816E+01  0.7367756E-01  0.1600000E+01  0.5000000E+01  0.1000000E+01  0.1000000E+00
  0.2101997E+01  0.7352230E-01  0.1595000E+01  0.5000000E+01  0.1000000E+01  0.1000000E+00
  0.2102177E+01  0.7336655E-01  0.1590000E+01  0.5000000E+01  0.1000000E+01  0.1000000E+00
  0.2102357E+01  0.7321032E-01  0.1585000E+01  0.5000000E+01  0.1000000E+01  0.1000000E+00
  0.2102537E+01  0.7305361E-01  0.1580000E+01  0.5000000E+01  0.1000000E+01  0.1000000E+00
  0.2102716E+01  0.7289641E-01  0.1575000E+01  0.5000000E+01  0.1000000E+01  0.1000000E+00
  0.2102895E+01  0.7273874E-01  0.1570000E+01  0.5000000E+01  0.1000000E+01  0.1000000E+00
  0.2103074E+01  0.7258059E-01  0.1565000E+01  0.5000000E+01  0.1000000E+01  0.1000000E+00
  0.2103253E+01  0.7242195E-01  0.1560000E+01  0.5000000E+01  0.1000000E+01  0.1000000E+00
  0.2103431E+01  0.7226285E-01  0.1555000E+01  0.5000000E+01  0.1000000E+01  0.1000000E+00
  0.2103609E+01  0.7210326E-01  0.1550000E+01  0.5000000E+01  0.1000000E+01  0.1000000E+00
  0.2103787E+01  0.7194321E-01  0.1545000E+01  0.5000000E+01  0.1000000E+01  0.1000000E+00
  0.2103965E+01  0.7178268E-01  0.1540000E+01  0.5000000E+01  0.1000000E+01  0.1000000E+00
  0.2104142E+01  0.7162168E-01  0.1535000E+01  0.5000000E+01  0.1000000E+01  0.1000000E+00
  0.2104319E+01  0.7146020E-01  0.1530000E+01  0.5000000E+01  0.1000000E+01  0.1000000E+00
  0.2104496E+01  0.7129826E-01  0.1525000E+01  0.5000000E+01  0.1000000E+01  0.1000000E+00
  0.2104672E+01  0.7113585E-01  0.1520000E+01  0.5000000E+01  0.1000000E+01  0.1000000E+00
  0.2104849E+01  0.7097298E-01  0.1515000E+01  0.5000000E+01  0.1000000E+01  0.1000000E+00
  0.2105025E+01  0.7080964E-01  0.1510000E+01  0.5000000E+01  0.1000000E+01  0.1000000E+00
  0.2105200E+01  0.7064583E-01  0.1505000E+01  0.5000000E+01  0.1000000E+01  0.1000000E+00
  0.2105376E+01  0.7048157E-01  0.1500000E+01  0.5000000E+01  0.1000000E+01  0.1000000E+00
  0.2105551E+01  0.7031684E-01  0.1495000E+01  0.5000000E+01  0.1000000E+01  0.1000000E+00
  0.2105726E+01  0.7015165E-01  0.1490000E+01  0.5000000E+01  0.1000000E+01  0.1000000E+00
  0.2105901E+01  0.6998601E-01  0.1485000E+01  0.5000000E+01  0.1000000E+01  0.1000000E+00
  0.2106075E+01  0.6981990E-01  0.1480000E+01  0.5000000E+01  0.1000000E+01  0.1000000E+00
  0.2106249E+01  0.6965334E-01  0.1475000E+01  0.5000000E+01  0.1000000E+01  0.1000000E+00
  0.2106423E+01  0.6948633E-01  0.1470000E+01  0.5000000E+01  0.1000000E+01  0.1000000E+00
  0.2106596E+01  0.6931886E-01  0.1465000E+01  0.5000000E+01  0.1000000E+01  0.1000000E+00
  0.2106769E+01  0.6915094E-01  0.1460000E+01  0.5000000E+01  0.1000000E+01  0.1000000E+00
  0.2106942E+01  0.6898257E-01  0.1455000E+01  0.5000000E+01  0.1000000E+01  0.1000000E+00
  0.2107115E+01  0.6881375E-01  0.1450000E+01  0.5000000E+01  0.1000000E+01  0.1000000E+00
  0.2107287E+01  0.6864448E-01  0.1445000E+01  0.5000000E+01  0.1000000E+01  0.1000000E+00
  0.2107459E+01  0.6847477E-01  0.1440000E+01  0.5000000E+01  0.1000000E+01  0.1000000E+00
  0.2107631E+01  0.6830461E-01  0.1435000E+01  0.5000000E+01  0.1000000E+01  0.1000000E+00
  0.2107803E+01  0.6813401E-01  0.1430000E+01  0.5000000E+01  0.1000000E+01  0.1000000E+00
  0.2107974E+01  0.6796296E-01  0.1425000E+01  0.5000000E+01  0.1000000E+01  0.1000000E+00
  0.2108145E+01  0.6779147E-01  0.1420000E+01  0.5000000E+01  0.1000000E+01  0.1000000E+00
  0.2108315E+01  0.6761955E-01  0.1415000E+01  0.5000000E+01  0.1000000E+01  0.1000000E+00
  0.2108485E+01  0.6744718E-01  0.1410000E+01  0.5000000E+01  0.1000000E+01  0.1000000E+00
  0.2108655E+01  0.6727438E-01  0.1405000E+01  0.5000000E+01  0.1000000E+01  0.1000000E+00
  0.2108825E+01  0.6710114E-01  0.1400000E+01  0.5000000E+01  0.1000000E+01  0.1000000E+00
  0.2108995E+01  0.6692747E-01  0.1395000E+01  0.5000000E+01  0.1000000E+01  0.1000000E+00
  0.2109164E+01  0.6675337E-01  0.1390000E+01  0.5000000E+01  0.1000000E+01  0.1000000E+00
  0.2109332E+01  0.6657883E-01  0.1385000E+01  0.5000000E+01  0.1000000E+01  0.1000000E+00
  0.2109501E+01  0.6640387E-01  0.1380000E+01  0.5000000E+01  0.1000000E+01  0.1000000E+00
  0.2109669E+01  0.6622847E-01  0.1375000E+01  0.5000000E+01  0.1000000E+01  0.1000000E+00
  0.2109837E+01  0.6605265E-01  0.1370000E+01  0.5000000E+01  0.1000000E+01  0.1000000E+00
  0.2110004E+01  0.6587641E-01  0.1365000E+01  0.5000000E+01  0.1000000E+01  0.1000000E+00
  0.2110172E+01  0.6569974E-01  0.1360000E+01  0.5000000E+01  0.1000000E+01  0.1000000E+00
  0.2110339E+01  0.6552264E-01  0.1355000E+01  0.5000000E+01  0.1000000E+01  0.1000000E+00
  0.2110505E+01  0.6534513E-01  0.1350000E+01  0.5000000E+01  0.1000000E+01  0.1000000E+00
  0.2110671E+01  0.6516719E-01  0.1345000E+01  0.5000000E+01  0.1000000E+01  0.1000000E+00
  0.2110837E+01  0.6498884E-01  0.1340000E+01  0.5000000E+01  0.1000000E+01  0.1000000E+00
  0.2111003E+01  0.6481007E-01  0.1335000E+01  0.5000000E+01  0.1000000E+01  0.1000000E+00
  0.2111168E+01  0.6463088E-01  0.1330000E+01  0.5000000E+01  0.1000000E+01  0.1000000E+00
  0.2111334E+01  0.6445128E-01  0.1325000E+01  0.5000000E+01  0.1000000E+01  0.1000000E+00
  0.2111498E+01  0.6427126E-01  0.1320000E+01  0.5000000E+01  0.1000000E+01  0.1000000E+00
  0.2111663E+01  0.6409084E-01  0.1315000E+01  0.5000000E+01  0.1000000E+01  0.1000000E+00
  0.2111827E+01  0.6391000E-01  0.1310000E+01  0.5000000E+01  0.1000000E+01  0.1000000E+00
  0.2111991E+01  0.6372876E-01  0.1305000E+01  0.5000000E+01  0.1000000E+01  0.1000000E+00
  0.2112154E+01  0.6354710E-01  0.1300000E+01  0.5000000E+01  0.1000000E+01  0.1000000E+00
  0.2112317E+01  0.6336505E-01  0.1295000E+01  0.5000000E+01  0.1000000E+01  0.1000000E+00
  0.2112480E+01  0.6318258E-01  0.1290000E+01  0.5000000E+01  0.1000000E+01  0.1000000E+00
  0.2112642E+01  0.6299972E-01  0.1285000E+01  0.5000000E+01  0.1000000E+01  0.1000000E+00
  0.2112805E+01  0.6281645E-01  0.1280000E+01  0.5000000E+01  0.1000000E+01  0.1000000E+00
  0.2112966E+01  0.6263279E-01  0.1275000E+01  0.5000000E+01  0.1000000E+01  0.1000000E+00
  0.2113128E+01  0.6244872E-01  0.1270000E+01  0.5000000E+01  0.1000000E+01  0.1000000E+00
  0.2113289E+01  0.6226426E-01  0.1265000E+01  0.5000000E+01  0.1000000E+01  0.1000000E+00
  0.2113450E+01  0.6207940E-01  0.1260000E+01  0.5000000E+01  0.1000000E+01  0.1000000E+00
  0.2113610E+01  0.6189415E-01  0.1255000E+01  0.5000000E+01  0.1000000E+01  0.1000000E+00
  0.2113771E+01  0.6170850E-01  0.1250000E+01  0.5000000E+01  0.1000000E+01  0.1000000E+00
  0.2113931E+01  0.6152246E-01  0.1245000E+01  0.5000000E+01  0.1000000E+01  0.1000000E+00
  0.2114090E+01  0.6133604E-01  0.1240000E+01  0.5000000E+01  0.1000000E+01  0.1000000E+00
  0.2114249E+01  0.6114922E-01  0.1235000E+01  0.5000000E+01  0.1000000E+01  0.1000000E+00
  0.2114408E+01  0.6096202E-01  0.1230000E+01  0.5000000E+01  0.1000000E+01  0.1000000E+00
  0.2114567E+01  0.6077443E-01  0.1225000E+01  0.5000000E+01  0.1000000E+01  0.1000000E+00
  0.2114725E+01  0.6058645E-01  0.1220000E+01  0.5000000E+01  0.1000000E+01  0.1000000E+00
  0.2114883E+01  0.6039810E-01  0.1215000E+01  0.5000000E+01  0.1000000E+01  0.1000000E+00
  0.2115040E+01  0.6020936E-01  0.1210000E+01  0.5000000E+01  0.1000000E+01  0.1000000E+00
  0.2115198E+01  0.6002024E-01  0.1205000E+01  0.5000000E+01  0.1000000E+01  0.1000000E+00
  0.2115354E+01  0.5983075E-01  0.1200000E+01  0.5000000E+01  0.1000000E+01  0.1000000E+00
  0.2115511E+01  0.5964087E-01  0.1195000E+01  0.5000000E+01  0.1000000E+01  0.1000000E+00
  0.2115667E+01  0.5945062E-01  0.1190000E+01  0.5000000E+01  0.1000000E+01  0.1000000E+00
  0.2115823E+01  0.5926000E-01  0.1185000E+01  0.5000000E+01  0.1000000E+01  0.1000000E+00
  0.2115979E+01  0.5906900E-01  0.1180000E+01  0.5000000E+01  0.1000000E+01  0.1000000E+00
  0.2116134E+01  0.5887763E-01  0.1175000E+01  0.5000000E+01  0.1000000E+01  0.1000000E+00
  0.2116289E+01  0.5868589E-01  0.1170000E+01  0.5000000E+01  0.1000000E+01  0.1000000E+00
  0.2116443E+01  0.5849378E-01  0.1165000E+01  0.5000000E+01  0.1000000E+01  0.1000000E+00
  0.2116597E+01  0.5830131E-01  0.1160000E+01  0.5000000E+01  0.1000000E+01  0.1000000E+00
  0.2116751E+01  0.5810847E-01  0.1155000E+01  0.5000000E+01  0.1000000E+01  0.1000000E+00
  0.2116905E+01  0.5791526E-01  0.1150000E+01  0.5000000E+01  0.1000000E+01  0.1000000E+00
  0.2117058E+01  0.5772169E-01  0.1145000E+01  0.5000000E+01  0.1000000E+01  0.1000000E+00
  0.2117211E+01  0.5752776E-01  0.1140000E+01  0.5000000E+01  0.1000000E+01  0.1000000E+00
  0.2117363E+01  0.5733347E-01  0.1135000E+01  0.5000000E+01  0.1000000E+01  0.1000000E+00
  0.2117515E+01  0.5713881E-01  0.1130000E+01  0.5000000E+01  0.1000000E+01  0.1000000E+00
  0.2117667E+01  0.5694381E-01  0.1125000E+01  0.5000000E+01  0.1000000E+01  0.1000000E+00
  0.2117818E+01  0.5674844E-01  0.1120000E+01  0.5000000E+01  0.1000000E+01  0.1000000E+00
  0.2117969E+01  0.5655272E-01  0.1115000E+01  0.5000000E+01  0.1000000E+01  0.1000000E+00
  0.2118120E+01  0.5635665E-01  0.1110000E+01  0.5000000E+01  0.1000000E+01  0.1000000E+00
  0.2118271E+01  0.5616022E-01  0.1105000E+01  0.5000000E+01  0.1000000E+01  0.1000000E+00
  0.2118421E+01  0.5596344E-01  0.1100000E+01  0.5000000E+01  0.1000000E+01  0.1000000E+00
  0.2118570E+01  0.5576632E-01  0.1095000E+01  0.5000000E+01  0.1000000E+01  0.1000000E+00
  0.2118720E+01  0.5556884E-01  0.1090000E+01  0.5000000E+01  0.1000000E+01  0.1000000E+00
  0.2118869E+01  0.5537102E-01  0.1085000E+01  0.5000000E+01  0.1000000E+01  0.1000000E+00
  0.2119017E+01  0.5517285E-01  0.1080000E+01  0.5000000E+01  0.1000000E+01  0.1000000E+00
  0.2119166E+01  0.5497434E-01  0.1075000E+01  0.5000000E+01  0.1000000E+01  0.1000000E+00
  0.2119314E+01  0.5477549E-01  0.1070000E+01  0.5000000E+01  0.1000000E+01  0.1000000E+00
  0.2119461E+01  0.5457629E-01  0.1065000E+01  0.5000000E+01  0.1000000E+01  0.1000000E+00
  0.2119608E+01  0.5437676E-01  0.1060000E+01  0.5000000E+01  0.1000000E+01  0.1000000E+00
  0.2119755E+01  0.5417688E-01  0.1055000E+01  0.5000000E+01  0.1000000E+01  0.1000000E+00
  0.2119902E+01  0.5397667E-01  0.1050000E+01  0.5000000E+01  0.1000000E+01  0.1000000E+00
  0.2120048E+01  0.5377612E-01  0.1045000E+01  0.5000000E+01  0.1000000E+01  0.1000000E+00
  0.2120194E+01  0.5357524E-01  0.1040000E+01  0.5000000E+01  0.1000000E+01  0.1000000E+00
  0.2120339E+01  0.5337402E-01  0.1035000E+01  0.5000000E+01  0.1000000E+01  0.1000000E+00
  0.2120485E+01  0.5317247E-01  0.1030000E+01  0.5000000E+01  0.1000000E+01  0.1000000E+00
  0.2120629E+01  0.5297059E-01  0.1025000E+01  0.5000000E+01  0.1000000E+01  0.1000000E+00
  0.2120774E+01  0.5276838E-01  0.1020000E+01  0.5000000E+01  0.1000000E+01  0.1000000E+00
  0.2120918E+01  0.5256585E-01  0.1015000E+01  0.5000000E+01  0.1000000E+01  0.1000000E+00
  0.2121062E+01  0.5236298E-01  0.1010000E+01  0.5000000E+01  0.1000000E+01  0.1000000E+00
  0.2121205E+01  0.5215979E-01  0.1005000E+01  0.5000000E+01  0.1000000E+01  0.1000000E+00
  0.2121348E+01  0.5195628E-01  0.1000000E+01  0.5000000E+01  0.1000000E+01  0.1000000E+00
  0.2121491E+01  0.5175244E-01  0.9950000E+00  0.5000000E+01  0.1000000E+01  0.1000000E+00
  0.2121633E+01  0.5154828E-01  0.9900000E+00  0.5000000E+01  0.1000000E+01  0.1000000E+00
  0.2121775E+01  0.5134380E-01  0.9850000E+00  0.5000000E+01  0.1000000E+01  0.1000000E+00
  0.2121917E+01  0.5113899E-01  0.9800000E+00  0.5000000E+01  0.1000000E+01  0.1000000E+00
  0.2122058E+01  0.5093387E-01  0.9750000E+00  0.5000000E+01  0.1000000E+01  0.1000000E+00
  0.2122199E+01  0.5072844E-01  0.9700000E+00  0.5000000E+01  0.1000000E+01  0.1000000E+00
  0.2122340E+01  0.5052269E-01  0.9650000E+00  0.5000000E+01  0.1000000E+01  0.1000000E+00
  0.2122480E+01  0.5031662E-01  0.9600000E+00  0.5000000E+01  0.1000000E+01  0.1000000E+00
  0.2122620E+01  0.5011024E-01  0.9550000E+00  0.5000000E+01  0.1000000E+01  0.1000000E+00
  0.2122759E+01  0.4990355E-01  0.9500000E+00  0.5000000E+01  0.1000000E+01  0.1000000E+00
  0.2122898E+01  0.4969654E-01  0.9450000E+00  0.5000000E+01  0.1000000E+01  0.1000000E+00
  0.2123037E+01  0.4948923E-01  0.9400000E+00  0.5000000E+01  0.1000000E+01  0.1000000E+00
  0.2123176E+01  0.4928161E-01  0.9350000E+00  0.5000000E+01  0.1000000E+01  0.1000000E+00
  0.2123314E+01  0.4907368E-01  0.9300000E+00  0.5000000E+01  0.1000000E+01  0.1000000E+00
  0.2123451E+01  0.4886545E-01  0.9250000E+00  0.5000000E+01  0.1000000E+01  0.1000000E+00
  0.2123589E+01  0.4865691E-01  0.9200000E+00  0.5000000E+01  0.1000000E+01  0.1000000E+00
  0.2123726E+01  0.4844806E-01  0.9150000E+00  0.5000000E+01  0.1000000E+01  0.1000000E+00
  0.2123862E+01  0.4823892E-01  0.9100000E+00  0.5000000E+01  0.1000000E+01  0.1000000E+00
  0.2123999E+01  0.4802947E-01  0.9050000E+00  0.5000000E+01  0.1000000E+01  0.1000000E+00
  0.2124135E+01  0.4781972E-01  0.9000000E+00  0.5000000E+01  0.1000000E+01  0.1000000E+00
  0.2124270E+01  0.4760967E-01  0.8950000E+00  0.5000000E+01  0.1000000E+01  0.1000000E+00
  0.2124406E+01  0.4739933E-01  0.8900000E+00  0.5000000E+01  0.1000000E+01  0.1000000E+00
  0.2124540E+01  0.4718868E-01  0.8850000E+00  0.5000000E+01  0.1000000E+01  0.1000000E+00
  0.2124675E+01  0.4697774E-01  0.8800000E+00  0.5000000E+01  0.1000000E+01  0.1000000E+00
  0.2124809E+01  0.4676651E-01  0.8750000E+00  0.5000000E+01  0.1000000E+01  0.1000000E+00
  0.2124943E+01  0.4655499E-01  0.8700000E+00  0.5000000E+01  0.1000000E+01  0.1000000E+00
  0.2125076E+01  0.4634317E-01  0.8650000E+00  0.5000000E+01  0.1000000E+01  0.1000000E+00
  0.2125210E+01  0.4613106E-01  0.8600000E+00  0.5000000E+01  0.1000000E+01  0.1000000E+00
  0.2125342E+01  0.4591865E-01  0.8550000E+00  0.5000000E+01  0.1000000E+01  0.1000000E+00
  0.2125475E+01  0.4570596E-01  0.8500000E+00  0.5000000E+01  0.1000000E+01  0.1000000E+00
  0.2125607E+01  0.4549299E-01  0.8450000E+00  0.5000000E+01  0.1000000E+01  0.1000000E+00
  0.2125738E+01  0.4527972E-01  0.8400000E+00  0.5000000E+01  0.1000000E+01  0.1000000E+00
  0.2125870E+01  0.4506617E-01  0.8350000E+00  0.5000000E+01  0.1000000E+01  0.1000000E+00
  0.2126001E+01  0.4485233E-01  0.8300000E+00  0.5000000E+01  0.1000000E+01  0.1000000E+00
  0.2126131E+01  0.4463821E-01  0.8250000E+00  0.5000000E+01  0.1000000E+01  0.1000000E+00
  0.2126262E+01  0.4442381E-01  0.8200000E+00  0.5000000E+01  0.1000000E+01  0.1000000E+00
  0.2126392E+01  0.4420913E-01  0.8150000E+00  0.5000000E+01  0.1000000E+01  0.1000000E+00
  0.2126521E+01  0.4399416E-01  0.8100000E+00  0.5000000E+01  0.1000000E+01  0.1000000E+00
  0.2126650E+01  0.4377892E-01  0.8050000E+00  0.5000000E+01  0.1000000E+01  0.1000000E+00
  0.2126779E+01  0.4356339E-01  0.8000000E+00  0.5000000E+01  0.1000000E+01  0.1000000E+00
  0.2126908E+01  0.4334759E-01  0.7950000E+00  0.5000000E+01  0.1000000E+01  0.1000000E+00
  0.2127036E+01  0.4313151E-01  0.7900000E+00  0.5000000E+01  0.1000000E+01  0.1000000E+00
  0.2127164E+01  0.4291516E-01  0.7850000E+00  0.5000000E+01  0.1000000E+01  0.1000000E+00
  0.2127291E+01  0.4269853E-01  0.7800000E+00  0.5000000E+01  0.1000000E+01  0.1000000E+00
  0.2127418E+01  0.4248163E-01  0.7750000E+00  0.5000000E+01  0.1000000E+01  0.1000000E+00
  0.2127545E+01  0.4226445E-01  0.7700000E+00  0.5000000E+01  0.1000000E+01  0.1000000E+00
  0.2127671E+01  0.4204701E-01  0.7650000E+00  0.5000000E+01  0.1000000E+01  0.1000000E+00
  0.2127797E+01  0.4182929E-01  0.7600000E+00  0.5000000E+01  0.1000000E+01  0.1000000E+00
  0.2127923E+01  0.4161130E-01  0.7550000E+00  0.5000000E+01  0.1000000E+01  0.1000000E+00
  0.2128048E+01  0.4139304E-01  0.7500000E+00  0.5000000E+01  0.1000000E+01  0.1000000E+00
  0.2128173E+01  0.4117452E-01  0.7450000E+00  0.5000000E+01  0.1000000E+01  0.1000000E+00
  0.2128298E+01  0.4095573E-01  0.7400000E+00  0.5000000E+01  0.1000000E+01  0.1000000E+00
  0.2128422E+01  0.4073667E-01  0.7350000E+00  0.5000000E+01  0.1000000E+01  0.1000000E+00
  0.2128546E+01  0.4051735E-01  0.7300000E+00  0.5000000E+01  0.1000000E+01  0.1000000E+00
  0.2128669E+01  0.4029776E-01  0.7250000E+00  0.5000000E+01  0.1000000E+01  0.1000000E+00
  0.2128793E+01  0.4007791E-01  0.7200000E+00  0.5000000E+01  0.1000000E+01  0.1000000E+00
  0.2128915E+01  0.3985779E-01  0.7150000E+00  0.5000000E+01  0.1000000E+01  0.1000000E+00
  0.2129038E+01  0.3963742E-01  0.7100000E+00  0.5000000E+01  0.1000000E+01  0.1000000E+00
  0.2129160E+01  0.3941678E-01  0.7050000E+00  0.5000000E+01  0.1000000E+01  0.1000000E+00
  0.2129282E+01  0.3919588E-01  0.7000000E+00  0.5000000E+01  0.1000000E+01  0.1000000E+00
  0.2129403E+01  0.3897473E-01  0.6950000E+00  0.5000000E+01  0.1000000E+01  0.1000000E+00
  0.2129524E+01  0.3875331E-01  0.6900000E+00  0.5000000E+01  0.1000000E+01  0.1000000E+00
  0.2129645E+01  0.3853164E-01  0.6850000E+00  0.5000000E+01  0.1000000E+01  0.1000000E+00
  0.2129765E+01  0.3830971E-01  0.6800000E+00  0.5000000E+01  0.1000000E+01  0.1000000E+00
  0.2129885E+01  0.3808753E-01  0.6750000E+00  0.5000000E+01  0.1000000E+01  0.1000000E+00
  0.2130005E+01  0.3786509E-01  0.6700000E+00  0.5000000E+01  0.1000000E+01  0.1000000E+00
  0.2130124E+01  0.3764239E-01  0.6650000E+00  0.5000000E+01  0.1000000E+01  0.1000000E+00
  0.2130243E+01  0.3741945E-01  0.6600000E+00  0.5000000E+01  0.1000000E+01  0.1000000E+00
  0.2130362E+01  0.3719625E-01  0.6550000E+00  0.5000000E+01  0.1000000E+01  0.1000000E+00
  0.2130480E+01  0.3697280E-01  0.6500000E+00  0.5000000E+01  0.1000000E+01  0.1000000E+00
  0.2130598E+01  0.3674909E-01  0.6450000E+00  0.5000000E+01  0.1000000E+01  0.1000000E+00
  0.2130716E+01  0.3652514E-01  0.6400000E+00  0.5000000E+01  0.1000000E+01  0.1000000E+00
  0.2130833E+01  0.3630094E-01  0.6350000E+00  0.5000000E+01  0.1000000E+01  0.1000000E+00
  0.2130950E+01  0.3607649E-01  0.6300000E+00  0.5000000E+01  0.1000000E+01  0.1000000E+00
  0.2131066E+01  0.3585179E-01  0.6250000E+00  0.5000000E+01  0.1000000E+01  0.1000000E+00
  0.2131182E+01  0.3562684E-01  0.6200000E+00  0.5000000E+01  0.1000000E+01  0.1000000E+00
  0.2131298E+01  0.3540165E-01  0.6150000E+00  0.5000000E+01  0.1000000E+01  0.1000000E+00
  0.2131414E+01  0.3517621E-01  0.6100000E+00  0.5000000E+01  0.1000000E+01  0.1000000E+00
  0.2131529E+01  0.3495053E-01  0.6050000E+00  0.5000000E+01  0.1000000E+01  0.1000000E+00
  0.2131643E+01  0.3472460E-01  0.6000000E+00  0.5000000E+01  0.1000000E+01  0.1000000E+00
  0.2131758E+01  0.3449843E-01  0.5950000E+00  0.5000000E+01  0.1000000E+01  0.1000000E+00
  0.2131872E+01  0.3427201E-01  0.5900000E+00  0.5000000E+01  0.1000000E+01  0.1000000E+00
  0.2131986E+01  0.3404536E-01  0.5850000E+00  0.5000000E+01  0.1000000E+01  0.1000000E+00
  0.2132099E+01  0.3381846E-01  0.5800000E+00  0.5000000E+01  0.1000000E+01  0.1000000E+00
  0.2132212E+01  0.3359132E-01  0.5750000E+00  0.5000000E+01  0.1000000E+01  0.1000000E+00
  0.2132325E+01  0.3336394E-01  0.5700000E+00  0.5000000E+01  0.1000000E+01  0.1000000E+00
  0.2132437E+01  0.3313632E-01  0.5650000E+00  0.5000000E+01  0.1000000E+01  0.1000000E+00
  0.2132549E+01  0.3290846E-01  0.5600000E+00  0.5000000E+01  0.1000000E+01  0.1000000E+00
  0.2132661E+01  0.3268036E-01  0.5550000E+00  0.5000000E+01  0.1000000E+01  0.1000000E+00
  0.2132772E+01  0.3245202E-01  0.5500000E+00  0.5000000E+01  0.1000000E+01  0.1000000E+00
  0.2132883E+01  0.3222345E-01  0.5450000E+00  0.5000000E+01  0.1000000E+01  0.1000000E+00
  0.2132994E+01  0.3199464E-01  0.5400000E+00  0.5000000E+01  0.1000000E+01  0.1000000E+00
  0.2133104E+01  0.3176559E-01  0.5350000E+00  0.5000000E+01  0.1000000E+01  0.1000000E+00
  0.2133214E+01  0.3153631E-01  0.5300000E+00  0.5000000E+01  0.1000000E+01  0.1000000E+00
  0.2133323E+01  0.3130680E-01  0.5250000E+00  0.5000000E+01  0.1000000E+01  0.1000000E+00
  0.2133433E+01  0.3107705E-01  0.5200000E+00  0.5000000E+01  0.1000000E+01  0.1000000E+00
  0.2133541E+01  0.3084706E-01  0.5150000E+00  0.5000000E+01  0.1000000E+01  0.1000000E+00
  0.2133650E+01  0.3061685E-01  0.5100000E+00  0.5000000E+01  0.1000000E+01  0.1000000E+00
  0.2133758E+01  0.3038640E-01  0.5050000E+00  0.5000000E+01  0.1000000E+01  0.1000000E+00
  0.2133866E+01  0.3015571E-01  0.5000000E+00  0.5000000E+01  0.1000000E+01  0.1000000E+00
  0.2133974E+01  0.2992480E-01  0.4950000E+00  0.5000000E+01  0.1000000E+01  0.1000000E+00
  0.2134081E+01  0.2969366E-01  0.4900000E+00  0.5000000E+01  0.1000000E+01  0.1000000E+00
  0.2134188E+01  0.2946228E-01  0.4850000E+00  0.5000000E+01  0.1000000E+01  0.1000000E+00
  0.2134294E+01  0.2923068E-01  0.4800000E+00  0.5000000E+01  0.1000000E+01  0.1000000E+00
  0.2134400E+01  0.2899884E-01  0.4750000E+00  0.5000000E+01  0.1000000E+01  0.1000000E+00
  0.2134506E+01  0.2876678E-01  0.4700000E+00  0.5000000E+01  0.1000000E+01  0.1000000E+00
  0.2134611E+01  0.2853449E-01  0.4650000E+00  0.5000000E+01  0.1000000E+01  0.1000000E+00
  0.2134717E+01  0.2830197E-01  0.4600000E+00  0.5000000E+01  0.1000000E+01  0.1000000E+00
  0.2134821E+01  0.2806922E-01  0.4550000E+00  0.5000000E+01  0.1000000E+01  0.1000000E+00
  0.2134926E+01  0.2783625E-01  0.4500000E+00  0.5000000E+01  0.1000000E+01  0.1000000E+00
  0.2135030E+01  0.2760305E-01  0.4450000E+00  0.5000000E+01  0.1000000E+01  0.1000000E+00
  0.2135134E+01  0.2736962E-01  0.4400000E+00  0.5000000E+01  0.1000000E+01  0.1000000E+00
  0.2135237E+01  0.2713596E-01  0.4350000E+00  0.5000000E+01  0.1000000E+01  0.1000000E+00
  0.2135340E+01  0.2690209E-01  0.4300000E+00  0.5000000E+01  0.1000000E+01  0.1000000E+00
  0.2135443E+01  0.2666798E-01  0.4250000E+00  0.5000000E+01  0.1000000E+01  0.1000000E+00
  0.2135545E+01  0.2643365E-01  0.4200000E+00  0.5000000E+01  0.1000000E+01  0.1000000E+00
  0.2135648E+01  0.2619910E-01  0.4150000E+00  0.5000000E+01  0.1000000E+01  0.1000000E+00
  0.2135749E+01  0.2596433E-01  0.4100000E+00  0.5000000E+01  0.1000000E+01  0.1000000E+00
  0.2135851E+01  0.2572933E-01  0.4050000E+00  0.5000000E+01  0.1000000E+01  0.1000000E+00
  0.2135952E+01  0.2549411E-01  0.4000000E+00  0.5000000E+01  0.1000000E+01  0.1000000E+00
  0.2136052E+01  0.2525866E-01  0.3950000E+00  0.5000000E+01  0.1000000E+01  0.1000000E+00
  0.2136153E+01  0.2502299E-01  0.3900000E+00  0.5000000E+01  0.1000000E+01  0.1000000E+00
  0.2136253E+01  0.2478710E-01  0.3850000E+00  0.5000000E+01  0.1000000E+01  0.1000000E+00
  0.2136353E+01  0.2455099E-01  0.3800000E+00  0.5000000E+01  0.1000000E+01  0.1000000E+00
  0.2136452E+01  0.2431466E-01  0.3750000E+00  0.5000000E+01  0.1000000E+01  0.1000000E+00
  0.2136551E+01  0.2407811E-01  0.3700000E+00  0.5000000E+01  0.1000000E+01  0.1000000E+00
  0.2136650E+01  0.2384134E-01  0.3650000E+00  0.5000000E+01  0.1000000E+01  0.1000000E+00
  0.2136748E+01  0.2360434E-01  0.3600000E+00  0.5000000E+01  0.1000000E+01  0.1000000E+00
  0.2136846E+01  0.2336713E-01  0.3550000E+00  0.5000000E+01  0.1000000E+01  0.1000000E+00
  0.2136944E+01  0.2312970E-01  0.3500000E+00  0.5000000E+01  0.1000000E+01  0.1000000E+00
  0.2137041E+01  0.2289205E-01  0.3450000E+00  0.5000000E+01  0.1000000E+01  0.1000000E+00
  0.2137139E+01  0.2265418E-01  0.3400000E+00  0.5000000E+01  0.1000000E+01  0.1000000E+00
  0.2137235E+01  0.2241609E-01  0.3350000E+00  0.5000000E+01  0.1000000E+01  0.1000000E+00
  0.2137332E+01  0.2217778E-01  0.3300000E+00  0.5000000E+01  0.1000000E+01  0.1000000E+00
  0.2137428E+01  0.2193925E-01  0.3250000E+00  0.5000000E+01  0.1000000E+01  0.1000000E+00
  0.2137523E+01  0.2170051E-01  0.3200000E+00  0.5000000E+01  0.1000000E+01  0.1000000E+00
  0.2137619E+01  0.2146154E-01  0.3150000E+00  0.5000000E+01  0.1000000E+01  0.1000000E+00
  0.2137714E+01  0.2122236E-01  0.3100000E+00  0.5000000E+01  0.1000000E+01  0.1000000E+00
  0.2137809E+01  0.2098297E-01  0.3050000E+00  0.5000000E+01  0.1000000E+01  0.1000000E+00
  0.2137903E+01  0.2074335E-01  0.3000000E+00  0.5000000E+01  0.1000000E+01  0.1000000E+00
  0.2137997E+01  0.2050352E-01  0.2950000E+00  0.5000000E+01  0.1000000E+01  0.1000000E+00
  0.2138091E+01  0.2026347E-01  0.2900000E+00  0.5000000E+01  0.1000000E+01  0.1000000E+00
  0.2138184E+01  0.2002321E-01  0.2850000E+00  0.5000000E+01  0.1000000E+01  0.1000000E+00
  0.2138277E+01  0.1978273E-01  0.2800000E+00  0.5000000E+01  0.1000000E+01  0.1000000E+00
  0.2138370E+01  0.1954203E-01  0.2750000E+00  0.5000000E+01  0.1000000E+01  0.1000000E+00
  0.2138463E+01  0.1930112E-01  0.2700000E+00  0.5000000E+01  0.1000000E+01  0.1000000E+00
  0.2138555E+01  0.1905999E-01  0.2650000E+00  0.5000000E+01  0.1000000E+01  0.1000000E+00
  0.2138647E+01  0.1881864E-01  0.2600000E+00  0.5000000E+01  0.1000000E+01  0.1000000E+00
  0.2138738E+01  0.1857708E-01  0.2550000E+00  0.5000000E+01  0.1000000E+01  0.1000000E+00
  0.2138829E+01  0.1833531E-01  0.2500000E+00  0.5000000E+01  0.1000000E+01  0.1000000E+00
  0.2138920E+01  0.1809332E-01  0.2450000E+00  0.5000000E+01  0.1000000E+01  0.1000000E+00
  0.2139010E+01  0.1785111E-01  0.2400000E+00  0.5000000E+01  0.1000000E+01  0.1000000E+00
  0.2139101E+01  0.1760869E-01  0.2350000E+00  0.5000000E+01  0.1000000E+01  0.1000000E+00
  0.2139190E+01  0.1736606E-01  0.2300000E+00  0.5000000E+01  0.1000000E+01  0.1000000E+00
  0.2139280E+01  0.1712321E-01  0.2250000E+00  0.5000000E+01  0.1000000E+01  0.1000000E+00
  0.2139369E+01  0.1688014E-01  0.2200000E+00  0.5000000E+01  0.1000000E+01  0.1000000E+00
  0.2139458E+01  0.1663686E-01  0.2150000E+00  0.5000000E+01  0.1000000E+01  0.1000000E+00
  0.2139546E+01  0.1639337E-01  0.2100000E+00  0.5000000E+01  0.1000000E+01  0.1000000E+00
  0.2139635E+01  0.1614966E-01  0.2050000E+00  0.5000000E+01  0.1000000E+01  0.1000000E+00
  0.2139722E+01  0.1590573E-01  0.2000000E+00  0.5000000E+01  0.1000000E+01  0.1000000E+00
  0.2139810E+01  0.1566160E-01  0.1950000E+00  0.5000000E+01  0.1000000E+01  0.1000000E+00
  0.2139897E+01  0.1541725E-01  0.1900000E+00  0.5000000E+01  0.1000000E+01  0.1000000E+00
  0.2139984E+01  0.1517268E-01  0.1850000E+00  0.5000000E+01  0.1000000E+01  0.1000000E+00
  0.2140071E+01  0.1492790E-01  0.1800000E+00  0.5000000E+01  0.1000000E+01  0.1000000E+00
  0.2140157E+01  0.1468290E-01  0.1750000E+00  0.5000000E+01  0.1000000E+01  0.1000000E+00
  0.2140243E+01  0.1443770E-01  0.1700000E+00  0.5000000E+01  0.1000000E+01  0.1000000E+00
  0.2140329E+01  0.1419227E-01  0.1650000E+00  0.5000000E+01  0.1000000E+01  0.1000000E+00
  0.2140414E+01  0.1394664E-01  0.1600000E+00  0.5000000E+01  0.1000000E+01  0.1000000E+00
  0.2140499E+01  0.1370078E-01  0.1550000E+00  0.5000000E+01  0.1000000E+01  0.1000000E+00
  0.2140584E+01  0.1345472E-01  0.1500000E+00  0.5000000E+01  0.1000000E+01  0.1000000E+00
  0.2140668E+01  0.1320844E-01  0.1450000E+00  0.5000000E+01  0.1000000E+01  0.1000000E+00
  0.2140752E+01  0.1296194E-01  0.1400000E+00  0.5000000E+01  0.1000000E+01  0.1000000E+00
  0.2140836E+01  0.1271524E-01  0.1350000E+00  0.5000000E+01  0.1000000E+01  0.1000000E+00
  0.2140919E+01  0.1246831E-01  0.1300000E+00  0.5000000E+01  0.1000000E+01  0.1000000E+00
  0.2141002E+01  0.1222117E-01  0.1250000E+00  0.5000000E+01  0.1000000E+01  0.1000000E+00
  0.2141085E+01  0.1197382E-01  0.1200000E+00  0.5000000E+01  0.1000000E+01  0.1000000E+00
  0.2141167E+01  0.1172626E-01  0.1150000E+00  0.5000000E+01  0.1000000E+01  0.1000000E+00
  0.2141249E+01  0.1147847E-01  0.1100000E+00  0.5000000E+01  0.1000000E+01  0.1000000E+00
  0.2141331E+01  0.1123048E-01  0.1050000E+00  0.5000000E+01  0.1000000E+01  0.1000000E+00
  0.2141412E+01  0.1098227E-01  0.1000000E+00  0.5000000E+01  0.1000000E+01  0.1000000E+00
  0.2141494E+01  0.1073384E-01  0.9500000E-01  0.5000000E+01  0.1000000E+01  0.1000000E+00
  0.2141574E+01  0.1048520E-01  0.9000000E-01  0.5000000E+01  0.1000000E+01  0.1000000E+00
  0.2141655E+01  0.1023634E-01  0.8500000E-01  0.5000000E+01  0.1000000E+01  0.1000000E+00
  0.2141735E+01  0.9987271E-02  0.8000000E-01  0.5000000E+01  0.1000000E+01  0.1000000E+00
  0.2141815E+01  0.9737983E-02  0.7500000E-01  0.5000000E+01  0.1000000E+01  0.1000000E+00
  0.2141895E+01  0.9488480E-02  0.7000000E-01  0.5000000E+01  0.1000000E+01  0.1000000E+00
  0.2141974E+01  0.9238762E-02  0.6500000E-01  0.5000000E+01  0.1000000E+01  0.1000000E+00
  0.2142053E+01  0.8988827E-02  0.6000000E-01  0.5000000E+01  0.1000000E+01  0.1000000E+00
  0.2142131E+01  0.8738676E-02  0.5500000E-01  0.5000000E+01  0.1000000E+01  0.1000000E+00
  0.2142210E+01  0.8488309E-02  0.5000000E-01  0.5000000E+01  0.1000000E+01  0.1000000E+00

