  0.2553187E+01  0.1430087E+00  0.5000000E+01  0.5000000E+01  0.1000000E+01  0.1000000E+00
  0.2553250E+01  0.1431328E+00  0.4995000E+01  0.5000000E+01  0.1000000E+01  0.1000000E+00
  0.2553313E+01  0.1432572E+00  0.4990000E+01  0.5000000E+01  0.1000000E+01  0.1000000E+00
  0.2553377E+01  0.1433819E+00  0.4985000E+01  0.5000000E+01  0.1000000E+01  0.1000000E+00
  0.2553440E+01  0.1435068E+00  0.4980000E+01  0.5000000E+01  0.1000000E+01  0.1000000E+00
  0.2553504E+01  0.1436320E+00  0.4975000E+01  0.5000000E+01  0.1000000E+01  0.1000000E+00
  0.2553568E+01  0.1437574E+00  0.4970000E+01  0.5000000E+01  0.1000000E+01  0.1000000E+00
  0.2553632E+01  0.1438830E+00  0.4965000E+01  0.5000000E+01  0.1000000E+01  0.1000000E+00
  0.2553697E+01  0.1440089E+00  0.4960000E+01  0.5000000E+01  0.1000000E+01  0.1000000E+00
  0.2553761E+01  0.1441350E+00  0.4955000E+01  0.5000000E+01  0.1000000E+01  0.1000000E+00
  0.2553826E+01  0.1442614E+00  0.4950000E+01  0.5000000E+01  0.1000000E+01  0.1000000E+00
  0.2553891E+01  0.1443881E+00  0.4945000E+01  0.5000000E+01  0.1000000E+01  0.1000000E+00
  0.2553956E+01  0.1445150E+00  0.4940000E+01  0.5000000E+01  0.1000000E+01  0.1000000E+00
  0.2554021E+01  0.1446421E+00  0.4935000E+01  0.5000000E+01  0.1000000E+01  0.1000000E+00
  0.2554086E+01  0.1447695E+00  0.4930000E+01  0.5000000E+01  0.1000000E+01  0.1000000E+00
  0.2554152E+01  0.1448972E+00  0.4925000E+01  0.5000000E+01  0.1000000E+01  0.1000000E+00
  0.2554218E+01  0.1450251E+00  0.4920000E+01  0.5000000E+01  0.1000000E+01  0.1000000E+00
  0.2554284E+01  0.1451533E+00  0.4915000E+01  0.5000000E+01  0.1000000E+01  0.1000000E+00
  0.2554350E+01  0.1452817E+00  0.4910000E+01  0.5000000E+01  0.1000000E+01  0.1000000E+00
  0.2554416E+01  0.1454104E+00  0.4905000E+01  0.5000000E+01  0.1000000E+01  0.1000000E+00
  0.2554483E+01  0.1455393E+00  0.4900000E+01  0.5000000E+01  0.1000000E+01  0.1000000E+00
  0.2554550E+01  0.1456685E+00  0.4895000E+01  0.5000000E+01  0.1000000E+01  0.1000000E+00
  0.2554617E+01  0.1457979E+00  0.4890000E+01  0.5000000E+01  0.1000000E+01  0.1000000E+00
  0.2554684E+01  0.1459276E+00  0.4885000E+01  0.5000000E+01  0.1000000E+01  0.1000000E+00
  0.2554751E+01  0.1460576E+00  0.4880000E+01  0.5000000E+01  0.1000000E+01  0.1000000E+00
  0.2554818E+01  0.1461878E+00  0.4875000E+01  0.5000000E+01  0.1000000E+01  0.1000000E+00
  0.2554886E+01  0.1463183E+00  0.4870000E+01  0.5000000E+01  0.1000000E+01  0.1000000E+00
  0.2554954E+01  0.1464491E+00  0.4865000E+01  0.5000000E+01  0.1000000E+01  0.1000000E+00
  0.2555022E+01  0.1465801E+00  0.4860000E+01  0.5000000E+01  0.1000000E+01  0.1000000E+00
  0.2555090E+01  0.1467114E+00  0.4855000E+01  0.5000000E+01  0.1000000E+01  0.1000000E+00
  0.2555159E+01  0.1468429E+00  0.4850000E+01  0.5000000E+01  0.1000000E+01  0.1000000E+00
  0.2555227E+01  0.1469747E+00  0.4845000E+01  0.5000000E+01  0.1000000E+01  0.1000000E+00
  0.2555296E+01  0.1471068E+00  0.4840000E+01  0.5000000E+01  0.1000000E+01  0.1000000E+00
  0.2555365E+01  0.1472391E+00  0.4835000E+01  0.5000000E+01  0.1000000E+01  0.1000000E+00
  0.2555435E+01  0.1473717E+00  0.4830000E+01  0.5000000E+01  0.1000000E+01  0.1000000E+00
  0.2555504E+01  0.1475046E+00  0.4825000E+01  0.5000000E+01  0.1000000E+01  0.1000000E+00
  0.2555574E+01  0.1476377E+00  0.4820000E+01  0.5000000E+01  0.1000000E+01  0.1000000E+00
  0.2555644E+01  0.1477712E+00  0.4815000E+01  0.5000000E+01  0.1000000E+01  0.1000000E+00
  0.2555714E+01  0.1479048E+00  0.4810000E+01  0.5000000E+01  0.1000000E+01  0.1000000E+00
  0.2555784E+01  0.1480388E+00  0.4805000E+01  0.5000000E+01  0.1000000E+01  0.1000000E+00
  0.2555854E+01  0.1481730E+00  0.4800000E+01  0.5000000E+01  0.1000000E+01  0.1000000E+00
  0.2555925E+01  0.1483075E+00  0.4795000E+01  0.5000000E+01  0.1000000E+01  0.1000000E+00
  0.2555996E+01  0.1484423E+00  0.4790000E+01  0.5000000E+01  0.1000000E+01  0.1000000E+00
  0.2556067E+01  0.1485773E+00  0.4785000E+01  0.5000000E+01  0.1000000E+01  0.1000000E+00
  0.2556138E+01  0.1487126E+00  0.4780000E+01  0.5000000E+01  0.1000000E+01  0.1000000E+00
  0.2556210E+01  0.1488482E+00  0.4775000E+01  0.5000000E+01  0.1000000E+01  0.1000000E+00
  0.2556282E+01  0.1489841E+00  0.4770000E+01  0.5000000E+01  0.1000000E+01  0.1000000E+00
  0.2556354E+01  0.1491202E+00  0.4765000E+01  0.5000000E+01  0.1000000E+01  0.1000000E+00
  0.2556426E+01  0.1492566E+00  0.4760000E+01  0.5000000E+01  0.1000000E+01  0.1000000E+00
  0.2556498E+01  0.1493933E+00  0.4755000E+01  0.5000000E+01  0.1000000E+01  0.1000000E+00
  0.2556571E+01  0.1495303E+00  0.4750000E+01  0.5000000E+01  0.1000000E+01  0.1000000E+00
  0.2556643E+01  0.1496676E+00  0.4745000E+01  0.5000000E+01  0.1000000E+01  0.1000000E+00
  0.2556716E+01  0.1498051E+00  0.4740000E+01  0.5000000E+01  0.1000000E+01  0.1000000E+00
  0.2556790E+01  0.1499429E+00  0.4735000E+01  0.5000000E+01  0.1000000E+01  0.1000000E+00
  0.2556863E+01  0.1500810E+00  0.4730000E+01  0.5000000E+01  0.1000000E+01  0.1000000E+00
  0.2556937E+01  0.1502194E+00  0.4725000E+01  0.5000000E+01  0.1000000E+01  0.1000000E+00
  0.2557011E+01  0.1503581E+00  0.4720000E+01  0.5000000E+01  0.1000000E+01  0.1000000E+00
  0.2557085E+01  0.1504970E+00  0.4715000E+01  0.5000000E+01  0.1000000E+01  0.1000000E+00
  0.2557159E+01  0.1506363E+00  0.4710000E+01  0.5000000E+01  0.1000000E+01  0.1000000E+00
  0.2557233E+01  0.1507758E+00  0.4705000E+01  0.5000000E+01  0.1000000E+01  0.1000000E+00
  0.2557308E+01  0.1509156E+00  0.4700000E+01  0.5000000E+01  0.1000000E+01  0.1000000E+00
  0.2557383E+01  0.1510557E+00  0.4695000E+01  0.5000000E+01  0.1000000E+01  0.1000000E+00
  0.2557458E+01  0.1511961E+00  0.4690000E+01  0.5000000E+01  0.1000000E+01  0.1000000E+00
  0.2557534E+01  0.1513368E+00  0.4685000E+01  0.5000000E+01  0.1000000E+01  0.1000000E+00
  0.2557609E+01  0.1514777E+00  0.4680000E+01  0.5000000E+01  0.1000000E+01  0.1000000E+00
  0.2557685E+01  0.1516190E+00  0.4675000E+01  0.5000000E+01  0.1000000E+01  0.1000000E+00
  0.2557761E+01  0.1517605E+00  0.4670000E+01  0.5000000E+01  0.1000000E+01  0.1000000E+00
  0.2557838E+01  0.1519024E+00  0.4665000E+01  0.5000000E+01  0.1000000E+01  0.1000000E+00
  0.2557914E+01  0.1520445E+00  0.4660000E+01  0.5000000E+01  0.1000000E+01  0.1000000E+00
  0.2557991E+01  0.1521869E+00  0.4655000E+01  0.5000000E+01  0.1000000E+01  0.1000000E+00
  0.2558068E+01  0.1523297E+00  0.4650000E+01  0.5000000E+01  0.1000000E+01  0.1000000E+00
  0.2558145E+01  0.1524727E+00  0.4645000E+01  0.5000000E+01  0.1000000E+01  0.1000000E+00
  0.2558223E+01  0.1526160E+00  0.4640000E+01  0.5000000E+01  0.1000000E+01  0.1000000E+00
  0.2558301E+01  0.1527596E+00  0.4635000E+01  0.5000000E+01  0.1000000E+01  0.1000000E+00
  0.2558379E+01  0.1529035E+00  0.4630000E+01  0.5000000E+01  0.1000000E+01  0.1000000E+00
  0.2558457E+01  0.1530477E+00  0.4625000E+01  0.5000000E+01  0.1000000E+01  0.1000000E+00
  0.2558535E+01  0.1531922E+00  0.4620000E+01  0.5000000E+01  0.1000000E+01  0.1000000E+00
  0.2558614E+01  0.1533370E+00  0.4615000E+01  0.5000000E+01  0.1000000E+01  0.1000000E+00
  0.2558693E+01  0.1534822E+00  0.4610000E+01  0.5000000E+01  0.1000000E+01  0.1000000E+00
  0.2558772E+01  0.1536276E+00  0.4605000E+01  0.5000000E+01  0.1000000E+01  0.1000000E+00
  0.2558852E+01  0.1537733E+00  0.4600000E+01  0.5000000E+01  0.1000000E+01  0.1000000E+00
  0.2558931E+01  0.1539193E+00  0.4595000E+01  0.5000000E+01  0.1000000E+01  0.1000000E+00
  0.2559011E+01  0.1540656E+00  0.4590000E+01  0.5000000E+01  0.1000000E+01  0.1000000E+00
  0.2559091E+01  0.1542123E+00  0.4585000E+01  0.5000000E+01  0.1000000E+01  0.1000000E+00
  0.2559172E+01  0.1543592E+00  0.4580000E+01  0.5000000E+01  0.1000000E+01  0.1000000E+00
  0.2559252E+01  0.1545064E+00  0.4575000E+01  0.5000000E+01  0.1000000E+01  0.1000000E+00
  0.2559333E+01  0.1546540E+00  0.4570000E+01  0.5000000E+01  0.1000000E+01  0.1000000E+00
  0.2559414E+01  0.1548019E+00  0.4565000E+01  0.5000000E+01  0.1000000E+01  0.1000000E+00
  0.2559496E+01  0.1549500E+00  0.4560000E+01  0.5000000E+01  0.1000000E+01  0.1000000E+00
  0.2559578E+01  0.1550985E+00  0.4555000E+01  0.5000000E+01  0.1000000E+01  0.1000000E+00
  0.2559659E+01  0.1552473E+00  0.4550000E+01  0.5000000E+01  0.1000000E+01  0.1000000E+00
  0.2559742E+01  0.1553964E+00  0.4545000E+01  0.5000000E+01  0.1000000E+01  0.1000000E+00
  0.2559824E+01  0.1555458E+00  0.4540000E+01  0.5000000E+01  0.1000000E+01  0.1000000E+00
  0.2559907E+01  0.1556956E+00  0.4535000E+01  0.5000000E+01  0.1000000E+01  0.1000000E+00
  0.2559990E+01  0.1558456E+00  0.4530000E+01  0.5000000E+01  0.1000000E+01  0.1000000E+00
  0.2560073E+01  0.1559960E+00  0.4525000E+01  0.5000000E+01  0.1000000E+01  0.1000000E+00
  0.2560156E+01  0.1561467E+00  0.4520000E+01  0.5000000E+01  0.1000000E+01  0.1000000E+00
  0.2560240E+01  0.1562977E+00  0.4515000E+01  0.5000000E+01  0.1000000E+01  0.1000000E+00
  0.2560324E+01  0.1564490E+00  0.4510000E+01  0.5000000E+01  0.1000000E+01  0.1000000E+00
  0.2560408E+01  0.1566006E+00  0.4505000E+01  0.5000000E+01  0.1000000E+01  0.1000000E+00
  0.2560493E+01  0.1567526E+00  0.4500000E+01  0.5000000E+01  0.1000000E+01  0.1000000E+00
  0.2560578E+01  0.1569048E+00  0.4495000E+01  0.5000000E+01  0.1000000E+01  0.1000000E+00
  0.2560663E+01  0.1570574E+00  0.4490000E+01  0.5000000E+01  0.1000000E+01  0.1000000E+00
  0.2560748E+01  0.1572104E+00  0.4485000E+01  0.5000000E+01  0.1000000E+01  0.1000000E+00
  0.2560834E+01  0.1573636E+00  0.4480000E+01  0.5000000E+01  0.1000000E+01  0.1000000E+00
  0.2560919E+01  0.1575172E+00  0.4475000E+01  0.5000000E+01  0.1000000E+01  0.1000000E+00
  0.2561006E+01  0.1576711E+00  0.4470000E+01  0.5000000E+01  0.1000000E+01  0.1000000E+00
  0.2561092E+01  0.1578253E+00  0.4465000E+01  0.5000000E+01  0.1000000E+01  0.1000000E+00
  0.2561179E+01  0.1579799E+00  0.4460000E+01  0.5000000E+01  0.1000000E+01  0.1000000E+00
  0.2561266E+01  0.1581348E+00  0.4455000E+01  0.5000000E+01  0.1000000E+01  0.1000000E+00
  0.2561353E+01  0.1582900E+00  0.4450000E+01  0.5000000E+01  0.1000000E+01  0.1000000E+00
  0.2561441E+01  0.1584455E+00  0.4445000E+01  0.5000000E+01  0.1000000E+01  0.1000000E+00
  0.2561528E+01  0.1586014E+00  0.4440000E+01  0.5000000E+01  0.1000000E+01  0.1000000E+00
  0.2561616E+01  0.1587576E+00  0.4435000E+01  0.5000000E+01  0.1000000E+01  0.1000000E+00
  0.2561705E+01  0.1589141E+00  0.4430000E+01  0.5000000E+01  0.1000000E+01  0.1000000E+00
  0.2561793E+01  0.1590710E+00  0.4425000E+01  0.5000000E+01  0.1000000E+01  0.1000000E+00
  0.2561882E+01  0.1592282E+00  0.4420000E+01  0.5000000E+01  0.1000000E+01  0.1000000E+00
  0.2561972E+01  0.1593857E+00  0.4415000E+01  0.5000000E+01  0.1000000E+01  0.1000000E+00
  0.2562061E+01  0.1595436E+00  0.4410000E+01  0.5000000E+01  0.1000000E+01  0.1000000E+00
  0.2562151E+01  0.1597018E+00  0.4405000E+01  0.5000000E+01  0.1000000E+01  0.1000000E+00
  0.2562241E+01  0.1598604E+00  0.4400000E+01  0.5000000E+01  0.1000000E+01  0.1000000E+00
  0.2562331E+01  0.1600193E+00  0.4395000E+01  0.5000000E+01  0.1000000E+01  0.1000000E+00
  0.2562422E+01  0.1601785E+00  0.4390000E+01  0.5000000E+01  0.1000000E+01  0.1000000E+00
  0.2562513E+01  0.1603381E+00  0.4385000E+01  0.5000000E+01  0.1000000E+01  0.1000000E+00
  0.2562604E+01  0.1604980E+00  0.4380000E+01  0.5000000E+01  0.1000000E+01  0.1000000E+00
  0.2562696E+01  0.1606583E+00  0.4375000E+01  0.5000000E+01  0.1000000E+01  0.1000000E+00
  0.2562788E+01  0.1608189E+00  0.4370000E+01  0.5000000E+01  0.1000000E+01  0.1000000E+00
  0.2562880E+01  0.1609799E+00  0.4365000E+01  0.5000000E+01  0.1000000E+01  0.1000000E+00
  0.2562973E+01  0.1611412E+00  0.4360000E+01  0.5000000E+01  0.1000000E+01  0.1000000E+00
  0.2563065E+01  0.1613028E+00  0.4355000E+01  0.5000000E+01  0.1000000E+01  0.1000000E+00
  0.2563158E+01  0.1614648E+00  0.4350000E+01  0.5000000E+01  0.1000000E+01  0.1000000E+00
  0.2563252E+01  0.1616272E+00  0.4345000E+01  0.5000000E+01  0.1000000E+01  0.1000000E+00
  0.2563346E+01  0.1617898E+00  0.4340000E+01  0.5000000E+01  0.1000000E+01  0.1000000E+00
  0.2563440E+01  0.1619529E+00  0.4335000E+01  0.5000000E+01  0.1000000E+01  0.1000000E+00
  0.2563534E+01  0.1621163E+00  0.4330000E+01  0.5000000E+01  0.1000000E+01  0.1000000E+00
  0.2563629E+01  0.1622800E+00  0.4325000E+01  0.5000000E+01  0.1000000E+01  0.1000000E+00
  0.2563723E+01  0.1624442E+00  0.4320000E+01  0.5000000E+01  0.1000000E+01  0.1000000E+00
  0.2563819E+01  0.1626086E+00  0.4315000E+01  0.5000000E+01  0.1000000E+01  0.1000000E+00
  0.2563914E+01  0.1627734E+00  0.4310000E+01  0.5000000E+01  0.1000000E+01  0.1000000E+00
  0.2564010E+01  0.1629386E+00  0.4305000E+01  0.5000000E+01  0.1000000E+01  0.1000000E+00
  0.2564106E+01  0.1631041E+00  0.4300000E+01  0.5000000E+01  0.1000000E+01  0.1000000E+00
  0.2564203E+01  0.1632700E+00  0.4295000E+01  0.5000000E+01  0.1000000E+01  0.1000000E+00
  0.2564300E+01  0.1634363E+00  0.4290000E+01  0.5000000E+01  0.1000000E+01  0.1000000E+00
  0.2564397E+01  0.1636029E+00  0.4285000E+01  0.5000000E+01  0.1000000E+01  0.1000000E+00
  0.2564495E+01  0.1637699E+00  0.4280000E+01  0.5000000E+01  0.1000000E+01  0.1000000E+00
  0.2564592E+01  0.1639372E+00  0.4275000E+01  0.5000000E+01  0.1000000E+01  0.1000000E+00
  0.2564691E+01  0.1641049E+00  0.4270000E+01  0.5000000E+01  0.1000000E+01  0.1000000E+00
  0.2564789E+01  0.1642730E+00  0.4265000E+01  0.5000000E+01  0.1000000E+01  0.1000000E+00
  0.2564888E+01  0.1644414E+00  0.4260000E+01  0.5000000E+01  0.1000000E+01  0.1000000E+00
  0.2564987E+01  0.1646102E+00  0.4255000E+01  0.5000000E+01  0.1000000E+01  0.1000000E+00
  0.2565087E+01  0.1647794E+00  0.4250000E+01  0.5000000E+01  0.1000000E+01  0.1000000E+00
  0.2565187E+01  0.1649489E+00  0.4245000E+01  0.5000000E+01  0.1000000E+01  0.1000000E+00
  0.2565287E+01  0.1651188E+00  0.4240000E+01  0.5000000E+01  0.1000000E+01  0.1000000E+00
  0.2565387E+01  0.1652891E+00  0.4235000E+01  0.5000000E+01  0.1000000E+01  0.1000000E+00
  0.2565488E+01  0.1654598E+00  0.4230000E+01  0.5000000E+01  0.1000000E+01  0.1000000E+00
  0.2565589E+01  0.1656308E+00  0.4225000E+01  0.5000000E+01  0.1000000E+01  0.1000000E+00
  0.2565691E+01  0.1658022E+00  0.4220000E+01  0.5000000E+01  0.1000000E+01  0.1000000E+00
  0.2565793E+01  0.1659740E+00  0.4215000E+01  0.5000000E+01  0.1000000E+01  0.1000000E+00
  0.2565895E+01  0.1661461E+00  0.4210000E+01  0.5000000E+01  0.1000000E+01  0.1000000E+00
  0.2565998E+01  0.1663186E+00  0.4205000E+01  0.5000000E+01  0.1000000E+01  0.1000000E+00
  0.2566101E+01  0.1664916E+00  0.4200000E+01  0.5000000E+01  0.1000000E+01  0.1000000E+00
  0.2566204E+01  0.1666648E+00  0.4195000E+01  0.5000000E+01  0.1000000E+01  0.1000000E+00
  0.2566308E+01  0.1668385E+00  0.4190000E+01  0.5000000E+01  0.1000000E+01  0.1000000E+00
  0.2566412E+01  0.1670126E+00  0.4185000E+01  0.5000000E+01  0.1000000E+01  0.1000000E+00
  0.2566516E+01  0.1671870E+00  0.4180000E+01  0.5000000E+01  0.1000000E+01  0.1000000E+00
  0.2566621E+01  0.1673618E+00  0.4175000E+01  0.5000000E+01  0.1000000E+01  0.1000000E+00
  0.2566726E+01  0.1675370E+00  0.4170000E+01  0.5000000E+01  0.1000000E+01  0.1000000E+00
  0.2566831E+01  0.1677126E+00  0.4165000E+01  0.5000000E+01  0.1000000E+01  0.1000000E+00
  0.2566937E+01  0.1678886E+00  0.4160000E+01  0.5000000E+01  0.1000000E+01  0.1000000E+00
  0.2567043E+01  0.1680649E+00  0.4155000E+01  0.5000000E+01  0.1000000E+01  0.1000000E+00
  0.2567150E+01  0.1682417E+00  0.4150000E+01  0.5000000E+01  0.1000000E+01  0.1000000E+00
  0.2567257E+01  0.1684188E+00  0.4145000E+01  0.5000000E+01  0.1000000E+01  0.1000000E+00
  0.2567364E+01  0.1685963E+00  0.4140000E+01  0.5000000E+01  0.1000000E+01  0.1000000E+00
  0.2567472E+01  0.1687743E+00  0.4135000E+01  0.5000000E+01  0.1000000E+01  0.1000000E+00
  0.2567580E+01  0.1689526E+00  0.4130000E+01  0.5000000E+01  0.1000000E+01  0.1000000E+00
  0.2567688E+01  0.1691313E+00  0.4125000E+01  0.5000000E+01  0.1000000E+01  0.1000000E+00
  0.2567797E+01  0.1693104E+00  0.4120000E+01  0.5000000E+01  0.1000000E+01  0.1000000E+00
  0.2567906E+01  0.1694899E+00  0.4115000E+01  0.5000000E+01  0.1000000E+01  0.1000000E+00
  0.2568016E+01  0.1696698E+00  0.4110000E+01  0.5000000E+01  0.1000000E+01  0.1000000E+00
  0.2568126E+01  0.1698501E+00  0.4105000E+01  0.5000000E+01  0.1000000E+01  0.1000000E+00
  0.2568236E+01  0.1700308E+00  0.4100000E+01  0.5000000E+01  0.1000000E+01  0.1000000E+00
  0.2568347E+01  0.1702119E+00  0.4095000E+01  0.5000000E+01  0.1000000E+01  0.1000000E+00
  0.2568458E+01  0.1703934E+00  0.4090000E+01  0.5000000E+01  0.1000000E+01  0.1000000E+00
  0.2568570E+01  0.1705753E+00  0.4085000E+01  0.5000000E+01  0.1000000E+01  0.1000000E+00
  0.2568682E+01  0.1707576E+00  0.4080000E+01  0.5000000E+01  0.1000000E+01  0.1000000E+00
  0.2568794E+01  0.1709403E+00  0.4075000E+01  0.5000000E+01  0.1000000E+01  0.1000000E+00
  0.2568907E+01  0.1711235E+00  0.4070000E+01  0.5000000E+01  0.1000000E+01  0.1000000E+00
  0.2569020E+01  0.1713070E+00  0.4065000E+01  0.5000000E+01  0.1000000E+01  0.1000000E+00
  0.2569133E+01  0.1714909E+00  0.4060000E+01  0.5000000E+01  0.1000000E+01  0.1000000E+00
  0.2569247E+01  0.1716753E+00  0.4055000E+01  0.5000000E+01  0.1000000E+01  0.1000000E+00
  0.2569361E+01  0.1718600E+00  0.4050000E+01  0.5000000E+01  0.1000000E+01  0.1000000E+00
  0.2569476E+01  0.1720452E+00  0.4045000E+01  0.5000000E+01  0.1000000E+01  0.1000000E+00
  0.2569591E+01  0.1722308E+00  0.4040000E+01  0.5000000E+01  0.1000000E+01  0.1000000E+00
  0.2569707E+01  0.1724168E+00  0.4035000E+01  0.5000000E+01  0.1000000E+01  0.1000000E+00
  0.2569823E+01  0.1726032E+00  0.4030000E+01  0.5000000E+01  0.1000000E+01  0.1000000E+00
  0.2569939E+01  0.1727900E+00  0.4025000E+01  0.5000000E+01  0.1000000E+01  0.1000000E+00
  0.2570056E+01  0.1729773E+00  0.4020000E+01  0.5000000E+01  0.1000000E+01  0.1000000E+00
  0.2570173E+01  0.1731650E+00  0.4015000E+01  0.5000000E+01  0.1000000E+01  0.1000000E+00
  0.2570291E+01  0.1733530E+00  0.4010000E+01  0.5000000E+01  0.1000000E+01  0.1000000E+00
  0.2570409E+01  0.1735415E+00  0.4005000E+01  0.5000000E+01  0.1000000E+01  0.1000000E+00
  0.2570528E+01  0.1737305E+00  0.4000000E+01  0.5000000E+01  0.1000000E+01  0.1000000E+00
  0.2570647E+01  0.1739198E+00  0.3995000E+01  0.5000000E+01  0.1000000E+01  0.1000000E+00
  0.2570766E+01  0.1741096E+00  0.3990000E+01  0.5000000E+01  0.1000000E+01  0.1000000E+00
  0.2570886E+01  0.1742998E+00  0.3985000E+01  0.5000000E+01  0.1000000E+01  0.1000000E+00
  0.2571006E+01  0.1744904E+00  0.3980000E+01  0.5000000E+01  0.1000000E+01  0.1000000E+00
  0.2571127E+01  0.1746815E+00  0.3975000E+01  0.5000000E+01  0.1000000E+01  0.1000000E+00
  0.2571248E+01  0.1748730E+00  0.3970000E+01  0.5000000E+01  0.1000000E+01  0.1000000E+00
  0.2571370E+01  0.1750649E+00  0.3965000E+01  0.5000000E+01  0.1000000E+01  0.1000000E+00
  0.2571492E+01  0.1752572E+00  0.3960000E+01  0.5000000E+01  0.1000000E+01  0.1000000E+00
  0.2571614E+01  0.1754500E+00  0.3955000E+01  0.5000000E+01  0.1000000E+01  0.1000000E+00
  0.2571737E+01  0.1756432E+00  0.3950000E+01  0.5000000E+01  0.1000000E+01  0.1000000E+00
  0.2571860E+01  0.1758369E+00  0.3945000E+01  0.5000000E+01  0.1000000E+01  0.1000000E+00
  0.2571984E+01  0.1760310E+00  0.3940000E+01  0.5000000E+01  0.1000000E+01  0.1000000E+00
  0.2572109E+01  0.1762255E+00  0.3935000E+01  0.5000000E+01  0.1000000E+01  0.1000000E+00
  0.2572233E+01  0.1764205E+00  0.3930000E+01  0.5000000E+01  0.1000000E+01  0.1000000E+00
  0.2572359E+01  0.1766159E+00  0.3925000E+01  0.5000000E+01  0.1000000E+01  0.1000000E+00
  0.2572484E+01  0.1768117E+00  0.3920000E+01  0.5000000E+01  0.1000000E+01  0.1000000E+00
  0.2572610E+01  0.1770080E+00  0.3915000E+01  0.5000000E+01  0.1000000E+01  0.1000000E+00
  0.2572737E+01  0.1772047E+00  0.3910000E+01  0.5000000E+01  0.1000000E+01  0.1000000E+00
  0.2572864E+01  0.1774019E+00  0.3905000E+01  0.5000000E+01  0.1000000E+01  0.1000000E+00
  0.2572992E+01  0.1775995E+00  0.3900000E+01  0.5000000E+01  0.1000000E+01  0.1000000E+00
  0.2573120E+01  0.1777975E+00  0.3895000E+01  0.5000000E+01  0.1000000E+01  0.1000000E+00
  0.2573248E+01  0.1779961E+00  0.3890000E+01  0.5000000E+01  0.1000000E+01  0.1000000E+00
  0.2573377E+01  0.1781950E+00  0.3885000E+01  0.5000000E+01  0.1000000E+01  0.1000000E+00
  0.2573507E+01  0.1783944E+00  0.3880000E+01  0.5000000E+01  0.1000000E+01  0.1000000E+00
  0.2573637E+01  0.1785943E+00  0.3875000E+01  0.5000000E+01  0.1000000E+01  0.1000000E+00
  0.2573767E+01  0.1787946E+00  0.3870000E+01  0.5000000E+01  0.1000000E+01  0.1000000E+00
  0.2573898E+01  0.1789954E+00  0.3865000E+01  0.5000000E+01  0.1000000E+01  0.1000000E+00
  0.2574029E+01  0.1791966E+00  0.3860000E+01  0.5000000E+01  0.1000000E+01  0.1000000E+00
  0.2574161E+01  0.1793982E+00  0.3855000E+01  0.5000000E+01  0.1000000E+01  0.1000000E+00
  0.2574294E+01  0.1796004E+00  0.3850000E+01  0.5000000E+01  0.1000000E+01  0.1000000E+00
  0.2574427E+01  0.1798030E+00  0.3845000E+01  0.5000000E+01  0.1000000E+01  0.1000000E+00
  0.2574560E+01  0.1800060E+00  0.3840000E+01  0.5000000E+01  0.1000000E+01  0.1000000E+00
  0.2574694E+01  0.1802095E+00  0.3835000E+01  0.5000000E+01  0.1000000E+01  0.1000000E+00
  0.2574829E+01  0.1804135E+00  0.3830000E+01  0.5000000E+01  0.1000000E+01  0.1000000E+00
  0.2574963E+01  0.1806179E+00  0.3825000E+01  0.5000000E+01  0.1000000E+01  0.1000000E+00
  0.2575099E+01  0.1808228E+00  0.3820000E+01  0.5000000E+01  0.1000000E+01  0.1000000E+00
  0.2575235E+01  0.1810282E+00  0.3815000E+01  0.5000000E+01  0.1000000E+01  0.1000000E+00
  0.2575371E+01  0.1812340E+00  0.3810000E+01  0.5000000E+01  0.1000000E+01  0.1000000E+00
  0.2575509E+01  0.1814403E+00  0.3805000E+01  0.5000000E+01  0.1000000E+01  0.1000000E+00
  0.2575646E+01  0.1816471E+00  0.3800000E+01  0.5000000E+01  0.1000000E+01  0.1000000E+00
  0.2575784E+01  0.1818543E+00  0.3795000E+01  0.5000000E+01  0.1000000E+01  0.1000000E+00
  0.2575923E+01  0.1820620E+00  0.3790000E+01  0.5000000E+01  0.1000000E+01  0.1000000E+00
  0.2576062E+01  0.1822702E+00  0.3785000E+01  0.5000000E+01  0.1000000E+01  0.1000000E+00
  0.2576202E+01  0.1824789E+00  0.3780000E+01  0.5000000E+01  0.1000000E+01  0.1000000E+00
  0.2576342E+01  0.1826880E+00  0.3775000E+01  0.5000000E+01  0.1000000E+01  0.1000000E+00
  0.2576483E+01  0.1828976E+00  0.3770000E+01  0.5000000E+01  0.1000000E+01  0.1000000E+00
  0.2576624E+01  0.1831077E+00  0.3765000E+01  0.5000000E+01  0.1000000E+01  0.1000000E+00
  0.2576766E+01  0.1833183E+00  0.3760000E+01  0.5000000E+01  0.1000000E+01  0.1000000E+00
  0.2576908E+01  0.1835293E+00  0.3755000E+01  0.5000000E+01  0.1000000E+01  0.1000000E+00
  0.2577051E+01  0.1837408E+00  0.3750000E+01  0.5000000E+01  0.1000000E+01  0.1000000E+00
  0.2577195E+01  0.1839528E+00  0.3745000E+01  0.5000000E+01  0.1000000E+01  0.1000000E+00
  0.2577339E+01  0.1841653E+00  0.3740000E+01  0.5000000E+01  0.1000000E+01  0.1000000E+00
  0.2577483E+01  0.1843783E+00  0.3735000E+01  0.5000000E+01  0.1000000E+01  0.1000000E+00
  0.2577629E+01  0.1845917E+00  0.3730000E+01  0.5000000E+01  0.1000000E+01  0.1000000E+00
  0.2577774E+01  0.1848057E+00  0.3725000E+01  0.5000000E+01  0.1000000E+01  0.1000000E+00
  0.2577921E+01  0.1850201E+00  0.3720000E+01  0.5000000E+01  0.1000000E+01  0.1000000E+00
  0.2578068E+01  0.1852351E+00  0.3715000E+01  0.5000000E+01  0.1000000E+01  0.1000000E+00
  0.2578215E+01  0.1854505E+00  0.3710000E+01  0.5000000E+01  0.1000000E+01  0.1000000E+00
  0.2578363E+01  0.1856664E+00  0.3705000E+01  0.5000000E+01  0.1000000E+01  0.1000000E+00
  0.2578512E+01  0.1858828E+00  0.3700000E+01  0.5000000E+01  0.1000000E+01  0.1000000E+00
  0.2578661E+01  0.1860997E+00  0.3695000E+01  0.5000000E+01  0.1000000E+01  0.1000000E+00
  0.2578811E+01  0.1863171E+00  0.3690000E+01  0.5000000E+01  0.1000000E+01  0.1000000E+00
  0.2578961E+01  0.1865349E+00  0.3685000E+01  0.5000000E+01  0.1000000E+01  0.1000000E+00
  0.2579112E+01  0.1867533E+00  0.3680000E+01  0.5000000E+01  0.1000000E+01  0.1000000E+00
  0.2579264E+01  0.1869722E+00  0.3675000E+01  0.5000000E+01  0.1000000E+01  0.1000000E+00
  0.2579416E+01  0.1871916E+00  0.3670000E+01  0.5000000E+01  0.1000000E+01  0.1000000E+00
  0.2579569E+01  0.1874115E+00  0.3665000E+01  0.5000000E+01  0.1000000E+01  0.1000000E+00
  0.2579722E+01  0.1876319E+00  0.3660000E+01  0.5000000E+01  0.1000000E+01  0.1000000E+00
  0.2579877E+01  0.1878528E+00  0.3655000E+01  0.5000000E+01  0.1000000E+01  0.1000000E+00
  0.2580031E+01  0.1880742E+00  0.3650000E+01  0.5000000E+01  0.1000000E+01  0.1000000E+00
  0.2580186E+01  0.1882961E+00  0.3645000E+01  0.5000000E+01  0.1000000E+01  0.1000000E+00
  0.2580342E+01  0.1885185E+00  0.3640000E+01  0.5000000E+01  0.1000000E+01  0.1000000E+00
  0.2580499E+01  0.1887414E+00  0.3635000E+01  0.5000000E+01  0.1000000E+01  0.1000000E+00
  0.2580656E+01  0.1889648E+00  0.3630000E+01  0.5000000E+01  0.1000000E+01  0.1000000E+00
  0.2580814E+01  0.1891888E+00  0.3625000E+01  0.5000000E+01  0.1000000E+01  0.1000000E+00
  0.2580972E+01  0.1894132E+00  0.3620000E+01  0.5000000E+01  0.1000000E+01  0.1000000E+00
  0.2581131E+01  0.1896382E+00  0.3615000E+01  0.5000000E+01  0.1000000E+01  0.1000000E+00
  0.2581291E+01  0.1898637E+00  0.3610000E+01  0.5000000E+01  0.1000000E+01  0.1000000E+00
  0.2581451E+01  0.1900897E+00  0.3605000E+01  0.5000000E+01  0.1000000E+01  0.1000000E+00
  0.2581612E+01  0.1903162E+00  0.3600000E+01  0.5000000E+01  0.1000000E+01  0.1000000E+00
  0.2581774E+01  0.1905432E+00  0.3595000E+01  0.5000000E+01  0.1000000E+01  0.1000000E+00
  0.2581936E+01  0.1907708E+00  0.3590000E+01  0.5000000E+01  0.1000000E+01  0.1000000E+00
  0.2582099E+01  0.1909988E+00  0.3585000E+01  0.5000000E+01  0.1000000E+01  0.1000000E+00
  0.2582263E+01  0.1912274E+00  0.3580000E+01  0.5000000E+01  0.1000000E+01  0.1000000E+00
  0.2582427E+01  0.1914566E+00  0.3575000E+01  0.5000000E+01  0.1000000E+01  0.1000000E+00
  0.2582592E+01  0.1916862E+00  0.3570000E+01  0.5000000E+01  0.1000000E+01  0.1000000E+00
  0.2582758E+01  0.1919164E+00  0.3565000E+01  0.5000000E+01  0.1000000E+01  0.1000000E+00
  0.2582924E+01  0.1921471E+00  0.3560000E+01  0.5000000E+01  0.1000000E+01  0.1000000E+00
  0.2583091E+01  0.1923783E+00  0.3555000E+01  0.5000000E+01  0.1000000E+01  0.1000000E+00
  0.2583259E+01  0.1926100E+00  0.3550000E+01  0.5000000E+01  0.1000000E+01  0.1000000E+00
  0.2583427E+01  0.1928423E+00  0.3545000E+01  0.5000000E+01  0.1000000E+01  0.1000000E+00
  0.2583596E+01  0.1930751E+00  0.3540000E+01  0.5000000E+01  0.1000000E+01  0.1000000E+00
  0.2583766E+01  0.1933085E+00  0.3535000E+01  0.5000000E+01  0.1000000E+01  0.1000000E+00
  0.2583937E+01  0.1935424E+00  0.3530000E+01  0.5000000E+01  0.1000000E+01  0.1000000E+00
  0.2584108E+01  0.1937768E+00  0.3525000E+01  0.5000000E+01  0.1000000E+01  0.1000000E+00
  0.2584280E+01  0.1940117E+00  0.3520000E+01  0.5000000E+01  0.1000000E+01  0.1000000E+00
  0.2584452E+01  0.1942472E+00  0.3515000E+01  0.5000000E+01  0.1000000E+01  0.1000000E+00
  0.2584625E+01  0.1944833E+00  0.3510000E+01  0.5000000E+01  0.1000000E+01  0.1000000E+00
  0.2584799E+01  0.1947198E+00  0.3505000E+01  0.5000000E+01  0.1000000E+01  0.1000000E+00
  0.2584974E+01  0.1949569E+00  0.3500000E+01  0.5000000E+01  0.1000000E+01  0.1000000E+00
  0.2585150E+01  0.1951946E+00  0.3495000E+01  0.5000000E+01  0.1000000E+01  0.1000000E+00
  0.2585326E+01  0.1954328E+00  0.3490000E+01  0.5000000E+01  0.1000000E+01  0.1000000E+00
  0.2585503E+01  0.1956715E+00  0.3485000E+01  0.5000000E+01  0.1000000E+01  0.1000000E+00
  0.2585680E+01  0.1959108E+00  0.3480000E+01  0.5000000E+01  0.1000000E+01  0.1000000E+00
  0.2585859E+01  0.1961506E+00  0.3475000E+01  0.5000000E+01  0.1000000E+01  0.1000000E+00
  0.2586038E+01  0.1963910E+00  0.3470000E+01  0.5000000E+01  0.1000000E+01  0.1000000E+00
  0.2586218E+01  0.1966320E+00  0.3465000E+01  0.5000000E+01  0.1000000E+01  0.1000000E+00
  0.2586399E+01  0.1968734E+00  0.3460000E+01  0.5000000E+01  0.1000000E+01  0.1000000E+00
  0.2586580E+01  0.1971155E+00  0.3455000E+01  0.5000000E+01  0.1000000E+01  0.1000000E+00
  0.2586762E+01  0.1973580E+00  0.3450000E+01  0.5000000E+01  0.1000000E+01  0.1000000E+00
  0.2586945E+01  0.1976012E+00  0.3445000E+01  0.5000000E+01  0.1000000E+01  0.1000000E+00
  0.2587129E+01  0.1978449E+00  0.3440000E+01  0.5000000E+01  0.1000000E+01  0.1000000E+00
  0.2587314E+01  0.1980891E+00  0.3435000E+01  0.5000000E+01  0.1000000E+01  0.1000000E+00
  0.2587499E+01  0.1983339E+00  0.3430000E+01  0.5000000E+01  0.1000000E+01  0.1000000E+00
  0.2587685E+01  0.1985793E+00  0.3425000E+01  0.5000000E+01  0.1000000E+01  0.1000000E+00
  0.2587872E+01  0.1988252E+00  0.3420000E+01  0.5000000E+01  0.1000000E+01  0.1000000E+00
  0.2588059E+01  0.1990717E+00  0.3415000E+01  0.5000000E+01  0.1000000E+01  0.1000000E+00
  0.2588248E+01  0.1993187E+00  0.3410000E+01  0.5000000E+01  0.1000000E+01  0.1000000E+00
  0.2588437E+01  0.1995663E+00  0.3405000E+01  0.5000000E+01  0.1000000E+01  0.1000000E+00
  0.2588627E+01  0.1998145E+00  0.3400000E+01  0.5000000E+01  0.1000000E+01  0.1000000E+00
  0.2588818E+01  0.2000632E+00  0.3395000E+01  0.5000000E+01  0.1000000E+01  0.1000000E+00
  0.2589010E+01  0.2003125E+00  0.3390000E+01  0.5000000E+01  0.1000000E+01  0.1000000E+00
  0.2589202E+01  0.2005624E+00  0.3385000E+01  0.5000000E+01  0.1000000E+01  0.1000000E+00
  0.2589396E+01  0.2008128E+00  0.3380000E+01  0.5000000E+01  0.1000000E+01  0.1000000E+00
  0.2589590E+01  0.2010638E+00  0.3375000E+01  0.5000000E+01  0.1000000E+01  0.1000000E+00
  0.2589785E+01  0.2013154E+00  0.3370000E+01  0.5000000E+01  0.1000000E+01  0.1000000E+00
  0.2589981E+01  0.2015675E+00  0.3365000E+01  0.5000000E+01  0.1000000E+01  0.1000000E+00
  0.2590177E+01  0.2018202E+00  0.3360000E+01  0.5000000E+01  0.1000000E+01  0.1000000E+00
  0.2590375E+01  0.2020735E+00  0.3355000E+01  0.5000000E+01  0.1000000E+01  0.1000000E+00
  0.2590573E+01  0.2023274E+00  0.3350000E+01  0.5000000E+01  0.1000000E+01  0.1000000E+00
  0.2590773E+01  0.2025818E+00  0.3345000E+01  0.5000000E+01  0.1000000E+01  0.1000000E+00
  0.2590973E+01  0.2028368E+00  0.3340000E+01  0.5000000E+01  0.1000000E+01  0.1000000E+00
  0.2591174E+01  0.2030924E+00  0.3335000E+01  0.5000000E+01  0.1000000E+01  0.1000000E+00
  0.2591376E+01  0.2033486E+00  0.3330000E+01  0.5000000E+01  0.1000000E+01  0.1000000E+00
  0.2591578E+01  0.2036053E+00  0.3325000E+01  0.5000000E+01  0.1000000E+01  0.1000000E+00
  0.2591782E+01  0.2038627E+00  0.3320000E+01  0.5000000E+01  0.1000000E+01  0.1000000E+00
  0.2591987E+01  0.2041206E+00  0.3315000E+01  0.5000000E+01  0.1000000E+01  0.1000000E+00
  0.2592192E+01  0.2043790E+00  0.3310000E+01  0.5000000E+01  0.1000000E+01  0.1000000E+00
  0.2592398E+01  0.2046381E+00  0.3305000E+01  0.5000000E+01  0.1000000E+01  0.1000000E+00
  0.2592606E+01  0.2048978E+00  0.3300000E+01  0.5000000E+01  0.1000000E+01  0.1000000E+00
  0.2592814E+01  0.2051580E+00  0.3295000E+01  0.5000000E+01  0.1000000E+01  0.1000000E+00
  0.2593023E+01  0.2054188E+00  0.3290000E+01  0.5000000E+01  0.1000000E+01  0.1000000E+00
  0.2593233E+01  0.2056803E+00  0.3285000E+01  0.5000000E+01  0.1000000E+01  0.1000000E+00
  0.2593444E+01  0.2059423E+00  0.3280000E+01  0.5000000E+01  0.1000000E+01  0.1000000E+00
  0.2593655E+01  0.2062048E+00  0.3275000E+01  0.5000000E+01  0.1000000E+01  0.1000000E+00
  0.2593868E+01  0.2064680E+00  0.3270000E+01  0.5000000E+01  0.1000000E+01  0.1000000E+00
  0.2594082E+01  0.2067318E+00  0.3265000E+01  0.5000000E+01  0.1000000E+01  0.1000000E+00
  0.2594296E+01  0.2069962E+00  0.3260000E+01  0.5000000E+01  0.1000000E+01  0.1000000E+00
  0.2594512E+01  0.2072611E+00  0.3255000E+01  0.5000000E+01  0.1000000E+01  0.1000000E+00
  0.2594729E+01  0.2075267E+00  0.3250000E+01  0.5000000E+01  0.1000000E+01  0.1000000E+00
  0.2594946E+01  0.2077928E+00  0.3245000E+01  0.5000000E+01  0.1000000E+01  0.1000000E+00
  0.2595164E+01  0.2080595E+00  0.3240000E+01  0.5000000E+01  0.1000000E+01  0.1000000E+00
  0.2595384E+01  0.2083269E+00  0.3235000E+01  0.5000000E+01  0.1000000E+01  0.1000000E+00
  0.2595604E+01  0.2085948E+00  0.3230000E+01  0.5000000E+01  0.1000000E+01  0.1000000E+00
  0.2595826E+01  0.2088633E+00  0.3225000E+01  0.5000000E+01  0.1000000E+01  0.1000000E+00
  0.2596048E+01  0.2091324E+00  0.3220000E+01  0.5000000E+01  0.1000000E+01  0.1000000E+00
  0.2596271E+01  0.2094022E+00  0.3215000E+01  0.5000000E+01  0.1000000E+01  0.1000000E+00
  0.2596496E+01  0.2096725E+00  0.3210000E+01  0.5000000E+01  0.1000000E+01  0.1000000E+00
  0.2596721E+01  0.2099434E+00  0.3205000E+01  0.5000000E+01  0.1000000E+01  0.1000000E+00
  0.2596948E+01  0.2102149E+00  0.3200000E+01  0.5000000E+01  0.1000000E+01  0.1000000E+00
  0.2597175E+01  0.2104871E+00  0.3195000E+01  0.5000000E+01  0.1000000E+01  0.1000000E+00
  0.2597403E+01  0.2107598E+00  0.3190000E+01  0.5000000E+01  0.1000000E+01  0.1000000E+00
  0.2597633E+01  0.2110331E+00  0.3185000E+01  0.5000000E+01  0.1000000E+01  0.1000000E+00
  0.2597863E+01  0.2113071E+00  0.3180000E+01  0.5000000E+01  0.1000000E+01  0.1000000E+00
  0.2598095E+01  0.2115816E+00  0.3175000E+01  0.5000000E+01  0.1000000E+01  0.1000000E+00
  0.2598328E+01  0.2118568E+00  0.3170000E+01  0.5000000E+01  0.1000000E+01  0.1000000E+00
  0.2598561E+01  0.2121325E+00  0.3165000E+01  0.5000000E+01  0.1000000E+01  0.1000000E+00
  0.2598796E+01  0.2124089E+00  0.3160000E+01  0.5000000E+01  0.1000000E+01  0.1000000E+00
  0.2599032E+01  0.2126859E+00  0.3155000E+01  0.5000000E+01  0.1000000E+01  0.1000000E+00
  0.2599268E+01  0.2129634E+00  0.3150000E+01  0.5000000E+01  0.1000000E+01  0.1000000E+00
  0.2599506E+01  0.2132416E+00  0.3145000E+01  0.5000000E+01  0.1000000E+01  0.1000000E+00
  0.2599745E+01  0.2135204E+00  0.3140000E+01  0.5000000E+01  0.1000000E+01  0.1000000E+00
  0.2599985E+01  0.2137998E+00  0.3135000E+01  0.5000000E+01  0.1000000E+01  0.1000000E+00
  0.2600227E+01  0.2140799E+00  0.3130000E+01  0.5000000E+01  0.1000000E+01  0.1000000E+00
  0.2600469E+01  0.2143605E+00  0.3125000E+01  0.5000000E+01  0.1000000E+01  0.1000000E+00
  0.2600712E+01  0.2146417E+00  0.3120000E+01  0.5000000E+01  0.1000000E+01  0.1000000E+00
  0.2600957E+01  0.2149236E+00  0.3115000E+01  0.5000000E+01  0.1000000E+01  0.1000000E+00
  0.2601202E+01  0.2152061E+00  0.3110000E+01  0.5000000E+01  0.1000000E+01  0.1000000E+00
  0.2601449E+01  0.2154891E+00  0.3105000E+01  0.5000000E+01  0.1000000E+01  0.1000000E+00
  0.2601697E+01  0.2157728E+00  0.3100000E+01  0.5000000E+01  0.1000000E+01  0.1000000E+00
  0.2601946E+01  0.2160572E+00  0.3095000E+01  0.5000000E+01  0.1000000E+01  0.1000000E+00
  0.2602196E+01  0.2163421E+00  0.3090000E+01  0.5000000E+01  0.1000000E+01  0.1000000E+00
  0.2602448E+01  0.2166276E+00  0.3085000E+01  0.5000000E+01  0.1000000E+01  0.1000000E+00
  0.2602700E+01  0.2169138E+00  0.3080000E+01  0.5000000E+01  0.1000000E+01  0.1000000E+00
  0.2602954E+01  0.2172006E+00  0.3075000E+01  0.5000000E+01  0.1000000E+01  0.1000000E+00
  0.2603209E+01  0.2174880E+00  0.3070000E+01  0.5000000E+01  0.1000000E+01  0.1000000E+00
  0.2603465E+01  0.2177760E+00  0.3065000E+01  0.5000000E+01  0.1000000E+01  0.1000000E+00
  0.2603722E+01  0.2180646E+00  0.3060000E+01  0.5000000E+01  0.1000000E+01  0.1000000E+00
  0.2603980E+01  0.2183539E+00  0.3055000E+01  0.5000000E+01  0.1000000E+01  0.1000000E+00
  0.2604240E+01  0.2186437E+00  0.3050000E+01  0.5000000E+01  0.1000000E+01  0.1000000E+00
  0.2604501E+01  0.2189342E+00  0.3045000E+01  0.5000000E+01  0.1000000E+01  0.1000000E+00
  0.2604763E+01  0.2192253E+00  0.3040000E+01  0.5000000E+01  0.1000000E+01  0.1000000E+00
  0.2605026E+01  0.2195170E+00  0.3035000E+01  0.5000000E+01  0.1000000E+01  0.1000000E+00
  0.2605290E+01  0.2198094E+00  0.3030000E+01  0.5000000E+01  0.1000000E+01  0.1000000E+00
  0.2605556E+01  0.2201024E+00  0.3025000E+01  0.5000000E+01  0.1000000E+01  0.1000000E+00
  0.2605823E+01  0.2203959E+00  0.3020000E+01  0.5000000E+01  0.1000000E+01  0.1000000E+00
  0.2606091E+01  0.2206901E+00  0.3015000E+01  0.5000000E+01  0.1000000E+01  0.1000000E+00
  0.2606361E+01  0.2209850E+00  0.3010000E+01  0.5000000E+01  0.1000000E+01  0.1000000E+00
  0.2606631E+01  0.2212804E+00  0.3005000E+01  0.5000000E+01  0.1000000E+01  0.1000000E+00
  0.2606903E+01  0.2215765E+00  0.3000000E+01  0.5000000E+01  0.1000000E+01  0.1000000E+00
  0.2607177E+01  0.2218732E+00  0.2995000E+01  0.5000000E+01  0.1000000E+01  0.1000000E+00
  0.2607451E+01  0.2221705E+00  0.2990000E+01  0.5000000E+01  0.1000000E+01  0.1000000E+00
  0.2607727E+01  0.2224684E+00  0.2985000E+01  0.5000000E+01  0.1000000E+01  0.1000000E+00
  0.2608004E+01  0.2227670E+00  0.2980000E+01  0.5000000E+01  0.1000000E+01  0.1000000E+00
  0.2608283E+01  0.2230661E+00  0.2975000E+01  0.5000000E+01  0.1000000E+01  0.1000000E+00
  0.2608562E+01  0.2233659E+00  0.2970000E+01  0.5000000E+01  0.1000000E+01  0.1000000E+00
  0.2608844E+01  0.2236664E+00  0.2965000E+01  0.5000000E+01  0.1000000E+01  0.1000000E+00
  0.2609126E+01  0.2239674E+00  0.2960000E+01  0.5000000E+01  0.1000000E+01  0.1000000E+00
  0.2609410E+01  0.2242690E+00  0.2955000E+01  0.5000000E+01  0.1000000E+01  0.1000000E+00
  0.2609695E+01  0.2245713E+00  0.2950000E+01  0.5000000E+01  0.1000000E+01  0.1000000E+00
  0.2609981E+01  0.2248742E+00  0.2945000E+01  0.5000000E+01  0.1000000E+01  0.1000000E+00
  0.2610269E+01  0.2251778E+00  0.2940000E+01  0.5000000E+01  0.1000000E+01  0.1000000E+00
  0.2610559E+01  0.2254819E+00  0.2935000E+01  0.5000000E+01  0.1000000E+01  0.1000000E+00
  0.2610849E+01  0.2257867E+00  0.2930000E+01  0.5000000E+01  0.1000000E+01  0.1000000E+00
  0.2611141E+01  0.2260920E+00  0.2925000E+01  0.5000000E+01  0.1000000E+01  0.1000000E+00
  0.2611435E+01  0.2263980E+00  0.2920000E+01  0.5000000E+01  0.1000000E+01  0.1000000E+00
  0.2611729E+01  0.2267047E+00  0.2915000E+01  0.5000000E+01  0.1000000E+01  0.1000000E+00
  0.2612026E+01  0.2270119E+00  0.2910000E+01  0.5000000E+01  0.1000000E+01  0.1000000E+00
  0.2612323E+01  0.2273198E+00  0.2905000E+01  0.5000000E+01  0.1000000E+01  0.1000000E+00
  0.2612622E+01  0.2276282E+00  0.2900000E+01  0.5000000E+01  0.1000000E+01  0.1000000E+00
  0.2612923E+01  0.2279373E+00  0.2895000E+01  0.5000000E+01  0.1000000E+01  0.1000000E+00
  0.2613225E+01  0.2282471E+00  0.2890000E+01  0.5000000E+01  0.1000000E+01  0.1000000E+00
  0.2613528E+01  0.2285574E+00  0.2885000E+01  0.5000000E+01  0.1000000E+01  0.1000000E+00
  0.2613833E+01  0.2288683E+00  0.2880000E+01  0.5000000E+01  0.1000000E+01  0.1000000E+00
  0.2614139E+01  0.2291799E+00  0.2875000E+01  0.5000000E+01  0.1000000E+01  0.1000000E+00
  0.2614447E+01  0.2294921E+00  0.2870000E+01  0.5000000E+01  0.1000000E+01  0.1000000E+00
  0.2614756E+01  0.2298049E+00  0.2865000E+01  0.5000000E+01  0.1000000E+01  0.1000000E+00
  0.2615067E+01  0.2301183E+00  0.2860000E+01  0.5000000E+01  0.1000000E+01  0.1000000E+00
  0.2615380E+01  0.2304323E+00  0.2855000E+01  0.5000000E+01  0.1000000E+01  0.1000000E+00
  0.2615693E+01  0.2307470E+00  0.2850000E+01  0.5000000E+01  0.1000000E+01  0.1000000E+00
  0.2616009E+01  0.2310622E+00  0.2845000E+01  0.5000000E+01  0.1000000E+01  0.1000000E+00
  0.2616326E+01  0.2313781E+00  0.2840000E+01  0.5000000E+01  0.1000000E+01  0.1000000E+00
  0.2616644E+01  0.2316946E+00  0.2835000E+01  0.5000000E+01  0.1000000E+01  0.1000000E+00
  0.2616964E+01  0.2320117E+00  0.2830000E+01  0.5000000E+01  0.1000000E+01  0.1000000E+00
  0.2617286E+01  0.2323294E+00  0.2825000E+01  0.5000000E+01  0.1000000E+01  0.1000000E+00
  0.2617609E+01  0.2326477E+00  0.2820000E+01  0.5000000E+01  0.1000000E+01  0.1000000E+00
  0.2617933E+01  0.2329666E+00  0.2815000E+01  0.5000000E+01  0.1000000E+01  0.1000000E+00
  0.2618260E+01  0.2332861E+00  0.2810000E+01  0.5000000E+01  0.1000000E+01  0.1000000E+00
  0.2618588E+01  0.2336062E+00  0.2805000E+01  0.5000000E+01  0.1000000E+01  0.1000000E+00
  0.2618917E+01  0.2339270E+00  0.2800000E+01  0.5000000E+01  0.1000000E+01  0.1000000E+00
  0.2619248E+01  0.2342483E+00  0.2795000E+01  0.5000000E+01  0.1000000E+01  0.1000000E+00
  0.2619581E+01  0.2345702E+00  0.2790000E+01  0.5000000E+01  0.1000000E+01  0.1000000E+00
  0.2619915E+01  0.2348928E+00  0.2785000E+01  0.5000000E+01  0.1000000E+01  0.1000000E+00
  0.2620251E+01  0.2352159E+00  0.2780000E+01  0.5000000E+01  0.1000000E+01  0.1000000E+00
  0.2620589E+01  0.2355396E+00  0.2775000E+01  0.5000000E+01  0.1000000E+01  0.1000000E+00
  0.2620928E+01  0.2358640E+00  0.2770000E+01  0.5000000E+01  0.1000000E+01  0.1000000E+00
  0.2621269E+01  0.2361889E+00  0.2765000E+01  0.5000000E+01  0.1000000E+01  0.1000000E+00
  0.2621612E+01  0.2365144E+00  0.2760000E+01  0.5000000E+01  0.1000000E+01  0.1000000E+00
  0.2621956E+01  0.2368406E+00  0.2755000E+01  0.5000000E+01  0.1000000E+01  0.1000000E+00
  0.2622302E+01  0.2371673E+00  0.2750000E+01  0.5000000E+01  0.1000000E+01  0.1000000E+00
  0.2622650E+01  0.2374946E+00  0.2745000E+01  0.5000000E+01  0.1000000E+01  0.1000000E+00
  0.2622999E+01  0.2378225E+00  0.2740000E+01  0.5000000E+01  0.1000000E+01  0.1000000E+00
  0.2623351E+01  0.2381510E+00  0.2735000E+01  0.5000000E+01  0.1000000E+01  0.1000000E+00
  0.2623704E+01  0.2384800E+00  0.2730000E+01  0.5000000E+01  0.1000000E+01  0.1000000E+00
  0.2624058E+01  0.2388097E+00  0.2725000E+01  0.5000000E+01  0.1000000E+01  0.1000000E+00
  0.2624415E+01  0.2391399E+00  0.2720000E+01  0.5000000E+01  0.1000000E+01  0.1000000E+00
  0.2624773E+01  0.2394708E+00  0.2715000E+01  0.5000000E+01  0.1000000E+01  0.1000000E+00
  0.2625133E+01  0.2398022E+00  0.2710000E+01  0.5000000E+01  0.1000000E+01  0.1000000E+00
  0.2625495E+01  0.2401341E+00  0.2705000E+01  0.5000000E+01  0.1000000E+01  0.1000000E+00
  0.2625859E+01  0.2404667E+00  0.2700000E+01  0.5000000E+01  0.1000000E+01  0.1000000E+00
  0.2626224E+01  0.2407998E+00  0.2695000E+01  0.5000000E+01  0.1000000E+01  0.1000000E+00
  0.2626591E+01  0.2411335E+00  0.2690000E+01  0.5000000E+01  0.1000000E+01  0.1000000E+00
  0.2626961E+01  0.2414678E+00  0.2685000E+01  0.5000000E+01  0.1000000E+01  0.1000000E+00
  0.2627332E+01  0.2418026E+00  0.2680000E+01  0.5000000E+01  0.1000000E+01  0.1000000E+00
  0.2627704E+01  0.2421380E+00  0.2675000E+01  0.5000000E+01  0.1000000E+01  0.1000000E+00
  0.2628079E+01  0.2424740E+00  0.2670000E+01  0.5000000E+01  0.1000000E+01  0.1000000E+00
  0.2628456E+01  0.2428105E+00  0.2665000E+01  0.5000000E+01  0.1000000E+01  0.1000000E+00
  0.2628834E+01  0.2431476E+00  0.2660000E+01  0.5000000E+01  0.1000000E+01  0.1000000E+00
  0.2629215E+01  0.2434853E+00  0.2655000E+01  0.5000000E+01  0.1000000E+01  0.1000000E+00
  0.2629597E+01  0.2438235E+00  0.2650000E+01  0.5000000E+01  0.1000000E+01  0.1000000E+00
  0.2629981E+01  0.2441622E+00  0.2645000E+01  0.5000000E+01  0.1000000E+01  0.1000000E+00
  0.2630367E+01  0.2445015E+00  0.2640000E+01  0.5000000E+01  0.1000000E+01  0.1000000E+00
  0.2630755E+01  0.2448414E+00  0.2635000E+01  0.5000000E+01  0.1000000E+01  0.1000000E+00
  0.2631145E+01  0.2451817E+00  0.2630000E+01  0.5000000E+01  0.1000000E+01  0.1000000E+00
  0.2631537E+01  0.2455227E+00  0.2625000E+01  0.5000000E+01  0.1000000E+01  0.1000000E+00
  0.2631931E+01  0.2458641E+00  0.2620000E+01  0.5000000E+01  0.1000000E+01  0.1000000E+00
  0.2632327E+01  0.2462061E+00  0.2615000E+01  0.5000000E+01  0.1000000E+01  0.1000000E+00
  0.2632725E+01  0.2465487E+00  0.2610000E+01  0.5000000E+01  0.1000000E+01  0.1000000E+00
  0.2633125E+01  0.2468918E+00  0.2605000E+01  0.5000000E+01  0.1000000E+01  0.1000000E+00
  0.2633527E+01  0.2472354E+00  0.2600000E+01  0.5000000E+01  0.1000000E+01  0.1000000E+00
  0.2633932E+01  0.2475795E+00  0.2595000E+01  0.5000000E+01  0.1000000E+01  0.1000000E+00
  0.2634338E+01  0.2479241E+00  0.2590000E+01  0.5000000E+01  0.1000000E+01  0.1000000E+00
  0.2634746E+01  0.2482693E+00  0.2585000E+01  0.5000000E+01  0.1000000E+01  0.1000000E+00
  0.2635156E+01  0.2486149E+00  0.2580000E+01  0.5000000E+01  0.1000000E+01  0.1000000E+00
  0.2635569E+01  0.2489611E+00  0.2575000E+01  0.5000000E+01  0.1000000E+01  0.1000000E+00
  0.2635983E+01  0.2493078E+00  0.2570000E+01  0.5000000E+01  0.1000000E+01  0.1000000E+00
  0.2636400E+01  0.2496550E+00  0.2565000E+01  0.5000000E+01  0.1000000E+01  0.1000000E+00
  0.2636818E+01  0.2500027E+00  0.2560000E+01  0.5000000E+01  0.1000000E+01  0.1000000E+00
  0.2637239E+01  0.2503509E+00  0.2555000E+01  0.5000000E+01  0.1000000E+01  0.1000000E+00
  0.2637662E+01  0.2506996E+00  0.2550000E+01  0.5000000E+01  0.1000000E+01  0.1000000E+00
  0.2638087E+01  0.2510488E+00  0.2545000E+01  0.5000000E+01  0.1000000E+01  0.1000000E+00
  0.2638515E+01  0.2513984E+00  0.2540000E+01  0.5000000E+01  0.1000000E+01  0.1000000E+00
  0.2638944E+01  0.2517486E+00  0.2535000E+01  0.5000000E+01  0.1000000E+01  0.1000000E+00
  0.2639376E+01  0.2520992E+00  0.2530000E+01  0.5000000E+01  0.1000000E+01  0.1000000E+00
  0.2639810E+01  0.2524503E+00  0.2525000E+01  0.5000000E+01  0.1000000E+01  0.1000000E+00
  0.2640246E+01  0.2528019E+00  0.2520000E+01  0.5000000E+01  0.1000000E+01  0.1000000E+00
  0.2640684E+01  0.2531539E+00  0.2515000E+01  0.5000000E+01  0.1000000E+01  0.1000000E+00
  0.2641125E+01  0.2535064E+00  0.2510000E+01  0.5000000E+01  0.1000000E+01  0.1000000E+00
  0.2641568E+01  0.2538593E+00  0.2505000E+01  0.5000000E+01  0.1000000E+01  0.1000000E+00
  0.2642013E+01  0.2542127E+00  0.2500000E+01  0.5000000E+01  0.1000000E+01  0.1000000E+00
  0.2642461E+01  0.2545666E+00  0.2495000E+01  0.5000000E+01  0.1000000E+01  0.1000000E+00
  0.2642910E+01  0.2549209E+00  0.2490000E+01  0.5000000E+01  0.1000000E+01  0.1000000E+00
  0.2643363E+01  0.2552756E+00  0.2485000E+01  0.5000000E+01  0.1000000E+01  0.1000000E+00
  0.2643817E+01  0.2556308E+00  0.2480000E+01  0.5000000E+01  0.1000000E+01  0.1000000E+00
  0.2644274E+01  0.2559864E+00  0.2475000E+01  0.5000000E+01  0.1000000E+01  0.1000000E+00
  0.2644733E+01  0.2563424E+00  0.2470000E+01  0.5000000E+01  0.1000000E+01  0.1000000E+00
  0.2645194E+01  0.2566988E+00  0.2465000E+01  0.5000000E+01  0.1000000E+01  0.1000000E+00
  0.2645658E+01  0.2570557E+00  0.2460000E+01  0.5000000E+01  0.1000000E+01  0.1000000E+00
  0.2646125E+01  0.2574130E+00  0.2455000E+01  0.5000000E+01  0.1000000E+01  0.1000000E+00
  0.2646593E+01  0.2577706E+00  0.2450000E+01  0.5000000E+01  0.1000000E+01  0.1000000E+00
  0.2647064E+01  0.2581287E+00  0.2445000E+01  0.5000000E+01  0.1000000E+01  0.1000000E+00
  0.2647538E+01  0.2584872E+00  0.2440000E+01  0.5000000E+01  0.1000000E+01  0.1000000E+00
  0.2648014E+01  0.2588460E+00  0.2435000E+01  0.5000000E+01  0.1000000E+01  0.1000000E+00
  0.2648493E+01  0.2592052E+00  0.2430000E+01  0.5000000E+01  0.1000000E+01  0.1000000E+00
  0.2648974E+01  0.2595649E+00  0.2425000E+01  0.5000000E+01  0.1000000E+01  0.1000000E+00
  0.2649457E+01  0.2599248E+00  0.2420000E+01  0.5000000E+01  0.1000000E+01  0.1000000E+00
  0.2649943E+01  0.2602852E+00  0.2415000E+01  0.5000000E+01  0.1000000E+01  0.1000000E+00
  0.2650432E+01  0.2606459E+00  0.2410000E+01  0.5000000E+01  0.1000000E+01  0.1000000E+00
  0.2650923E+01  0.2610069E+00  0.2405000E+01  0.5000000E+01  0.1000000E+01  0.1000000E+00
  0.2651416E+01  0.2613683E+00  0.2400000E+01  0.5000000E+01  0.1000000E+01  0.1000000E+00
  0.2651913E+01  0.2617301E+00  0.2395000E+01  0.5000000E+01  0.1000000E+01  0.1000000E+00
  0.2652411E+01  0.2620921E+00  0.2390000E+01  0.5000000E+01  0.1000000E+01  0.1000000E+00
  0.2652913E+01  0.2624545E+00  0.2385000E+01  0.5000000E+01  0.1000000E+01  0.1000000E+00
  0.2653417E+01  0.2628173E+00  0.2380000E+01  0.5000000E+01  0.1000000E+01  0.1000000E+00
  0.2653923E+01  0.2631803E+00  0.2375000E+01  0.5000000E+01  0.1000000E+01  0.1000000E+00
  0.2654433E+01  0.2635436E+00  0.2370000E+01  0.5000000E+01  0.1000000E+01  0.1000000E+00
  0.2654945E+01  0.2639073E+00  0.2365000E+01  0.5000000E+01  0.1000000E+01  0.1000000E+00
  0.2655459E+01  0.2642712E+00  0.2360000E+01  0.5000000E+01  0.1000000E+01  0.1000000E+00
  0.2655976E+01  0.2646354E+00  0.2355000E+01  0.5000000E+01  0.1000000E+01  0.1000000E+00
  0.2656496E+01  0.2649999E+00  0.2350000E+01  0.5000000E+01  0.1000000E+01  0.1000000E+00
  0.2657019E+01  0.2653647E+00  0.2345000E+01  0.5000000E+01  0.1000000E+01  0.1000000E+00
  0.2657545E+01  0.2657297E+00  0.2340000E+01  0.5000000E+01  0.1000000E+01  0.1000000E+00
  0.2658073E+01  0.2660950E+00  0.2335000E+01  0.5000000E+01  0.1000000E+01  0.1000000E+00
  0.2658604E+01  0.2664605E+00  0.2330000E+01  0.5000000E+01  0.1000000E+01  0.1000000E+00
  0.2659138E+01  0.2668263E+00  0.2325000E+01  0.5000000E+01  0.1000000E+01  0.1000000E+00
  0.2659674E+01  0.2671923E+00  0.2320000E+01  0.5000000E+01  0.1000000E+01  0.1000000E+00
  0.2660214E+01  0.2675585E+00  0.2315000E+01  0.5000000E+01  0.1000000E+01  0.1000000E+00
  0.2660756E+01  0.2679250E+00  0.2310000E+01  0.5000000E+01  0.1000000E+01  0.1000000E+00
  0.2661301E+01  0.2682916E+00  0.2305000E+01  0.5000000E+01  0.1000000E+01  0.1000000E+00
  0.2661849E+01  0.2686584E+00  0.2300000E+01  0.5000000E+01  0.1000000E+01  0.1000000E+00
  0.2662400E+01  0.2690255E+00  0.2295000E+01  0.5000000E+01  0.1000000E+01  0.1000000E+00
  0.2662954E+01  0.2693927E+00  0.2290000E+01  0.5000000E+01  0.1000000E+01  0.1000000E+00
  0.2663510E+01  0.2697601E+00  0.2285000E+01  0.5000000E+01  0.1000000E+01  0.1000000E+00
  0.2664070E+01  0.2701276E+00  0.2280000E+01  0.5000000E+01  0.1000000E+01  0.1000000E+00
  0.2664632E+01  0.2704953E+00  0.2275000E+01  0.5000000E+01  0.1000000E+01  0.1000000E+00
  0.2665198E+01  0.2708632E+00  0.2270000E+01  0.5000000E+01  0.1000000E+01  0.1000000E+00
  0.2665766E+01  0.2712312E+00  0.2265000E+01  0.5000000E+01  0.1000000E+01  0.1000000E+00
  0.2666338E+01  0.2715993E+00  0.2260000E+01  0.5000000E+01  0.1000000E+01  0.1000000E+00
  0.2666912E+01  0.2719675E+00  0.2255000E+01  0.5000000E+01  0.1000000E+01  0.1000000E+00
  0.2667490E+01  0.2723358E+00  0.2250000E+01  0.5000000E+01  0.1000000E+01  0.1000000E+00
  0.2668070E+01  0.2727043E+00  0.2245000E+01  0.5000000E+01  0.1000000E+01  0.1000000E+00
  0.2668654E+01  0.2730728E+00  0.2240000E+01  0.5000000E+01  0.1000000E+01  0.1000000E+00
  0.2669241E+01  0.2734414E+00  0.2235000E+01  0.5000000E+01  0.1000000E+01  0.1000000E+00
  0.2669830E+01  0.2738100E+00  0.2230000E+01  0.5000000E+01  0.1000000E+01  0.1000000E+00
  0.2670423E+01  0.2741787E+00  0.2225000E+01  0.5000000E+01  0.1000000E+01  0.1000000E+00
  0.2671019E+01  0.2745475E+00  0.2220000E+01  0.5000000E+01  0.1000000E+01  0.1000000E+00
  0.2671619E+01  0.2749162E+00  0.2215000E+01  0.5000000E+01  0.1000000E+01  0.1000000E+00
  0.2672221E+01  0.2752850E+00  0.2210000E+01  0.5000000E+01  0.1000000E+01  0.1000000E+00
  0.2672827E+01  0.2756539E+00  0.2205000E+01  0.5000000E+01  0.1000000E+01  0.1000000E+00
  0.2673435E+01  0.2760227E+00  0.2200000E+01  0.5000000E+01  0.1000000E+01  0.1000000E+00
  0.2674047E+01  0.2763915E+00  0.2195000E+01  0.5000000E+01  0.1000000E+01  0.1000000E+00
  0.2674663E+01  0.2767602E+00  0.2190000E+01  0.5000000E+01  0.1000000E+01  0.1000000E+00
  0.2675281E+01  0.2771290E+00  0.2185000E+01  0.5000000E+01  0.1000000E+01  0.1000000E+00
  0.2675903E+01  0.2774977E+00  0.2180000E+01  0.5000000E+01  0.1000000E+01  0.1000000E+00
  0.2676528E+01  0.2778663E+00  0.2175000E+01  0.5000000E+01  0.1000000E+01  0.1000000E+00
  0.2677156E+01  0.2782348E+00  0.2170000E+01  0.5000000E+01  0.1000000E+01  0.1000000E+00
  0.2677788E+01  0.2786033E+00  0.2165000E+01  0.5000000E+01  0.1000000E+01  0.1000000E+00
  0.2678423E+01  0.2789717E+00  0.2160000E+01  0.5000000E+01  0.1000000E+01  0.1000000E+00
  0.2679062E+01  0.2793399E+00  0.2155000E+01  0.5000000E+01  0.1000000E+01  0.1000000E+00
  0.2679704E+01  0.2797080E+00  0.2150000E+01  0.5000000E+01  0.1000000E+01  0.1000000E+00
  0.2680349E+01  0.2800760E+00  0.2145000E+01  0.5000000E+01  0.1000000E+01  0.1000000E+00
  0.2680998E+01  0.2804439E+00  0.2140000E+01  0.5000000E+01  0.1000000E+01  0.1000000E+00
  0.2681650E+01  0.2808115E+00  0.2135000E+01  0.5000000E+01  0.1000000E+01  0.1000000E+00
  0.2682305E+01  0.2811790E+00  0.2130000E+01  0.5000000E+01  0.1000000E+01  0.1000000E+00
  0.2682964E+01  0.2815463E+00  0.2125000E+01  0.5000000E+01  0.1000000E+01  0.1000000E+00
  0.2683627E+01  0.2819134E+00  0.2120000E+01  0.5000000E+01  0.1000000E+01  0.1000000E+00
  0.2684293E+01  0.2822802E+00  0.2115000E+01  0.5000000E+01  0.1000000E+01  0.1000000E+00
  0.2684963E+01  0.2826469E+00  0.2110000E+01  0.5000000E+01  0.1000000E+01  0.1000000E+00
  0.2685636E+01  0.2830132E+00  0.2105000E+01  0.5000000E+01  0.1000000E+01  0.1000000E+00
  0.2686313E+01  0.2833793E+00  0.2100000E+01  0.5000000E+01  0.1000000E+01  0.1000000E+00
  0.2686993E+01  0.2837452E+00  0.2095000E+01  0.5000000E+01  0.1000000E+01  0.1000000E+00
  0.2687677E+01  0.2841107E+00  0.2090000E+01  0.5000000E+01  0.1000000E+01  0.1000000E+00
  0.2688365E+01  0.2844759E+00  0.2085000E+01  0.5000000E+01  0.1000000E+01  0.1000000E+00
  0.2689056E+01  0.2848408E+00  0.2080000E+01  0.5000000E+01  0.1000000E+01  0.1000000E+00
  0.2689751E+01  0.2852053E+00  0.2075000E+01  0.5000000E+01  0.1000000E+01  0.1000000E+00
  0.2690450E+01  0.2855695E+00  0.2070000E+01  0.5000000E+01  0.1000000E+01  0.1000000E+00
  0.2691152E+01  0.2859332E+00  0.2065000E+01  0.5000000E+01  0.1000000E+01  0.1000000E+00
  0.2691858E+01  0.2862966E+00  0.2060000E+01  0.5000000E+01  0.1000000E+01  0.1000000E+00
  0.2692568E+01  0.2866596E+00  0.2055000E+01  0.5000000E+01  0.1000000E+01  0.1000000E+00
  0.2693282E+01  0.2870222E+00  0.2050000E+01  0.5000000E+01  0.1000000E+01  0.1000000E+00
  0.2694000E+01  0.2873842E+00  0.2045000E+01  0.5000000E+01  0.1000000E+01  0.1000000E+00
  0.2694721E+01  0.2877459E+00  0.2040000E+01  0.5000000E+01  0.1000000E+01  0.1000000E+00
  0.2695446E+01  0.2881070E+00  0.2035000E+01  0.5000000E+01  0.1000000E+01  0.1000000E+00
  0.2696175E+01  0.2884676E+00  0.2030000E+01  0.5000000E+01  0.1000000E+01  0.1000000E+00
  0.2696908E+01  0.2888278E+00  0.2025000E+01  0.5000000E+01  0.1000000E+01  0.1000000E+00
  0.2697645E+01  0.2891873E+00  0.2020000E+01  0.5000000E+01  0.1000000E+01  0.1000000E+00
  0.2698386E+01  0.2895464E+00  0.2015000E+01  0.5000000E+01  0.1000000E+01  0.1000000E+00
  0.2699130E+01  0.2899048E+00  0.2010000E+01  0.5000000E+01  0.1000000E+01  0.1000000E+00
  0.2699879E+01  0.2902626E+00  0.2005000E+01  0.5000000E+01  0.1000000E+01  0.1000000E+00
  0.2700632E+01  0.2906198E+00  0.2000000E+01  0.5000000E+01  0.1000000E+01  0.1000000E+00
  0.2701388E+01  0.2909764E+00  0.1995000E+01  0.5000000E+01  0.1000000E+01  0.1000000E+00
  0.2702149E+01  0.2913323E+00  0.1990000E+01  0.5000000E+01  0.1000000E+01  0.1000000E+00
  0.2702914E+01  0.2916876E+00  0.1985000E+01  0.5000000E+01  0.1000000E+01  0.1000000E+00
  0.2703683E+01  0.2920421E+00  0.1980000E+01  0.5000000E+01  0.1000000E+01  0.1000000E+00
  0.2704456E+01  0.2923959E+00  0.1975000E+01  0.5000000E+01  0.1000000E+01  0.1000000E+00
  0.2705233E+01  0.2927490E+00  0.1970000E+01  0.5000000E+01  0.1000000E+01  0.1000000E+00
  0.2706014E+01  0.2931013E+00  0.1965000E+01  0.5000000E+01  0.1000000E+01  0.1000000E+00
  0.2706799E+01  0.2934528E+00  0.1960000E+01  0.5000000E+01  0.1000000E+01  0.1000000E+00
  0.2707589E+01  0.2938035E+00  0.1955000E+01  0.5000000E+01  0.1000000E+01  0.1000000E+00
  0.2708382E+01  0.2941534E+00  0.1950000E+01  0.5000000E+01  0.1000000E+01  0.1000000E+00
  0.2709180E+01  0.2945024E+00  0.1945000E+01  0.5000000E+01  0.1000000E+01  0.1000000E+00
  0.2709982E+01  0.2948505E+00  0.1940000E+01  0.5000000E+01  0.1000000E+01  0.1000000E+00
  0.2710789E+01  0.2951978E+00  0.1935000E+01  0.5000000E+01  0.1000000E+01  0.1000000E+00
  0.2711600E+01  0.2955441E+00  0.1930000E+01  0.5000000E+01  0.1000000E+01  0.1000000E+00
  0.2712415E+01  0.2958894E+00  0.1925000E+01  0.5000000E+01  0.1000000E+01  0.1000000E+00
  0.2713234E+01  0.2962338E+00  0.1920000E+01  0.5000000E+01  0.1000000E+01  0.1000000E+00
  0.2714058E+01  0.2965772E+00  0.1915000E+01  0.5000000E+01  0.1000000E+01  0.1000000E+00
  0.2714886E+01  0.2969195E+00  0.1910000E+01  0.5000000E+01  0.1000000E+01  0.1000000E+00
  0.2715719E+01  0.2972608E+00  0.1905000E+01  0.5000000E+01  0.1000000E+01  0.1000000E+00
  0.2716556E+01  0.2976010E+00  0.1900000E+01  0.5000000E+01  0.1000000E+01  0.1000000E+00
  0.2717397E+01  0.2979401E+00  0.1895000E+01  0.5000000E+01  0.1000000E+01  0.1000000E+00
  0.2718243E+01  0.2982781E+00  0.1890000E+01  0.5000000E+01  0.1000000E+01  0.1000000E+00
  0.2719093E+01  0.2986149E+00  0.1885000E+01  0.5000000E+01  0.1000000E+01  0.1000000E+00
  0.2719948E+01  0.2989506E+00  0.1880000E+01  0.5000000E+01  0.1000000E+01  0.1000000E+00
  0.2720808E+01  0.2992850E+00  0.1875000E+01  0.5000000E+01  0.1000000E+01  0.1000000E+00
  0.2721672E+01  0.2996181E+00  0.1870000E+01  0.5000000E+01  0.1000000E+01  0.1000000E+00
  0.2722540E+01  0.2999500E+00  0.1865000E+01  0.5000000E+01  0.1000000E+01  0.1000000E+00
  0.2723414E+01  0.3002807E+00  0.1860000E+01  0.5000000E+01  0.1000000E+01  0.1000000E+00
  0.2724292E+01  0.3006099E+00  0.1855000E+01  0.5000000E+01  0.1000000E+01  0.1000000E+00
  0.2725174E+01  0.3009378E+00  0.1850000E+01  0.5000000E+01  0.1000000E+01  0.1000000E+00
  0.2726061E+01  0.3012644E+00  0.1845000E+01  0.5000000E+01  0.1000000E+01  0.1000000E+00
  0.2726953E+01  0.3015895E+00  0.1840000E+01  0.5000000E+01  0.1000000E+01  0.1000000E+00
  0.2727850E+01  0.3019131E+00  0.1835000E+01  0.5000000E+01  0.1000000E+01  0.1000000E+00
  0.2728751E+01  0.3022353E+00  0.1830000E+01  0.5000000E+01  0.1000000E+01  0.1000000E+00
  0.2729657E+01  0.3025559E+00  0.1825000E+01  0.5000000E+01  0.1000000E+01  0.1000000E+00
  0.2730568E+01  0.3028750E+00  0.1820000E+01  0.5000000E+01  0.1000000E+01  0.1000000E+00
  0.2731484E+01  0.3031926E+00  0.1815000E+01  0.5000000E+01  0.1000000E+01  0.1000000E+00
  0.2732405E+01  0.3035085E+00  0.1810000E+01  0.5000000E+01  0.1000000E+01  0.1000000E+00
  0.2733330E+01  0.3038228E+00  0.1805000E+01  0.5000000E+01  0.1000000E+01  0.1000000E+00
  0.2734261E+01  0.3041353E+00  0.1800000E+01  0.5000000E+01  0.1000000E+01  0.1000000E+00
  0.2735196E+01  0.3044462E+00  0.1795000E+01  0.5000000E+01  0.1000000E+01  0.1000000E+00
  0.2736136E+01  0.3047553E+00  0.1790000E+01  0.5000000E+01  0.1000000E+01  0.1000000E+00
  0.2737081E+01  0.3050627E+00  0.1785000E+01  0.5000000E+01  0.1000000E+01  0.1000000E+00
  0.2738031E+01  0.3053682E+00  0.1780000E+01  0.5000000E+01  0.1000000E+01  0.1000000E+00
  0.2738987E+01  0.3056718E+00  0.1775000E+01  0.5000000E+01  0.1000000E+01  0.1000000E+00
  0.2739947E+01  0.3059736E+00  0.1770000E+01  0.5000000E+01  0.1000000E+01  0.1000000E+00
  0.2740912E+01  0.3062734E+00  0.1765000E+01  0.5000000E+01  0.1000000E+01  0.1000000E+00
  0.2741882E+01  0.3065713E+00  0.1760000E+01  0.5000000E+01  0.1000000E+01  0.1000000E+00
  0.2742858E+01  0.3068672E+00  0.1755000E+01  0.5000000E+01  0.1000000E+01  0.1000000E+00
  0.2743838E+01  0.3071610E+00  0.1750000E+01  0.5000000E+01  0.1000000E+01  0.1000000E+00
  0.2744824E+01  0.3074527E+00  0.1745000E+01  0.5000000E+01  0.1000000E+01  0.1000000E+00
  0.2745815E+01  0.3077423E+00  0.1740000E+01  0.5000000E+01  0.1000000E+01  0.1000000E+00
  0.2746811E+01  0.3080297E+00  0.1735000E+01  0.5000000E+01  0.1000000E+01  0.1000000E+00
  0.2747812E+01  0.3083149E+00  0.1730000E+01  0.5000000E+01  0.1000000E+01  0.1000000E+00
  0.2748819E+01  0.3085979E+00  0.1725000E+01  0.5000000E+01  0.1000000E+01  0.1000000E+00
  0.2749831E+01  0.3088785E+00  0.1720000E+01  0.5000000E+01  0.1000000E+01  0.1000000E+00
  0.2750848E+01  0.3091569E+00  0.1715000E+01  0.5000000E+01  0.1000000E+01  0.1000000E+00
  0.2751870E+01  0.3094328E+00  0.1710000E+01  0.5000000E+01  0.1000000E+01  0.1000000E+00
  0.2752898E+01  0.3097063E+00  0.1705000E+01  0.5000000E+01  0.1000000E+01  0.1000000E+00
  0.2753931E+01  0.3099774E+00  0.1700000E+01  0.5000000E+01  0.1000000E+01  0.1000000E+00
  0.2754970E+01  0.3102459E+00  0.1695000E+01  0.5000000E+01  0.1000000E+01  0.1000000E+00
  0.2756014E+01  0.3105119E+00  0.1690000E+01  0.5000000E+01  0.1000000E+01  0.1000000E+00
  0.2757063E+01  0.3107753E+00  0.1685000E+01  0.5000000E+01  0.1000000E+01  0.1000000E+00
  0.2758118E+01  0.3110360E+00  0.1680000E+01  0.5000000E+01  0.1000000E+01  0.1000000E+00
  0.2759179E+01  0.3112941E+00  0.1675000E+01  0.5000000E+01  0.1000000E+01  0.1000000E+00
  0.2760244E+01  0.3115493E+00  0.1670000E+01  0.5000000E+01  0.1000000E+01  0.1000000E+00
  0.2761316E+01  0.3118018E+00  0.1665000E+01  0.5000000E+01  0.1000000E+01  0.1000000E+00
  0.2762393E+01  0.3120514E+00  0.1660000E+01  0.5000000E+01  0.1000000E+01  0.1000000E+00
  0.2763475E+01  0.3122982E+00  0.1655000E+01  0.5000000E+01  0.1000000E+01  0.1000000E+00
  0.2764563E+01  0.3125419E+00  0.1650000E+01  0.5000000E+01  0.1000000E+01  0.1000000E+00
  0.2765657E+01  0.3127827E+00  0.1645000E+01  0.5000000E+01  0.1000000E+01  0.1000000E+00
  0.2766756E+01  0.3130204E+00  0.1640000E+01  0.5000000E+01  0.1000000E+01  0.1000000E+00
  0.2767861E+01  0.3132550E+00  0.1635000E+01  0.5000000E+01  0.1000000E+01  0.1000000E+00
  0.2768972E+01  0.3134865E+00  0.1630000E+01  0.5000000E+01  0.1000000E+01  0.1000000E+00
  0.2770088E+01  0.3137147E+00  0.1625000E+01  0.5000000E+01  0.1000000E+01  0.1000000E+00
  0.2771211E+01  0.3139397E+00  0.1620000E+01  0.5000000E+01  0.1000000E+01  0.1000000E+00
  0.2772338E+01  0.3141613E+00  0.1615000E+01  0.5000000E+01  0.1000000E+01  0.1000000E+00
  0.2773472E+01  0.3143795E+00  0.1610000E+01  0.5000000E+01  0.1000000E+01  0.1000000E+00
  0.2774612E+01  0.3145943E+00  0.1605000E+01  0.5000000E+01  0.1000000E+01  0.1000000E+00
  0.2775757E+01  0.3148056E+00  0.1600000E+01  0.5000000E+01  0.1000000E+01  0.1000000E+00
  0.2776908E+01  0.3150133E+00  0.1595000E+01  0.5000000E+01  0.1000000E+01  0.1000000E+00
  0.2778065E+01  0.3152174E+00  0.1590000E+01  0.5000000E+01  0.1000000E+01  0.1000000E+00
  0.2779228E+01  0.3154178E+00  0.1585000E+01  0.5000000E+01  0.1000000E+01  0.1000000E+00
  0.2780397E+01  0.3156145E+00  0.1580000E+01  0.5000000E+01  0.1000000E+01  0.1000000E+00
  0.2781571E+01  0.3158073E+00  0.1575000E+01  0.5000000E+01  0.1000000E+01  0.1000000E+00
  0.2782752E+01  0.3159963E+00  0.1570000E+01  0.5000000E+01  0.1000000E+01  0.1000000E+00
  0.2783939E+01  0.3161813E+00  0.1565000E+01  0.5000000E+01  0.1000000E+01  0.1000000E+00
  0.2785131E+01  0.3163623E+00  0.1560000E+01  0.5000000E+01  0.1000000E+01  0.1000000E+00
  0.2786330E+01  0.3165393E+00  0.1555000E+01  0.5000000E+01  0.1000000E+01  0.1000000E+00
  0.2787535E+01  0.3167121E+00  0.1550000E+01  0.5000000E+01  0.1000000E+01  0.1000000E+00
  0.2788745E+01  0.3168806E+00  0.1545000E+01  0.5000000E+01  0.1000000E+01  0.1000000E+00
  0.2789962E+01  0.3170450E+00  0.1540000E+01  0.5000000E+01  0.1000000E+01  0.1000000E+00
  0.2791185E+01  0.3172049E+00  0.1535000E+01  0.5000000E+01  0.1000000E+01  0.1000000E+00
  0.2792414E+01  0.3173604E+00  0.1530000E+01  0.5000000E+01  0.1000000E+01  0.1000000E+00
  0.2793649E+01  0.3175115E+00  0.1525000E+01  0.5000000E+01  0.1000000E+01  0.1000000E+00
  0.2794890E+01  0.3176579E+00  0.1520000E+01  0.5000000E+01  0.1000000E+01  0.1000000E+00
  0.2796137E+01  0.3177998E+00  0.1515000E+01  0.5000000E+01  0.1000000E+01  0.1000000E+00
  0.2797391E+01  0.3179369E+00  0.1510000E+01  0.5000000E+01  0.1000000E+01  0.1000000E+00
  0.2798651E+01  0.3180692E+00  0.1505000E+01  0.5000000E+01  0.1000000E+01  0.1000000E+00
  0.2799917E+01  0.3181966E+00  0.1500000E+01  0.5000000E+01  0.1000000E+01  0.1000000E+00
  0.2801189E+01  0.3183191E+00  0.1495000E+01  0.5000000E+01  0.1000000E+01  0.1000000E+00
  0.2802467E+01  0.3184365E+00  0.1490000E+01  0.5000000E+01  0.1000000E+01  0.1000000E+00
  0.2803752E+01  0.3185488E+00  0.1485000E+01  0.5000000E+01  0.1000000E+01  0.1000000E+00
  0.2805042E+01  0.3186559E+00  0.1480000E+01  0.5000000E+01  0.1000000E+01  0.1000000E+00
  0.2806340E+01  0.3187577E+00  0.1475000E+01  0.5000000E+01  0.1000000E+01  0.1000000E+00
  0.2807643E+01  0.3188542E+00  0.1470000E+01  0.5000000E+01  0.1000000E+01  0.1000000E+00
  0.2808953E+01  0.3189452E+00  0.1465000E+01  0.5000000E+01  0.1000000E+01  0.1000000E+00
  0.2810269E+01  0.3190306E+00  0.1460000E+01  0.5000000E+01  0.1000000E+01  0.1000000E+00
  0.2811591E+01  0.3191105E+00  0.1455000E+01  0.5000000E+01  0.1000000E+01  0.1000000E+00
  0.2812920E+01  0.3191846E+00  0.1450000E+01  0.5000000E+01  0.1000000E+01  0.1000000E+00
  0.2814255E+01  0.3192529E+00  0.1445000E+01  0.5000000E+01  0.1000000E+01  0.1000000E+00
  0.2815596E+01  0.3193152E+00  0.1440000E+01  0.5000000E+01  0.1000000E+01  0.1000000E+00
  0.2816944E+01  0.3193716E+00  0.1435000E+01  0.5000000E+01  0.1000000E+01  0.1000000E+00
  0.2818298E+01  0.3194219E+00  0.1430000E+01  0.5000000E+01  0.1000000E+01  0.1000000E+00
  0.2819658E+01  0.3194659E+00  0.1425000E+01  0.5000000E+01  0.1000000E+01  0.1000000E+00
  0.2821025E+01  0.3195037E+00  0.1420000E+01  0.5000000E+01  0.1000000E+01  0.1000000E+00
  0.2822398E+01  0.3195351E+00  0.1415000E+01  0.5000000E+01  0.1000000E+01  0.1000000E+00
  0.2823778E+01  0.3195600E+00  0.1410000E+01  0.5000000E+01  0.1000000E+01  0.1000000E+00
  0.2825164E+01  0.3195783E+00  0.1405000E+01  0.5000000E+01  0.1000000E+01  0.1000000E+00
  0.2826556E+01  0.3195899E+00  0.1400000E+01  0.5000000E+01  0.1000000E+01  0.1000000E+00
  0.2827955E+01  0.3195947E+00  0.1395000E+01  0.5000000E+01  0.1000000E+01  0.1000000E+00
  0.2829360E+01  0.3195926E+00  0.1390000E+01  0.5000000E+01  0.1000000E+01  0.1000000E+00
  0.2830772E+01  0.3195834E+00  0.1385000E+01  0.5000000E+01  0.1000000E+01  0.1000000E+00
  0.2832190E+01  0.3195672E+00  0.1380000E+01  0.5000000E+01  0.1000000E+01  0.1000000E+00
  0.2833614E+01  0.3195436E+00  0.1375000E+01  0.5000000E+01  0.1000000E+01  0.1000000E+00
  0.2835045E+01  0.3195127E+00  0.1370000E+01  0.5000000E+01  0.1000000E+01  0.1000000E+00
  0.2836482E+01  0.3194744E+00  0.1365000E+01  0.5000000E+01  0.1000000E+01  0.1000000E+00
  0.2837925E+01  0.3194284E+00  0.1360000E+01  0.5000000E+01  0.1000000E+01  0.1000000E+00
  0.2839375E+01  0.3193748E+00  0.1355000E+01  0.5000000E+01  0.1000000E+01  0.1000000E+00
  0.2840831E+01  0.3193133E+00  0.1350000E+01  0.5000000E+01  0.1000000E+01  0.1000000E+00
  0.2842294E+01  0.3192438E+00  0.1345000E+01  0.5000000E+01  0.1000000E+01  0.1000000E+00
  0.2843763E+01  0.3191663E+00  0.1340000E+01  0.5000000E+01  0.1000000E+01  0.1000000E+00
  0.2845238E+01  0.3190806E+00  0.1335000E+01  0.5000000E+01  0.1000000E+01  0.1000000E+00
  0.2846719E+01  0.3189866E+00  0.1330000E+01  0.5000000E+01  0.1000000E+01  0.1000000E+00
  0.2848207E+01  0.3188841E+00  0.1325000E+01  0.5000000E+01  0.1000000E+01  0.1000000E+00
  0.2849701E+01  0.3187730E+00  0.1320000E+01  0.5000000E+01  0.1000000E+01  0.1000000E+00
  0.2851201E+01  0.3186532E+00  0.1315000E+01  0.5000000E+01  0.1000000E+01  0.1000000E+00
  0.2852707E+01  0.3185245E+00  0.1310000E+01  0.5000000E+01  0.1000000E+01  0.1000000E+00
  0.2854220E+01  0.3183869E+00  0.1305000E+01  0.5000000E+01  0.1000000E+01  0.1000000E+00
  0.2855739E+01  0.3182401E+00  0.1300000E+01  0.5000000E+01  0.1000000E+01  0.1000000E+00
  0.2857264E+01  0.3180840E+00  0.1295000E+01  0.5000000E+01  0.1000000E+01  0.1000000E+00
  0.2858794E+01  0.3179186E+00  0.1290000E+01  0.5000000E+01  0.1000000E+01  0.1000000E+00
  0.2860331E+01  0.3177436E+00  0.1285000E+01  0.5000000E+01  0.1000000E+01  0.1000000E+00
  0.2861875E+01  0.3175589E+00  0.1280000E+01  0.5000000E+01  0.1000000E+01  0.1000000E+00
  0.2863424E+01  0.3173643E+00  0.1275000E+01  0.5000000E+01  0.1000000E+01  0.1000000E+00
  0.2864979E+01  0.3171598E+00  0.1270000E+01  0.5000000E+01  0.1000000E+01  0.1000000E+00
  0.2866539E+01  0.3169451E+00  0.1265000E+01  0.5000000E+01  0.1000000E+01  0.1000000E+00
  0.2868106E+01  0.3167201E+00  0.1260000E+01  0.5000000E+01  0.1000000E+01  0.1000000E+00
  0.2869679E+01  0.3164846E+00  0.1255000E+01  0.5000000E+01  0.1000000E+01  0.1000000E+00
  0.2871257E+01  0.3162386E+00  0.1250000E+01  0.5000000E+01  0.1000000E+01  0.1000000E+00
  0.2872841E+01  0.3159818E+00  0.1245000E+01  0.5000000E+01  0.1000000E+01  0.1000000E+00
  0.2874430E+01  0.3157140E+00  0.1240000E+01  0.5000000E+01  0.1000000E+01  0.1000000E+00
  0.2876026E+01  0.3154352E+00  0.1235000E+01  0.5000000E+01  0.1000000E+01  0.1000000E+00
  0.2877626E+01  0.3151451E+00  0.1230000E+01  0.5000000E+01  0.1000000E+01  0.1000000E+00
  0.2879232E+01  0.3148435E+00  0.1225000E+01  0.5000000E+01  0.1000000E+01  0.1000000E+00
  0.2880844E+01  0.3145304E+00  0.1220000E+01  0.5000000E+01  0.1000000E+01  0.1000000E+00
  0.2882460E+01  0.3142055E+00  0.1215000E+01  0.5000000E+01  0.1000000E+01  0.1000000E+00
  0.2884082E+01  0.3138687E+00  0.1210000E+01  0.5000000E+01  0.1000000E+01  0.1000000E+00
  0.2885709E+01  0.3135198E+00  0.1205000E+01  0.5000000E+01  0.1000000E+01  0.1000000E+00
  0.2887341E+01  0.3131586E+00  0.1200000E+01  0.5000000E+01  0.1000000E+01  0.1000000E+00
  0.2888978E+01  0.3127849E+00  0.1195000E+01  0.5000000E+01  0.1000000E+01  0.1000000E+00
  0.2890620E+01  0.3123987E+00  0.1190000E+01  0.5000000E+01  0.1000000E+01  0.1000000E+00
  0.2892266E+01  0.3119995E+00  0.1185000E+01  0.5000000E+01  0.1000000E+01  0.1000000E+00
  0.2893917E+01  0.3115874E+00  0.1180000E+01  0.5000000E+01  0.1000000E+01  0.1000000E+00
  0.2895573E+01  0.3111621E+00  0.1175000E+01  0.5000000E+01  0.1000000E+01  0.1000000E+00
  0.2897233E+01  0.3107235E+00  0.1170000E+01  0.5000000E+01  0.1000000E+01  0.1000000E+00
  0.2898897E+01  0.3102713E+00  0.1165000E+01  0.5000000E+01  0.1000000E+01  0.1000000E+00
  0.2900565E+01  0.3098054E+00  0.1160000E+01  0.5000000E+01  0.1000000E+01  0.1000000E+00
  0.2902237E+01  0.3093255E+00  0.1155000E+01  0.5000000E+01  0.1000000E+01  0.1000000E+00
  0.2903914E+01  0.3088315E+00  0.1150000E+01  0.5000000E+01  0.1000000E+01  0.1000000E+00
  0.2905593E+01  0.3083232E+00  0.1145000E+01  0.5000000E+01  0.1000000E+01  0.1000000E+00
  0.2907277E+01  0.3078005E+00  0.1140000E+01  0.5000000E+01  0.1000000E+01  0.1000000E+00
  0.2908963E+01  0.3072630E+00  0.1135000E+01  0.5000000E+01  0.1000000E+01  0.1000000E+00
  0.2910653E+01  0.3067107E+00  0.1130000E+01  0.5000000E+01  0.1000000E+01  0.1000000E+00
  0.2912346E+01  0.3061433E+00  0.1125000E+01  0.5000000E+01  0.1000000E+01  0.1000000E+00
  0.2914042E+01  0.3055607E+00  0.1120000E+01  0.5000000E+01  0.1000000E+01  0.1000000E+00
  0.2915740E+01  0.3049626E+00  0.1115000E+01  0.5000000E+01  0.1000000E+01  0.1000000E+00
  0.2917441E+01  0.3043489E+00  0.1110000E+01  0.5000000E+01  0.1000000E+01  0.1000000E+00
  0.2919144E+01  0.3037193E+00  0.1105000E+01  0.5000000E+01  0.1000000E+01  0.1000000E+00
  0.2920849E+01  0.3030738E+00  0.1100000E+01  0.5000000E+01  0.1000000E+01  0.1000000E+00
  0.2922556E+01  0.3024120E+00  0.1095000E+01  0.5000000E+01  0.1000000E+01  0.1000000E+00
  0.2924264E+01  0.3017339E+00  0.1090000E+01  0.5000000E+01  0.1000000E+01  0.1000000E+00
  0.2925974E+01  0.3010392E+00  0.1085000E+01  0.5000000E+01  0.1000000E+01  0.1000000E+00
  0.2927685E+01  0.3003277E+00  0.1080000E+01  0.5000000E+01  0.1000000E+01  0.1000000E+00
  0.2929396E+01  0.2995993E+00  0.1075000E+01  0.5000000E+01  0.1000000E+01  0.1000000E+00
  0.2931108E+01  0.2988538E+00  0.1070000E+01  0.5000000E+01  0.1000000E+01  0.1000000E+00
  0.2932821E+01  0.2980910E+00  0.1065000E+01  0.5000000E+01  0.1000000E+01  0.1000000E+00
  0.2934533E+01  0.2973108E+00  0.1060000E+01  0.5000000E+01  0.1000000E+01  0.1000000E+00
  0.2936245E+01  0.2965129E+00  0.1055000E+01  0.5000000E+01  0.1000000E+01  0.1000000E+00
  0.2937957E+01  0.2956973E+00  0.1050000E+01  0.5000000E+01  0.1000000E+01  0.1000000E+00
  0.2939667E+01  0.2948637E+00  0.1045000E+01  0.5000000E+01  0.1000000E+01  0.1000000E+00
  0.2941377E+01  0.2940120E+00  0.1040000E+01  0.5000000E+01  0.1000000E+01  0.1000000E+00
  0.2943084E+01  0.2931421E+00  0.1035000E+01  0.5000000E+01  0.1000000E+01  0.1000000E+00
  0.2944790E+01  0.2922539E+00  0.1030000E+01  0.5000000E+01  0.1000000E+01  0.1000000E+00
  0.2946493E+01  0.2913471E+00  0.1025000E+01  0.5000000E+01  0.1000000E+01  0.1000000E+00
  0.2948194E+01  0.2904218E+00  0.1020000E+01  0.5000000E+01  0.1000000E+01  0.1000000E+00
  0.2949891E+01  0.2894777E+00  0.1015000E+01  0.5000000E+01  0.1000000E+01  0.1000000E+00
  0.2951585E+01  0.2885148E+00  0.1010000E+01  0.5000000E+01  0.1000000E+01  0.1000000E+00
  0.2953276E+01  0.2875329E+00  0.1005000E+01  0.5000000E+01  0.1000000E+01  0.1000000E+00
  0.2954962E+01  0.2865320E+00  0.1000000E+01  0.5000000E+01  0.1000000E+01  0.1000000E+00
  0.2956643E+01  0.2855121E+00  0.9950000E+00  0.5000000E+01  0.1000000E+01  0.1000000E+00
  0.2958319E+01  0.2844730E+00  0.9900000E+00  0.5000000E+01  0.1000000E+01  0.1000000E+00
  0.2959989E+01  0.2834147E+00  0.9850000E+00  0.5000000E+01  0.1000000E+01  0.1000000E+00
  0.2961654E+01  0.2823372E+00  0.9800000E+00  0.5000000E+01  0.1000000E+01  0.1000000E+00
  0.2963312E+01  0.2812404E+00  0.9750000E+00  0.5000000E+01  0.1000000E+01  0.1000000E+00
  0.2964963E+01  0.2801244E+00  0.9700000E+00  0.5000000E+01  0.1000000E+01  0.1000000E+00
  0.2966607E+01  0.2789891E+00  0.9650000E+00  0.5000000E+01  0.1000000E+01  0.1000000E+00
  0.2968243E+01  0.2778347E+00  0.9600000E+00  0.5000000E+01  0.1000000E+01  0.1000000E+00
  0.2969870E+01  0.2766611E+00  0.9550000E+00  0.5000000E+01  0.1000000E+01  0.1000000E+00
  0.2971488E+01  0.2754684E+00  0.9500000E+00  0.5000000E+01  0.1000000E+01  0.1000000E+00
  0.2973097E+01  0.2742567E+00  0.9450000E+00  0.5000000E+01  0.1000000E+01  0.1000000E+00
  0.2974697E+01  0.2730261E+00  0.9400000E+00  0.5000000E+01  0.1000000E+01  0.1000000E+00
  0.2976285E+01  0.2717767E+00  0.9350000E+00  0.5000000E+01  0.1000000E+01  0.1000000E+00
  0.2977863E+01  0.2705087E+00  0.9300000E+00  0.5000000E+01  0.1000000E+01  0.1000000E+00
  0.2979430E+01  0.2692223E+00  0.9250000E+00  0.5000000E+01  0.1000000E+01  0.1000000E+00
  0.2980984E+01  0.2679176E+00  0.9200000E+00  0.5000000E+01  0.1000000E+01  0.1000000E+00
  0.2982526E+01  0.2665948E+00  0.9150000E+00  0.5000000E+01  0.1000000E+01  0.1000000E+00
  0.2984055E+01  0.2652542E+00  0.9100000E+00  0.5000000E+01  0.1000000E+01  0.1000000E+00
  0.2985571E+01  0.2638960E+00  0.9050000E+00  0.5000000E+01  0.1000000E+01  0.1000000E+00
  0.2987072E+01  0.2625206E+00  0.9000000E+00  0.5000000E+01  0.1000000E+01  0.1000000E+00
  0.2988560E+01  0.2611281E+00  0.8950000E+00  0.5000000E+01  0.1000000E+01  0.1000000E+00
  0.2990032E+01  0.2597191E+00  0.8900000E+00  0.5000000E+01  0.1000000E+01  0.1000000E+00
  0.2991489E+01  0.2582937E+00  0.8850000E+00  0.5000000E+01  0.1000000E+01  0.1000000E+00
  0.2992930E+01  0.2568525E+00  0.8800000E+00  0.5000000E+01  0.1000000E+01  0.1000000E+00
  0.2994354E+01  0.2553957E+00  0.8750000E+00  0.5000000E+01  0.1000000E+01  0.1000000E+00
  0.2995762E+01  0.2539239E+00  0.8700000E+00  0.5000000E+01  0.1000000E+01  0.1000000E+00
  0.2997153E+01  0.2524374E+00  0.8650000E+00  0.5000000E+01  0.1000000E+01  0.1000000E+00
  0.2998526E+01  0.2509367E+00  0.8600000E+00  0.5000000E+01  0.1000000E+01  0.1000000E+00
  0.2999881E+01  0.2494224E+00  0.8550000E+00  0.5000000E+01  0.1000000E+01  0.1000000E+00
  0.3001218E+01  0.2478948E+00  0.8500000E+00  0.5000000E+01  0.1000000E+01  0.1000000E+00
  0.3002536E+01  0.2463546E+00  0.8450000E+00  0.5000000E+01  0.1000000E+01  0.1000000E+00
  0.3003835E+01  0.2448023E+00  0.8400000E+00  0.5000000E+01  0.1000000E+01  0.1000000E+00
  0.3005115E+01  0.2432384E+00  0.8350000E+00  0.5000000E+01  0.1000000E+01  0.1000000E+00
  0.3006375E+01  0.2416635E+00  0.8300000E+00  0.5000000E+01  0.1000000E+01  0.1000000E+00
  0.3007616E+01  0.2400782E+00  0.8250000E+00  0.5000000E+01  0.1000000E+01  0.1000000E+00
  0.3008836E+01  0.2384831E+00  0.8200000E+00  0.5000000E+01  0.1000000E+01  0.1000000E+00
  0.3010036E+01  0.2368787E+00  0.8150000E+00  0.5000000E+01  0.1000000E+01  0.1000000E+00
  0.3011216E+01  0.2352658E+00  0.8100000E+00  0.5000000E+01  0.1000000E+01  0.1000000E+00
  0.3012375E+01  0.2336448E+00  0.8050000E+00  0.5000000E+01  0.1000000E+01  0.1000000E+00
  0.3013514E+01  0.2320165E+00  0.8000000E+00  0.5000000E+01  0.1000000E+01  0.1000000E+00
  0.3014632E+01  0.2303814E+00  0.7950000E+00  0.5000000E+01  0.1000000E+01  0.1000000E+00
  0.3015729E+01  0.2287402E+00  0.7900000E+00  0.5000000E+01  0.1000000E+01  0.1000000E+00
  0.3016805E+01  0.2270934E+00  0.7850000E+00  0.5000000E+01  0.1000000E+01  0.1000000E+00
  0.3017861E+01  0.2254418E+00  0.7800000E+00  0.5000000E+01  0.1000000E+01  0.1000000E+00
  0.3018896E+01  0.2237858E+00  0.7750000E+00  0.5000000E+01  0.1000000E+01  0.1000000E+00
  0.3019910E+01  0.2221262E+00  0.7700000E+00  0.5000000E+01  0.1000000E+01  0.1000000E+00
  0.3020904E+01  0.2204635E+00  0.7650000E+00  0.5000000E+01  0.1000000E+01  0.1000000E+00
  0.3021877E+01  0.2187983E+00  0.7600000E+00  0.5000000E+01  0.1000000E+01  0.1000000E+00
  0.3022829E+01  0.2171311E+00  0.7550000E+00  0.5000000E+01  0.1000000E+01  0.1000000E+00
  0.3023762E+01  0.2154626E+00  0.7500000E+00  0.5000000E+01  0.1000000E+01  0.1000000E+00
  0.3024674E+01  0.2137933E+00  0.7450000E+00  0.5000000E+01  0.1000000E+01  0.1000000E+00
  0.3025567E+01  0.2121237E+00  0.7400000E+00  0.5000000E+01  0.1000000E+01  0.1000000E+00
  0.3026440E+01  0.2104543E+00  0.7350000E+00  0.5000000E+01  0.1000000E+01  0.1000000E+00
  0.3027294E+01  0.2087857E+00  0.7300000E+00  0.5000000E+01  0.1000000E+01  0.1000000E+00
  0.3028129E+01  0.2071182E+00  0.7250000E+00  0.5000000E+01  0.1000000E+01  0.1000000E+00
  0.3028944E+01  0.2054525E+00  0.7200000E+00  0.5000000E+01  0.1000000E+01  0.1000000E+00
  0.3029742E+01  0.2037889E+00  0.7150000E+00  0.5000000E+01  0.1000000E+01  0.1000000E+00
  0.3030521E+01  0.2021278E+00  0.7100000E+00  0.5000000E+01  0.1000000E+01  0.1000000E+00
  0.3031282E+01  0.2004697E+00  0.7050000E+00  0.5000000E+01  0.1000000E+01  0.1000000E+00
  0.3032026E+01  0.1988149E+00  0.7000000E+00  0.5000000E+01  0.1000000E+01  0.1000000E+00
  0.3032752E+01  0.1971639E+00  0.6950000E+00  0.5000000E+01  0.1000000E+01  0.1000000E+00
  0.3033462E+01  0.1955169E+00  0.6900000E+00  0.5000000E+01  0.1000000E+01  0.1000000E+00
  0.3034155E+01  0.1938744E+00  0.6850000E+00  0.5000000E+01  0.1000000E+01  0.1000000E+00
  0.3034832E+01  0.1922365E+00  0.6800000E+00  0.5000000E+01  0.1000000E+01  0.1000000E+00
  0.3035493E+01  0.1906037E+00  0.6750000E+00  0.5000000E+01  0.1000000E+01  0.1000000E+00
  0.3036138E+01  0.1889761E+00  0.6700000E+00  0.5000000E+01  0.1000000E+01  0.1000000E+00
  0.3036769E+01  0.1873540E+00  0.6650000E+00  0.5000000E+01  0.1000000E+01  0.1000000E+00
  0.3037385E+01  0.1857377E+00  0.6600000E+00  0.5000000E+01  0.1000000E+01  0.1000000E+00
  0.3037986E+01  0.1841274E+00  0.6550000E+00  0.5000000E+01  0.1000000E+01  0.1000000E+00
  0.3038573E+01  0.1825233E+00  0.6500000E+00  0.5000000E+01  0.1000000E+01  0.1000000E+00
  0.3039147E+01  0.1809255E+00  0.6450000E+00  0.5000000E+01  0.1000000E+01  0.1000000E+00
  0.3039707E+01  0.1793342E+00  0.6400000E+00  0.5000000E+01  0.1000000E+01  0.1000000E+00
  0.3040254E+01  0.1777497E+00  0.6350000E+00  0.5000000E+01  0.1000000E+01  0.1000000E+00
  0.3040789E+01  0.1761720E+00  0.6300000E+00  0.5000000E+01  0.1000000E+01  0.1000000E+00
  0.3041312E+01  0.1746012E+00  0.6250000E+00  0.5000000E+01  0.1000000E+01  0.1000000E+00
  0.3041823E+01  0.1730375E+00  0.6200000E+00  0.5000000E+01  0.1000000E+01  0.1000000E+00
  0.3042322E+01  0.1714809E+00  0.6150000E+00  0.5000000E+01  0.1000000E+01  0.1000000E+00
  0.3042810E+01  0.1699316E+00  0.6100000E+00  0.5000000E+01  0.1000000E+01  0.1000000E+00
  0.3043287E+01  0.1683896E+00  0.6050000E+00  0.5000000E+01  0.1000000E+01  0.1000000E+00
  0.3043754E+01  0.1668550E+00  0.6000000E+00  0.5000000E+01  0.1000000E+01  0.1000000E+00
  0.3044210E+01  0.1653279E+00  0.5950000E+00  0.5000000E+01  0.1000000E+01  0.1000000E+00
  0.3044657E+01  0.1638082E+00  0.5900000E+00  0.5000000E+01  0.1000000E+01  0.1000000E+00
  0.3045093E+01  0.1622960E+00  0.5850000E+00  0.5000000E+01  0.1000000E+01  0.1000000E+00
  0.3045521E+01  0.1607914E+00  0.5800000E+00  0.5000000E+01  0.1000000E+01  0.1000000E+00
  0.3045940E+01  0.1592943E+00  0.5750000E+00  0.5000000E+01  0.1000000E+01  0.1000000E+00
  0.3046350E+01  0.1578047E+00  0.5700000E+00  0.5000000E+01  0.1000000E+01  0.1000000E+00
  0.3046751E+01  0.1563228E+00  0.5650000E+00  0.5000000E+01  0.1000000E+01  0.1000000E+00
  0.3047144E+01  0.1548483E+00  0.5600000E+00  0.5000000E+01  0.1000000E+01  0.1000000E+00
  0.3047530E+01  0.1533815E+00  0.5550000E+00  0.5000000E+01  0.1000000E+01  0.1000000E+00
  0.3047908E+01  0.1519221E+00  0.5500000E+00  0.5000000E+01  0.1000000E+01  0.1000000E+00
  0.3048278E+01  0.1504702E+00  0.5450000E+00  0.5000000E+01  0.1000000E+01  0.1000000E+00
  0.3048642E+01  0.1490258E+00  0.5400000E+00  0.5000000E+01  0.1000000E+01  0.1000000E+00
  0.3048998E+01  0.1475889E+00  0.5350000E+00  0.5000000E+01  0.1000000E+01  0.1000000E+00
  0.3049348E+01  0.1461593E+00  0.5300000E+00  0.5000000E+01  0.1000000E+01  0.1000000E+00
  0.3049691E+01  0.1447371E+00  0.5250000E+00  0.5000000E+01  0.1000000E+01  0.1000000E+00
  0.3050029E+01  0.1433222E+00  0.5200000E+00  0.5000000E+01  0.1000000E+01  0.1000000E+00
  0.3050360E+01  0.1419145E+00  0.5150000E+00  0.5000000E+01  0.1000000E+01  0.1000000E+00
  0.3050685E+01  0.1405141E+00  0.5100000E+00  0.5000000E+01  0.1000000E+01  0.1000000E+00
  0.3051005E+01  0.1391208E+00  0.5050000E+00  0.5000000E+01  0.1000000E+01  0.1000000E+00
  0.3051320E+01  0.1377345E+00  0.5000000E+00  0.5000000E+01  0.1000000E+01  0.1000000E+00
  0.3051629E+01  0.1363553E+00  0.4950000E+00  0.5000000E+01  0.1000000E+01  0.1000000E+00
  0.3051934E+01  0.1349831E+00  0.4900000E+00  0.5000000E+01  0.1000000E+01  0.1000000E+00
  0.3052233E+01  0.1336178E+00  0.4850000E+00  0.5000000E+01  0.1000000E+01  0.1000000E+00
  0.3052528E+01  0.1322593E+00  0.4800000E+00  0.5000000E+01  0.1000000E+01  0.1000000E+00
  0.3052819E+01  0.1309076E+00  0.4750000E+00  0.5000000E+01  0.1000000E+01  0.1000000E+00
  0.3053105E+01  0.1295626E+00  0.4700000E+00  0.5000000E+01  0.1000000E+01  0.1000000E+00
  0.3053387E+01  0.1282242E+00  0.4650000E+00  0.5000000E+01  0.1000000E+01  0.1000000E+00
  0.3053666E+01  0.1268923E+00  0.4600000E+00  0.5000000E+01  0.1000000E+01  0.1000000E+00
  0.3053940E+01  0.1255670E+00  0.4550000E+00  0.5000000E+01  0.1000000E+01  0.1000000E+00
  0.3054211E+01  0.1242480E+00  0.4500000E+00  0.5000000E+01  0.1000000E+01  0.1000000E+00
  0.3054478E+01  0.1229354E+00  0.4450000E+00  0.5000000E+01  0.1000000E+01  0.1000000E+00
  0.3054742E+01  0.1216291E+00  0.4400000E+00  0.5000000E+01  0.1000000E+01  0.1000000E+00
  0.3055003E+01  0.1203289E+00  0.4350000E+00  0.5000000E+01  0.1000000E+01  0.1000000E+00
  0.3055260E+01  0.1190349E+00  0.4300000E+00  0.5000000E+01  0.1000000E+01  0.1000000E+00
  0.3055514E+01  0.1177469E+00  0.4250000E+00  0.5000000E+01  0.1000000E+01  0.1000000E+00
  0.3055766E+01  0.1164648E+00  0.4200000E+00  0.5000000E+01  0.1000000E+01  0.1000000E+00
  0.3056015E+01  0.1151886E+00  0.4150000E+00  0.5000000E+01  0.1000000E+01  0.1000000E+00
  0.3056261E+01  0.1139183E+00  0.4100000E+00  0.5000000E+01  0.1000000E+01  0.1000000E+00
  0.3056505E+01  0.1126537E+00  0.4050000E+00  0.5000000E+01  0.1000000E+01  0.1000000E+00
  0.3056746E+01  0.1113947E+00  0.4000000E+00  0.5000000E+01  0.1000000E+01  0.1000000E+00
  0.3056985E+01  0.1101414E+00  0.3950000E+00  0.5000000E+01  0.1000000E+01  0.1000000E+00
  0.3057222E+01  0.1088935E+00  0.3900000E+00  0.5000000E+01  0.1000000E+01  0.1000000E+00
  0.3057457E+01  0.1076511E+00  0.3850000E+00  0.5000000E+01  0.1000000E+01  0.1000000E+00
  0.3057689E+01  0.1064141E+00  0.3800000E+00  0.5000000E+01  0.1000000E+01  0.1000000E+00
  0.3057920E+01  0.1051823E+00  0.3750000E+00  0.5000000E+01  0.1000000E+01  0.1000000E+00
  0.3058149E+01  0.1039558E+00  0.3700000E+00  0.5000000E+01  0.1000000E+01  0.1000000E+00
  0.3058376E+01  0.1027344E+00  0.3650000E+00  0.5000000E+01  0.1000000E+01  0.1000000E+00
  0.3058602E+01  0.1015181E+00  0.3600000E+00  0.5000000E+01  0.1000000E+01  0.1000000E+00
  0.3058826E+01  0.1003068E+00  0.3550000E+00  0.5000000E+01  0.1000000E+01  0.1000000E+00
  0.3059048E+01  0.9910046E-01  0.3500000E+00  0.5000000E+01  0.1000000E+01  0.1000000E+00
  0.3059270E+01  0.9789896E-01  0.3450000E+00  0.5000000E+01  0.1000000E+01  0.1000000E+00
  0.3059489E+01  0.9670226E-01  0.3400000E+00  0.5000000E+01  0.1000000E+01  0.1000000E+00
  0.3059708E+01  0.9551027E-01  0.3350000E+00  0.5000000E+01  0.1000000E+01  0.1000000E+00
  0.3059925E+01  0.9432295E-01  0.3300000E+00  0.5000000E+01  0.1000000E+01  0.1000000E+00
  0.3060142E+01  0.9314022E-01  0.3250000E+00  0.5000000E+01  0.1000000E+01  0.1000000E+00
  0.3060357E+01  0.9196201E-01  0.3200000E+00  0.5000000E+01  0.1000000E+01  0.1000000E+00
  0.3060571E+01  0.9078825E-01  0.3150000E+00  0.5000000E+01  0.1000000E+01  0.1000000E+00
  0.3060785E+01  0.8961889E-01  0.3100000E+00  0.5000000E+01  0.1000000E+01  0.1000000E+00
  0.3060997E+01  0.8845385E-01  0.3050000E+00  0.5000000E+01  0.1000000E+01  0.1000000E+00
  0.3061209E+01  0.8729308E-01  0.3000000E+00  0.5000000E+01  0.1000000E+01  0.1000000E+00
  0.3061420E+01  0.8613650E-01  0.2950000E+00  0.5000000E+01  0.1000000E+01  0.1000000E+00
  0.3061631E+01  0.8498406E-01  0.2900000E+00  0.5000000E+01  0.1000000E+01  0.1000000E+00
  0.3061840E+01  0.8383569E-01  0.2850000E+00  0.5000000E+01  0.1000000E+01  0.1000000E+00
  0.3062050E+01  0.8269134E-01  0.2800000E+00  0.5000000E+01  0.1000000E+01  0.1000000E+00
  0.3062258E+01  0.8155093E-01  0.2750000E+00  0.5000000E+01  0.1000000E+01  0.1000000E+00
  0.3062467E+01  0.8041442E-01  0.2700000E+00  0.5000000E+01  0.1000000E+01  0.1000000E+00
  0.3062675E+01  0.7928174E-01  0.2650000E+00  0.5000000E+01  0.1000000E+01  0.1000000E+00
  0.3062882E+01  0.7815283E-01  0.2600000E+00  0.5000000E+01  0.1000000E+01  0.1000000E+00
  0.3063090E+01  0.7702764E-01  0.2550000E+00  0.5000000E+01  0.1000000E+01  0.1000000E+00
  0.3063297E+01  0.7590611E-01  0.2500000E+00  0.5000000E+01  0.1000000E+01  0.1000000E+00
  0.3063504E+01  0.7478818E-01  0.2450000E+00  0.5000000E+01  0.1000000E+01  0.1000000E+00
  0.3063711E+01  0.7367379E-01  0.2400000E+00  0.5000000E+01  0.1000000E+01  0.1000000E+00
  0.3063918E+01  0.7256289E-01  0.2350000E+00  0.5000000E+01  0.1000000E+01  0.1000000E+00
  0.3064124E+01  0.7145543E-01  0.2300000E+00  0.5000000E+01  0.1000000E+01  0.1000000E+00
  0.3064331E+01  0.7035135E-01  0.2250000E+00  0.5000000E+01  0.1000000E+01  0.1000000E+00
  0.3064538E+01  0.6925060E-01  0.2200000E+00  0.5000000E+01  0.1000000E+01  0.1000000E+00
  0.3064745E+01  0.6815313E-01  0.2150000E+00  0.5000000E+01  0.1000000E+01  0.1000000E+00
  0.3064952E+01  0.6705888E-01  0.2100000E+00  0.5000000E+01  0.1000000E+01  0.1000000E+00
  0.3065159E+01  0.6596780E-01  0.2050000E+00  0.5000000E+01  0.1000000E+01  0.1000000E+00
  0.3065366E+01  0.6487984E-01  0.2000000E+00  0.5000000E+01  0.1000000E+01  0.1000000E+00
  0.3065574E+01  0.6379495E-01  0.1950000E+00  0.5000000E+01  0.1000000E+01  0.1000000E+00
  0.3065782E+01  0.6271309E-01  0.1900000E+00  0.5000000E+01  0.1000000E+01  0.1000000E+00
  0.3065990E+01  0.6163420E-01  0.1850000E+00  0.5000000E+01  0.1000000E+01  0.1000000E+00
  0.3066199E+01  0.6055823E-01  0.1800000E+00  0.5000000E+01  0.1000000E+01  0.1000000E+00
  0.3066408E+01  0.5948514E-01  0.1750000E+00  0.5000000E+01  0.1000000E+01  0.1000000E+00
  0.3066617E+01  0.5841488E-01  0.1700000E+00  0.5000000E+01  0.1000000E+01  0.1000000E+00
  0.3066827E+01  0.5734740E-01  0.1650000E+00  0.5000000E+01  0.1000000E+01  0.1000000E+00
  0.3067037E+01  0.5628266E-01  0.1600000E+00  0.5000000E+01  0.1000000E+01  0.1000000E+00
  0.3067248E+01  0.5522061E-01  0.1550000E+00  0.5000000E+01  0.1000000E+01  0.1000000E+00
  0.3067460E+01  0.5416120E-01  0.1500000E+00  0.5000000E+01  0.1000000E+01  0.1000000E+00
  0.3067672E+01  0.5310440E-01  0.1450000E+00  0.5000000E+01  0.1000000E+01  0.1000000E+00
  0.3067884E+01  0.5205016E-01  0.1400000E+00  0.5000000E+01  0.1000000E+01  0.1000000E+00
  0.3068098E+01  0.5099843E-01  0.1350000E+00  0.5000000E+01  0.1000000E+01  0.1000000E+00
  0.3068312E+01  0.4994917E-01  0.1300000E+00  0.5000000E+01  0.1000000E+01  0.1000000E+00
  0.3068527E+01  0.4890235E-01  0.1250000E+00  0.5000000E+01  0.1000000E+01  0.1000000E+00
  0.3068742E+01  0.4785791E-01  0.1200000E+00  0.5000000E+01  0.1000000E+01  0.1000000E+00
  0.3068959E+01  0.4681582E-01  0.1150000E+00  0.5000000E+01  0.1000000E+01  0.1000000E+00
  0.3069176E+01  0.4577603E-01  0.1100000E+00  0.5000000E+01  0.1000000E+01  0.1000000E+00
  0.3069394E+01  0.4473851E-01  0.1050000E+00  0.5000000E+01  0.1000000E+01  0.1000000E+00
  0.3069613E+01  0.4370321E-01  0.1000000E+00  0.5000000E+01  0.1000000E+01  0.1000000E+00
  0.3069833E+01  0.4267011E-01  0.9500000E-01  0.5000000E+01  0.1000000E+01  0.1000000E+00
  0.3070054E+01  0.4163915E-01  0.9000000E-01  0.5000000E+01  0.1000000E+01  0.1000000E+00
  0.3070276E+01  0.4061029E-01  0.8500000E-01  0.5000000E+01  0.1000000E+01  0.1000000E+00
  0.3070499E+01  0.3958351E-01  0.8000000E-01  0.5000000E+01  0.1000000E+01  0.1000000E+00
  0.3070722E+01  0.3855877E-01  0.7500000E-01  0.5000000E+01  0.1000000E+01  0.1000000E+00
  0.3070947E+01  0.3753601E-01  0.7000000E-01  0.5000000E+01  0.1000000E+01  0.1000000E+00
  0.3071173E+01  0.3651522E-01  0.6500000E-01  0.5000000E+01  0.1000000E+01  0.1000000E+00
  0.3071400E+01  0.3549636E-01  0.6000000E-01  0.5000000E+01  0.1000000E+01  0.1000000E+00
  0.3071629E+01  0.3447938E-01  0.5500000E-01  0.5000000E+01  0.1000000E+01  0.1000000E+00
  0.3071858E+01  0.3346425E-01  0.5000000E-01  0.5000000E+01  0.1000000E+01  0.1000000E+00

