  0.4266409E+01  0.3994090E-01  0.5000000E+01  0.5000000E+01  0.1000000E+01  0.1000000E+00
  0.4266417E+01  0.3994932E-01  0.4995000E+01  0.5000000E+01  0.1000000E+01  0.1000000E+00
  0.4266426E+01  0.3995779E-01  0.4990000E+01  0.5000000E+01  0.1000000E+01  0.1000000E+00
  0.4266435E+01  0.3996630E-01  0.4985000E+01  0.5000000E+01  0.1000000E+01  0.1000000E+00
  0.4266443E+01  0.3997484E-01  0.4980000E+01  0.5000000E+01  0.1000000E+01  0.1000000E+00
  0.4266452E+01  0.3998342E-01  0.4975000E+01  0.5000000E+01  0.1000000E+01  0.1000000E+00
  0.4266461E+01  0.3999205E-01  0.4970000E+01  0.5000000E+01  0.1000000E+01  0.1000000E+00
  0.4266469E+01  0.4000071E-01  0.4965000E+01  0.5000000E+01  0.1000000E+01  0.1000000E+00
  0.4266478E+01  0.4000941E-01  0.4960000E+01  0.5000000E+01  0.1000000E+01  0.1000000E+00
  0.4266487E+01  0.4001815E-01  0.4955000E+01  0.5000000E+01  0.1000000E+01  0.1000000E+00
  0.4266496E+01  0.4002693E-01  0.4950000E+01  0.5000000E+01  0.1000000E+01  0.1000000E+00
  0.4266504E+01  0.4003574E-01  0.4945000E+01  0.5000000E+01  0.1000000E+01  0.1000000E+00
  0.4266513E+01  0.4004460E-01  0.4940000E+01  0.5000000E+01  0.1000000E+01  0.1000000E+00
  0.4266522E+01  0.4005350E-01  0.4935000E+01  0.5000000E+01  0.1000000E+01  0.1000000E+00
  0.4266531E+01  0.4006244E-01  0.4930000E+01  0.5000000E+01  0.1000000E+01  0.1000000E+00
  0.4266540E+01  0.4007141E-01  0.4925000E+01  0.5000000E+01  0.1000000E+01  0.1000000E+00
  0.4266549E+01  0.4008043E-01  0.4920000E+01  0.5000000E+01  0.1000000E+01  0.1000000E+00
  0.4266558E+01  0.4008949E-01  0.4915000E+01  0.5000000E+01  0.1000000E+01  0.1000000E+00
  0.4266567E+01  0.4009858E-01  0.4910000E+01  0.5000000E+01  0.1000000E+01  0.1000000E+00
  0.4266576E+01  0.4010772E-01  0.4905000E+01  0.5000000E+01  0.1000000E+01  0.1000000E+00
  0.4266585E+01  0.4011690E-01  0.4900000E+01  0.5000000E+01  0.1000000E+01  0.1000000E+00
  0.4266594E+01  0.4012612E-01  0.4895000E+01  0.5000000E+01  0.1000000E+01  0.1000000E+00
  0.4266603E+01  0.4013538E-01  0.4890000E+01  0.5000000E+01  0.1000000E+01  0.1000000E+00
  0.4266612E+01  0.4014468E-01  0.4885000E+01  0.5000000E+01  0.1000000E+01  0.1000000E+00
  0.4266621E+01  0.4015402E-01  0.4880000E+01  0.5000000E+01  0.1000000E+01  0.1000000E+00
  0.4266630E+01  0.4016341E-01  0.4875000E+01  0.5000000E+01  0.1000000E+01  0.1000000E+00
  0.4266640E+01  0.4017283E-01  0.4870000E+01  0.5000000E+01  0.1000000E+01  0.1000000E+00
  0.4266649E+01  0.4018230E-01  0.4865000E+01  0.5000000E+01  0.1000000E+01  0.1000000E+00
  0.4266658E+01  0.4019180E-01  0.4860000E+01  0.5000000E+01  0.1000000E+01  0.1000000E+00
  0.4266667E+01  0.4020135E-01  0.4855000E+01  0.5000000E+01  0.1000000E+01  0.1000000E+00
  0.4266677E+01  0.4021094E-01  0.4850000E+01  0.5000000E+01  0.1000000E+01  0.1000000E+00
  0.4266686E+01  0.4022057E-01  0.4845000E+01  0.5000000E+01  0.1000000E+01  0.1000000E+00
  0.4266695E+01  0.4023025E-01  0.4840000E+01  0.5000000E+01  0.1000000E+01  0.1000000E+00
  0.4266705E+01  0.4023996E-01  0.4835000E+01  0.5000000E+01  0.1000000E+01  0.1000000E+00
  0.4266714E+01  0.4024972E-01  0.4830000E+01  0.5000000E+01  0.1000000E+01  0.1000000E+00
  0.4266723E+01  0.4025952E-01  0.4825000E+01  0.5000000E+01  0.1000000E+01  0.1000000E+00
  0.4266733E+01  0.4026936E-01  0.4820000E+01  0.5000000E+01  0.1000000E+01  0.1000000E+00
  0.4266742E+01  0.4027925E-01  0.4815000E+01  0.5000000E+01  0.1000000E+01  0.1000000E+00
  0.4266752E+01  0.4028918E-01  0.4810000E+01  0.5000000E+01  0.1000000E+01  0.1000000E+00
  0.4266761E+01  0.4029915E-01  0.4805000E+01  0.5000000E+01  0.1000000E+01  0.1000000E+00
  0.4266771E+01  0.4030916E-01  0.4800000E+01  0.5000000E+01  0.1000000E+01  0.1000000E+00
  0.4266781E+01  0.4031922E-01  0.4795000E+01  0.5000000E+01  0.1000000E+01  0.1000000E+00
  0.4266790E+01  0.4032932E-01  0.4790000E+01  0.5000000E+01  0.1000000E+01  0.1000000E+00
  0.4266800E+01  0.4033946E-01  0.4785000E+01  0.5000000E+01  0.1000000E+01  0.1000000E+00
  0.4266809E+01  0.4034965E-01  0.4780000E+01  0.5000000E+01  0.1000000E+01  0.1000000E+00
  0.4266819E+01  0.4035988E-01  0.4775000E+01  0.5000000E+01  0.1000000E+01  0.1000000E+00
  0.4266829E+01  0.4037016E-01  0.4770000E+01  0.5000000E+01  0.1000000E+01  0.1000000E+00
  0.4266839E+01  0.4038047E-01  0.4765000E+01  0.5000000E+01  0.1000000E+01  0.1000000E+00
  0.4266848E+01  0.4039084E-01  0.4760000E+01  0.5000000E+01  0.1000000E+01  0.1000000E+00
  0.4266858E+01  0.4040124E-01  0.4755000E+01  0.5000000E+01  0.1000000E+01  0.1000000E+00
  0.4266868E+01  0.4041169E-01  0.4750000E+01  0.5000000E+01  0.1000000E+01  0.1000000E+00
  0.4266878E+01  0.4042219E-01  0.4745000E+01  0.5000000E+01  0.1000000E+01  0.1000000E+00
  0.4266888E+01  0.4043273E-01  0.4740000E+01  0.5000000E+01  0.1000000E+01  0.1000000E+00
  0.4266898E+01  0.4044331E-01  0.4735000E+01  0.5000000E+01  0.1000000E+01  0.1000000E+00
  0.4266907E+01  0.4045394E-01  0.4730000E+01  0.5000000E+01  0.1000000E+01  0.1000000E+00
  0.4266917E+01  0.4046461E-01  0.4725000E+01  0.5000000E+01  0.1000000E+01  0.1000000E+00
  0.4266927E+01  0.4047533E-01  0.4720000E+01  0.5000000E+01  0.1000000E+01  0.1000000E+00
  0.4266937E+01  0.4048609E-01  0.4715000E+01  0.5000000E+01  0.1000000E+01  0.1000000E+00
  0.4266947E+01  0.4049690E-01  0.4710000E+01  0.5000000E+01  0.1000000E+01  0.1000000E+00
  0.4266957E+01  0.4050776E-01  0.4705000E+01  0.5000000E+01  0.1000000E+01  0.1000000E+00
  0.4266968E+01  0.4051866E-01  0.4700000E+01  0.5000000E+01  0.1000000E+01  0.1000000E+00
  0.4266978E+01  0.4052960E-01  0.4695000E+01  0.5000000E+01  0.1000000E+01  0.1000000E+00
  0.4266988E+01  0.4054060E-01  0.4690000E+01  0.5000000E+01  0.1000000E+01  0.1000000E+00
  0.4266998E+01  0.4055163E-01  0.4685000E+01  0.5000000E+01  0.1000000E+01  0.1000000E+00
  0.4267008E+01  0.4056272E-01  0.4680000E+01  0.5000000E+01  0.1000000E+01  0.1000000E+00
  0.4267018E+01  0.4057385E-01  0.4675000E+01  0.5000000E+01  0.1000000E+01  0.1000000E+00
  0.4267029E+01  0.4058502E-01  0.4670000E+01  0.5000000E+01  0.1000000E+01  0.1000000E+00
  0.4267039E+01  0.4059625E-01  0.4665000E+01  0.5000000E+01  0.1000000E+01  0.1000000E+00
  0.4267049E+01  0.4060752E-01  0.4660000E+01  0.5000000E+01  0.1000000E+01  0.1000000E+00
  0.4267060E+01  0.4061883E-01  0.4655000E+01  0.5000000E+01  0.1000000E+01  0.1000000E+00
  0.4267070E+01  0.4063019E-01  0.4650000E+01  0.5000000E+01  0.1000000E+01  0.1000000E+00
  0.4267080E+01  0.4064161E-01  0.4645000E+01  0.5000000E+01  0.1000000E+01  0.1000000E+00
  0.4267091E+01  0.4065306E-01  0.4640000E+01  0.5000000E+01  0.1000000E+01  0.1000000E+00
  0.4267101E+01  0.4066457E-01  0.4635000E+01  0.5000000E+01  0.1000000E+01  0.1000000E+00
  0.4267112E+01  0.4067612E-01  0.4630000E+01  0.5000000E+01  0.1000000E+01  0.1000000E+00
  0.4267122E+01  0.4068772E-01  0.4625000E+01  0.5000000E+01  0.1000000E+01  0.1000000E+00
  0.4267133E+01  0.4069937E-01  0.4620000E+01  0.5000000E+01  0.1000000E+01  0.1000000E+00
  0.4267143E+01  0.4071106E-01  0.4615000E+01  0.5000000E+01  0.1000000E+01  0.1000000E+00
  0.4267154E+01  0.4072281E-01  0.4610000E+01  0.5000000E+01  0.1000000E+01  0.1000000E+00
  0.4267164E+01  0.4073460E-01  0.4605000E+01  0.5000000E+01  0.1000000E+01  0.1000000E+00
  0.4267175E+01  0.4074644E-01  0.4600000E+01  0.5000000E+01  0.1000000E+01  0.1000000E+00
  0.4267186E+01  0.4075833E-01  0.4595000E+01  0.5000000E+01  0.1000000E+01  0.1000000E+00
  0.4267196E+01  0.4077027E-01  0.4590000E+01  0.5000000E+01  0.1000000E+01  0.1000000E+00
  0.4267207E+01  0.4078226E-01  0.4585000E+01  0.5000000E+01  0.1000000E+01  0.1000000E+00
  0.4267218E+01  0.4079429E-01  0.4580000E+01  0.5000000E+01  0.1000000E+01  0.1000000E+00
  0.4267229E+01  0.4080638E-01  0.4575000E+01  0.5000000E+01  0.1000000E+01  0.1000000E+00
  0.4267240E+01  0.4081851E-01  0.4570000E+01  0.5000000E+01  0.1000000E+01  0.1000000E+00
  0.4267250E+01  0.4083069E-01  0.4565000E+01  0.5000000E+01  0.1000000E+01  0.1000000E+00
  0.4267261E+01  0.4084293E-01  0.4560000E+01  0.5000000E+01  0.1000000E+01  0.1000000E+00
  0.4267272E+01  0.4085521E-01  0.4555000E+01  0.5000000E+01  0.1000000E+01  0.1000000E+00
  0.4267283E+01  0.4086754E-01  0.4550000E+01  0.5000000E+01  0.1000000E+01  0.1000000E+00
  0.4267294E+01  0.4087993E-01  0.4545000E+01  0.5000000E+01  0.1000000E+01  0.1000000E+00
  0.4267305E+01  0.4089236E-01  0.4540000E+01  0.5000000E+01  0.1000000E+01  0.1000000E+00
  0.4267316E+01  0.4090484E-01  0.4535000E+01  0.5000000E+01  0.1000000E+01  0.1000000E+00
  0.4267327E+01  0.4091738E-01  0.4530000E+01  0.5000000E+01  0.1000000E+01  0.1000000E+00
  0.4267338E+01  0.4092996E-01  0.4525000E+01  0.5000000E+01  0.1000000E+01  0.1000000E+00
  0.4267349E+01  0.4094260E-01  0.4520000E+01  0.5000000E+01  0.1000000E+01  0.1000000E+00
  0.4267361E+01  0.4095528E-01  0.4515000E+01  0.5000000E+01  0.1000000E+01  0.1000000E+00
  0.4267372E+01  0.4096802E-01  0.4510000E+01  0.5000000E+01  0.1000000E+01  0.1000000E+00
  0.4267383E+01  0.4098081E-01  0.4505000E+01  0.5000000E+01  0.1000000E+01  0.1000000E+00
  0.4267394E+01  0.4099365E-01  0.4500000E+01  0.5000000E+01  0.1000000E+01  0.1000000E+00
  0.4267405E+01  0.4100654E-01  0.4495000E+01  0.5000000E+01  0.1000000E+01  0.1000000E+00
  0.4267417E+01  0.4101949E-01  0.4490000E+01  0.5000000E+01  0.1000000E+01  0.1000000E+00
  0.4267428E+01  0.4103248E-01  0.4485000E+01  0.5000000E+01  0.1000000E+01  0.1000000E+00
  0.4267439E+01  0.4104553E-01  0.4480000E+01  0.5000000E+01  0.1000000E+01  0.1000000E+00
  0.4267451E+01  0.4105863E-01  0.4475000E+01  0.5000000E+01  0.1000000E+01  0.1000000E+00
  0.4267462E+01  0.4107178E-01  0.4470000E+01  0.5000000E+01  0.1000000E+01  0.1000000E+00
  0.4267474E+01  0.4108499E-01  0.4465000E+01  0.5000000E+01  0.1000000E+01  0.1000000E+00
  0.4267485E+01  0.4109825E-01  0.4460000E+01  0.5000000E+01  0.1000000E+01  0.1000000E+00
  0.4267497E+01  0.4111156E-01  0.4455000E+01  0.5000000E+01  0.1000000E+01  0.1000000E+00
  0.4267508E+01  0.4112492E-01  0.4450000E+01  0.5000000E+01  0.1000000E+01  0.1000000E+00
  0.4267520E+01  0.4113834E-01  0.4445000E+01  0.5000000E+01  0.1000000E+01  0.1000000E+00
  0.4267531E+01  0.4115181E-01  0.4440000E+01  0.5000000E+01  0.1000000E+01  0.1000000E+00
  0.4267543E+01  0.4116534E-01  0.4435000E+01  0.5000000E+01  0.1000000E+01  0.1000000E+00
  0.4267555E+01  0.4117891E-01  0.4430000E+01  0.5000000E+01  0.1000000E+01  0.1000000E+00
  0.4267566E+01  0.4119255E-01  0.4425000E+01  0.5000000E+01  0.1000000E+01  0.1000000E+00
  0.4267578E+01  0.4120623E-01  0.4420000E+01  0.5000000E+01  0.1000000E+01  0.1000000E+00
  0.4267590E+01  0.4121997E-01  0.4415000E+01  0.5000000E+01  0.1000000E+01  0.1000000E+00
  0.4267602E+01  0.4123377E-01  0.4410000E+01  0.5000000E+01  0.1000000E+01  0.1000000E+00
  0.4267614E+01  0.4124762E-01  0.4405000E+01  0.5000000E+01  0.1000000E+01  0.1000000E+00
  0.4267625E+01  0.4126152E-01  0.4400000E+01  0.5000000E+01  0.1000000E+01  0.1000000E+00
  0.4267637E+01  0.4127548E-01  0.4395000E+01  0.5000000E+01  0.1000000E+01  0.1000000E+00
  0.4267649E+01  0.4128949E-01  0.4390000E+01  0.5000000E+01  0.1000000E+01  0.1000000E+00
  0.4267661E+01  0.4130356E-01  0.4385000E+01  0.5000000E+01  0.1000000E+01  0.1000000E+00
  0.4267673E+01  0.4131769E-01  0.4380000E+01  0.5000000E+01  0.1000000E+01  0.1000000E+00
  0.4267685E+01  0.4133187E-01  0.4375000E+01  0.5000000E+01  0.1000000E+01  0.1000000E+00
  0.4267697E+01  0.4134611E-01  0.4370000E+01  0.5000000E+01  0.1000000E+01  0.1000000E+00
  0.4267709E+01  0.4136040E-01  0.4365000E+01  0.5000000E+01  0.1000000E+01  0.1000000E+00
  0.4267722E+01  0.4137475E-01  0.4360000E+01  0.5000000E+01  0.1000000E+01  0.1000000E+00
  0.4267734E+01  0.4138915E-01  0.4355000E+01  0.5000000E+01  0.1000000E+01  0.1000000E+00
  0.4267746E+01  0.4140361E-01  0.4350000E+01  0.5000000E+01  0.1000000E+01  0.1000000E+00
  0.4267758E+01  0.4141813E-01  0.4345000E+01  0.5000000E+01  0.1000000E+01  0.1000000E+00
  0.4267770E+01  0.4143271E-01  0.4340000E+01  0.5000000E+01  0.1000000E+01  0.1000000E+00
  0.4267783E+01  0.4144734E-01  0.4335000E+01  0.5000000E+01  0.1000000E+01  0.1000000E+00
  0.4267795E+01  0.4146203E-01  0.4330000E+01  0.5000000E+01  0.1000000E+01  0.1000000E+00
  0.4267807E+01  0.4147678E-01  0.4325000E+01  0.5000000E+01  0.1000000E+01  0.1000000E+00
  0.4267820E+01  0.4149158E-01  0.4320000E+01  0.5000000E+01  0.1000000E+01  0.1000000E+00
  0.4267832E+01  0.4150644E-01  0.4315000E+01  0.5000000E+01  0.1000000E+01  0.1000000E+00
  0.4267845E+01  0.4152136E-01  0.4310000E+01  0.5000000E+01  0.1000000E+01  0.1000000E+00
  0.4267857E+01  0.4153634E-01  0.4305000E+01  0.5000000E+01  0.1000000E+01  0.1000000E+00
  0.4267870E+01  0.4155138E-01  0.4300000E+01  0.5000000E+01  0.1000000E+01  0.1000000E+00
  0.4267882E+01  0.4156648E-01  0.4295000E+01  0.5000000E+01  0.1000000E+01  0.1000000E+00
  0.4267895E+01  0.4158163E-01  0.4290000E+01  0.5000000E+01  0.1000000E+01  0.1000000E+00
  0.4267907E+01  0.4159684E-01  0.4285000E+01  0.5000000E+01  0.1000000E+01  0.1000000E+00
  0.4267920E+01  0.4161212E-01  0.4280000E+01  0.5000000E+01  0.1000000E+01  0.1000000E+00
  0.4267933E+01  0.4162745E-01  0.4275000E+01  0.5000000E+01  0.1000000E+01  0.1000000E+00
  0.4267945E+01  0.4164284E-01  0.4270000E+01  0.5000000E+01  0.1000000E+01  0.1000000E+00
  0.4267958E+01  0.4165829E-01  0.4265000E+01  0.5000000E+01  0.1000000E+01  0.1000000E+00
  0.4267971E+01  0.4167380E-01  0.4260000E+01  0.5000000E+01  0.1000000E+01  0.1000000E+00
  0.4267984E+01  0.4168937E-01  0.4255000E+01  0.5000000E+01  0.1000000E+01  0.1000000E+00
  0.4267997E+01  0.4170501E-01  0.4250000E+01  0.5000000E+01  0.1000000E+01  0.1000000E+00
  0.4268010E+01  0.4172070E-01  0.4245000E+01  0.5000000E+01  0.1000000E+01  0.1000000E+00
  0.4268022E+01  0.4173645E-01  0.4240000E+01  0.5000000E+01  0.1000000E+01  0.1000000E+00
  0.4268035E+01  0.4175227E-01  0.4235000E+01  0.5000000E+01  0.1000000E+01  0.1000000E+00
  0.4268048E+01  0.4176814E-01  0.4230000E+01  0.5000000E+01  0.1000000E+01  0.1000000E+00
  0.4268061E+01  0.4178408E-01  0.4225000E+01  0.5000000E+01  0.1000000E+01  0.1000000E+00
  0.4268075E+01  0.4180007E-01  0.4220000E+01  0.5000000E+01  0.1000000E+01  0.1000000E+00
  0.4268088E+01  0.4181613E-01  0.4215000E+01  0.5000000E+01  0.1000000E+01  0.1000000E+00
  0.4268101E+01  0.4183226E-01  0.4210000E+01  0.5000000E+01  0.1000000E+01  0.1000000E+00
  0.4268114E+01  0.4184844E-01  0.4205000E+01  0.5000000E+01  0.1000000E+01  0.1000000E+00
  0.4268127E+01  0.4186468E-01  0.4200000E+01  0.5000000E+01  0.1000000E+01  0.1000000E+00
  0.4268140E+01  0.4188099E-01  0.4195000E+01  0.5000000E+01  0.1000000E+01  0.1000000E+00
  0.4268154E+01  0.4189736E-01  0.4190000E+01  0.5000000E+01  0.1000000E+01  0.1000000E+00
  0.4268167E+01  0.4191380E-01  0.4185000E+01  0.5000000E+01  0.1000000E+01  0.1000000E+00
  0.4268180E+01  0.4193029E-01  0.4180000E+01  0.5000000E+01  0.1000000E+01  0.1000000E+00
  0.4268194E+01  0.4194686E-01  0.4175000E+01  0.5000000E+01  0.1000000E+01  0.1000000E+00
  0.4268207E+01  0.4196348E-01  0.4170000E+01  0.5000000E+01  0.1000000E+01  0.1000000E+00
  0.4268221E+01  0.4198017E-01  0.4165000E+01  0.5000000E+01  0.1000000E+01  0.1000000E+00
  0.4268234E+01  0.4199692E-01  0.4160000E+01  0.5000000E+01  0.1000000E+01  0.1000000E+00
  0.4268248E+01  0.4201374E-01  0.4155000E+01  0.5000000E+01  0.1000000E+01  0.1000000E+00
  0.4268261E+01  0.4203062E-01  0.4150000E+01  0.5000000E+01  0.1000000E+01  0.1000000E+00
  0.4268275E+01  0.4204756E-01  0.4145000E+01  0.5000000E+01  0.1000000E+01  0.1000000E+00
  0.4268289E+01  0.4206457E-01  0.4140000E+01  0.5000000E+01  0.1000000E+01  0.1000000E+00
  0.4268302E+01  0.4208165E-01  0.4135000E+01  0.5000000E+01  0.1000000E+01  0.1000000E+00
  0.4268316E+01  0.4209879E-01  0.4130000E+01  0.5000000E+01  0.1000000E+01  0.1000000E+00
  0.4268330E+01  0.4211599E-01  0.4125000E+01  0.5000000E+01  0.1000000E+01  0.1000000E+00
  0.4268344E+01  0.4213326E-01  0.4120000E+01  0.5000000E+01  0.1000000E+01  0.1000000E+00
  0.4268358E+01  0.4215060E-01  0.4115000E+01  0.5000000E+01  0.1000000E+01  0.1000000E+00
  0.4268371E+01  0.4216800E-01  0.4110000E+01  0.5000000E+01  0.1000000E+01  0.1000000E+00
  0.4268385E+01  0.4218547E-01  0.4105000E+01  0.5000000E+01  0.1000000E+01  0.1000000E+00
  0.4268399E+01  0.4220301E-01  0.4100000E+01  0.5000000E+01  0.1000000E+01  0.1000000E+00
  0.4268413E+01  0.4222061E-01  0.4095000E+01  0.5000000E+01  0.1000000E+01  0.1000000E+00
  0.4268427E+01  0.4223828E-01  0.4090000E+01  0.5000000E+01  0.1000000E+01  0.1000000E+00
  0.4268441E+01  0.4225602E-01  0.4085000E+01  0.5000000E+01  0.1000000E+01  0.1000000E+00
  0.4268455E+01  0.4227383E-01  0.4080000E+01  0.5000000E+01  0.1000000E+01  0.1000000E+00
  0.4268470E+01  0.4229170E-01  0.4075000E+01  0.5000000E+01  0.1000000E+01  0.1000000E+00
  0.4268484E+01  0.4230964E-01  0.4070000E+01  0.5000000E+01  0.1000000E+01  0.1000000E+00
  0.4268498E+01  0.4232765E-01  0.4065000E+01  0.5000000E+01  0.1000000E+01  0.1000000E+00
  0.4268512E+01  0.4234573E-01  0.4060000E+01  0.5000000E+01  0.1000000E+01  0.1000000E+00
  0.4268527E+01  0.4236388E-01  0.4055000E+01  0.5000000E+01  0.1000000E+01  0.1000000E+00
  0.4268541E+01  0.4238209E-01  0.4050000E+01  0.5000000E+01  0.1000000E+01  0.1000000E+00
  0.4268555E+01  0.4240037E-01  0.4045000E+01  0.5000000E+01  0.1000000E+01  0.1000000E+00
  0.4268570E+01  0.4241873E-01  0.4040000E+01  0.5000000E+01  0.1000000E+01  0.1000000E+00
  0.4268584E+01  0.4243715E-01  0.4035000E+01  0.5000000E+01  0.1000000E+01  0.1000000E+00
  0.4268599E+01  0.4245565E-01  0.4030000E+01  0.5000000E+01  0.1000000E+01  0.1000000E+00
  0.4268613E+01  0.4247421E-01  0.4025000E+01  0.5000000E+01  0.1000000E+01  0.1000000E+00
  0.4268628E+01  0.4249284E-01  0.4020000E+01  0.5000000E+01  0.1000000E+01  0.1000000E+00
  0.4268643E+01  0.4251155E-01  0.4015000E+01  0.5000000E+01  0.1000000E+01  0.1000000E+00
  0.4268657E+01  0.4253032E-01  0.4010000E+01  0.5000000E+01  0.1000000E+01  0.1000000E+00
  0.4268672E+01  0.4254917E-01  0.4005000E+01  0.5000000E+01  0.1000000E+01  0.1000000E+00
  0.4268687E+01  0.4256808E-01  0.4000000E+01  0.5000000E+01  0.1000000E+01  0.1000000E+00
  0.4268701E+01  0.4258707E-01  0.3995000E+01  0.5000000E+01  0.1000000E+01  0.1000000E+00
  0.4268716E+01  0.4260613E-01  0.3990000E+01  0.5000000E+01  0.1000000E+01  0.1000000E+00
  0.4268731E+01  0.4262527E-01  0.3985000E+01  0.5000000E+01  0.1000000E+01  0.1000000E+00
  0.4268746E+01  0.4264447E-01  0.3980000E+01  0.5000000E+01  0.1000000E+01  0.1000000E+00
  0.4268761E+01  0.4266375E-01  0.3975000E+01  0.5000000E+01  0.1000000E+01  0.1000000E+00
  0.4268776E+01  0.4268310E-01  0.3970000E+01  0.5000000E+01  0.1000000E+01  0.1000000E+00
  0.4268791E+01  0.4270252E-01  0.3965000E+01  0.5000000E+01  0.1000000E+01  0.1000000E+00
  0.4268806E+01  0.4272202E-01  0.3960000E+01  0.5000000E+01  0.1000000E+01  0.1000000E+00
  0.4268821E+01  0.4274159E-01  0.3955000E+01  0.5000000E+01  0.1000000E+01  0.1000000E+00
  0.4268836E+01  0.4276123E-01  0.3950000E+01  0.5000000E+01  0.1000000E+01  0.1000000E+00
  0.4268852E+01  0.4278095E-01  0.3945000E+01  0.5000000E+01  0.1000000E+01  0.1000000E+00
  0.4268867E+01  0.4280075E-01  0.3940000E+01  0.5000000E+01  0.1000000E+01  0.1000000E+00
  0.4268882E+01  0.4282061E-01  0.3935000E+01  0.5000000E+01  0.1000000E+01  0.1000000E+00
  0.4268897E+01  0.4284055E-01  0.3930000E+01  0.5000000E+01  0.1000000E+01  0.1000000E+00
  0.4268913E+01  0.4286057E-01  0.3925000E+01  0.5000000E+01  0.1000000E+01  0.1000000E+00
  0.4268928E+01  0.4288066E-01  0.3920000E+01  0.5000000E+01  0.1000000E+01  0.1000000E+00
  0.4268944E+01  0.4290083E-01  0.3915000E+01  0.5000000E+01  0.1000000E+01  0.1000000E+00
  0.4268959E+01  0.4292108E-01  0.3910000E+01  0.5000000E+01  0.1000000E+01  0.1000000E+00
  0.4268975E+01  0.4294140E-01  0.3905000E+01  0.5000000E+01  0.1000000E+01  0.1000000E+00
  0.4268990E+01  0.4296179E-01  0.3900000E+01  0.5000000E+01  0.1000000E+01  0.1000000E+00
  0.4269006E+01  0.4298227E-01  0.3895000E+01  0.5000000E+01  0.1000000E+01  0.1000000E+00
  0.4269022E+01  0.4300282E-01  0.3890000E+01  0.5000000E+01  0.1000000E+01  0.1000000E+00
  0.4269037E+01  0.4302344E-01  0.3885000E+01  0.5000000E+01  0.1000000E+01  0.1000000E+00
  0.4269053E+01  0.4304415E-01  0.3880000E+01  0.5000000E+01  0.1000000E+01  0.1000000E+00
  0.4269069E+01  0.4306493E-01  0.3875000E+01  0.5000000E+01  0.1000000E+01  0.1000000E+00
  0.4269085E+01  0.4308579E-01  0.3870000E+01  0.5000000E+01  0.1000000E+01  0.1000000E+00
  0.4269101E+01  0.4310673E-01  0.3865000E+01  0.5000000E+01  0.1000000E+01  0.1000000E+00
  0.4269117E+01  0.4312775E-01  0.3860000E+01  0.5000000E+01  0.1000000E+01  0.1000000E+00
  0.4269133E+01  0.4314885E-01  0.3855000E+01  0.5000000E+01  0.1000000E+01  0.1000000E+00
  0.4269149E+01  0.4317002E-01  0.3850000E+01  0.5000000E+01  0.1000000E+01  0.1000000E+00
  0.4269165E+01  0.4319128E-01  0.3845000E+01  0.5000000E+01  0.1000000E+01  0.1000000E+00
  0.4269181E+01  0.4321261E-01  0.3840000E+01  0.5000000E+01  0.1000000E+01  0.1000000E+00
  0.4269197E+01  0.4323403E-01  0.3835000E+01  0.5000000E+01  0.1000000E+01  0.1000000E+00
  0.4269213E+01  0.4325553E-01  0.3830000E+01  0.5000000E+01  0.1000000E+01  0.1000000E+00
  0.4269230E+01  0.4327710E-01  0.3825000E+01  0.5000000E+01  0.1000000E+01  0.1000000E+00
  0.4269246E+01  0.4329876E-01  0.3820000E+01  0.5000000E+01  0.1000000E+01  0.1000000E+00
  0.4269262E+01  0.4332050E-01  0.3815000E+01  0.5000000E+01  0.1000000E+01  0.1000000E+00
  0.4269279E+01  0.4334232E-01  0.3810000E+01  0.5000000E+01  0.1000000E+01  0.1000000E+00
  0.4269295E+01  0.4336422E-01  0.3805000E+01  0.5000000E+01  0.1000000E+01  0.1000000E+00
  0.4269312E+01  0.4338620E-01  0.3800000E+01  0.5000000E+01  0.1000000E+01  0.1000000E+00
  0.4269328E+01  0.4340827E-01  0.3795000E+01  0.5000000E+01  0.1000000E+01  0.1000000E+00
  0.4269345E+01  0.4343042E-01  0.3790000E+01  0.5000000E+01  0.1000000E+01  0.1000000E+00
  0.4269361E+01  0.4345265E-01  0.3785000E+01  0.5000000E+01  0.1000000E+01  0.1000000E+00
  0.4269378E+01  0.4347497E-01  0.3780000E+01  0.5000000E+01  0.1000000E+01  0.1000000E+00
  0.4269395E+01  0.4349737E-01  0.3775000E+01  0.5000000E+01  0.1000000E+01  0.1000000E+00
  0.4269412E+01  0.4351985E-01  0.3770000E+01  0.5000000E+01  0.1000000E+01  0.1000000E+00
  0.4269428E+01  0.4354242E-01  0.3765000E+01  0.5000000E+01  0.1000000E+01  0.1000000E+00
  0.4269445E+01  0.4356507E-01  0.3760000E+01  0.5000000E+01  0.1000000E+01  0.1000000E+00
  0.4269462E+01  0.4358780E-01  0.3755000E+01  0.5000000E+01  0.1000000E+01  0.1000000E+00
  0.4269479E+01  0.4361063E-01  0.3750000E+01  0.5000000E+01  0.1000000E+01  0.1000000E+00
  0.4269496E+01  0.4363353E-01  0.3745000E+01  0.5000000E+01  0.1000000E+01  0.1000000E+00
  0.4269513E+01  0.4365653E-01  0.3740000E+01  0.5000000E+01  0.1000000E+01  0.1000000E+00
  0.4269530E+01  0.4367960E-01  0.3735000E+01  0.5000000E+01  0.1000000E+01  0.1000000E+00
  0.4269548E+01  0.4370277E-01  0.3730000E+01  0.5000000E+01  0.1000000E+01  0.1000000E+00
  0.4269565E+01  0.4372602E-01  0.3725000E+01  0.5000000E+01  0.1000000E+01  0.1000000E+00
  0.4269582E+01  0.4374936E-01  0.3720000E+01  0.5000000E+01  0.1000000E+01  0.1000000E+00
  0.4269599E+01  0.4377279E-01  0.3715000E+01  0.5000000E+01  0.1000000E+01  0.1000000E+00
  0.4269617E+01  0.4379630E-01  0.3710000E+01  0.5000000E+01  0.1000000E+01  0.1000000E+00
  0.4269634E+01  0.4381990E-01  0.3705000E+01  0.5000000E+01  0.1000000E+01  0.1000000E+00
  0.4269652E+01  0.4384359E-01  0.3700000E+01  0.5000000E+01  0.1000000E+01  0.1000000E+00
  0.4269669E+01  0.4386737E-01  0.3695000E+01  0.5000000E+01  0.1000000E+01  0.1000000E+00
  0.4269687E+01  0.4389124E-01  0.3690000E+01  0.5000000E+01  0.1000000E+01  0.1000000E+00
  0.4269704E+01  0.4391520E-01  0.3685000E+01  0.5000000E+01  0.1000000E+01  0.1000000E+00
  0.4269722E+01  0.4393925E-01  0.3680000E+01  0.5000000E+01  0.1000000E+01  0.1000000E+00
  0.4269740E+01  0.4396338E-01  0.3675000E+01  0.5000000E+01  0.1000000E+01  0.1000000E+00
  0.4269757E+01  0.4398761E-01  0.3670000E+01  0.5000000E+01  0.1000000E+01  0.1000000E+00
  0.4269775E+01  0.4401193E-01  0.3665000E+01  0.5000000E+01  0.1000000E+01  0.1000000E+00
  0.4269793E+01  0.4403634E-01  0.3660000E+01  0.5000000E+01  0.1000000E+01  0.1000000E+00
  0.4269811E+01  0.4406084E-01  0.3655000E+01  0.5000000E+01  0.1000000E+01  0.1000000E+00
  0.4269829E+01  0.4408543E-01  0.3650000E+01  0.5000000E+01  0.1000000E+01  0.1000000E+00
  0.4269847E+01  0.4411012E-01  0.3645000E+01  0.5000000E+01  0.1000000E+01  0.1000000E+00
  0.4269865E+01  0.4413489E-01  0.3640000E+01  0.5000000E+01  0.1000000E+01  0.1000000E+00
  0.4269883E+01  0.4415976E-01  0.3635000E+01  0.5000000E+01  0.1000000E+01  0.1000000E+00
  0.4269902E+01  0.4418472E-01  0.3630000E+01  0.5000000E+01  0.1000000E+01  0.1000000E+00
  0.4269920E+01  0.4420978E-01  0.3625000E+01  0.5000000E+01  0.1000000E+01  0.1000000E+00
  0.4269938E+01  0.4423493E-01  0.3620000E+01  0.5000000E+01  0.1000000E+01  0.1000000E+00
  0.4269956E+01  0.4426017E-01  0.3615000E+01  0.5000000E+01  0.1000000E+01  0.1000000E+00
  0.4269975E+01  0.4428551E-01  0.3610000E+01  0.5000000E+01  0.1000000E+01  0.1000000E+00
  0.4269993E+01  0.4431095E-01  0.3605000E+01  0.5000000E+01  0.1000000E+01  0.1000000E+00
  0.4270012E+01  0.4433647E-01  0.3600000E+01  0.5000000E+01  0.1000000E+01  0.1000000E+00
  0.4270030E+01  0.4436210E-01  0.3595000E+01  0.5000000E+01  0.1000000E+01  0.1000000E+00
  0.4270049E+01  0.4438782E-01  0.3590000E+01  0.5000000E+01  0.1000000E+01  0.1000000E+00
  0.4270068E+01  0.4441364E-01  0.3585000E+01  0.5000000E+01  0.1000000E+01  0.1000000E+00
  0.4270086E+01  0.4443955E-01  0.3580000E+01  0.5000000E+01  0.1000000E+01  0.1000000E+00
  0.4270105E+01  0.4446556E-01  0.3575000E+01  0.5000000E+01  0.1000000E+01  0.1000000E+00
  0.4270124E+01  0.4449167E-01  0.3570000E+01  0.5000000E+01  0.1000000E+01  0.1000000E+00
  0.4270143E+01  0.4451787E-01  0.3565000E+01  0.5000000E+01  0.1000000E+01  0.1000000E+00
  0.4270162E+01  0.4454418E-01  0.3560000E+01  0.5000000E+01  0.1000000E+01  0.1000000E+00
  0.4270181E+01  0.4457058E-01  0.3555000E+01  0.5000000E+01  0.1000000E+01  0.1000000E+00
  0.4270200E+01  0.4459708E-01  0.3550000E+01  0.5000000E+01  0.1000000E+01  0.1000000E+00
  0.4270219E+01  0.4462368E-01  0.3545000E+01  0.5000000E+01  0.1000000E+01  0.1000000E+00
  0.4270238E+01  0.4465038E-01  0.3540000E+01  0.5000000E+01  0.1000000E+01  0.1000000E+00
  0.4270258E+01  0.4467718E-01  0.3535000E+01  0.5000000E+01  0.1000000E+01  0.1000000E+00
  0.4270277E+01  0.4470408E-01  0.3530000E+01  0.5000000E+01  0.1000000E+01  0.1000000E+00
  0.4270296E+01  0.4473108E-01  0.3525000E+01  0.5000000E+01  0.1000000E+01  0.1000000E+00
  0.4270316E+01  0.4475819E-01  0.3520000E+01  0.5000000E+01  0.1000000E+01  0.1000000E+00
  0.4270335E+01  0.4478539E-01  0.3515000E+01  0.5000000E+01  0.1000000E+01  0.1000000E+00
  0.4270355E+01  0.4481270E-01  0.3510000E+01  0.5000000E+01  0.1000000E+01  0.1000000E+00
  0.4270374E+01  0.4484011E-01  0.3505000E+01  0.5000000E+01  0.1000000E+01  0.1000000E+00
  0.4270394E+01  0.4486762E-01  0.3500000E+01  0.5000000E+01  0.1000000E+01  0.1000000E+00
  0.4270414E+01  0.4489523E-01  0.3495000E+01  0.5000000E+01  0.1000000E+01  0.1000000E+00
  0.4270433E+01  0.4492295E-01  0.3490000E+01  0.5000000E+01  0.1000000E+01  0.1000000E+00
  0.4270453E+01  0.4495078E-01  0.3485000E+01  0.5000000E+01  0.1000000E+01  0.1000000E+00
  0.4270473E+01  0.4497870E-01  0.3480000E+01  0.5000000E+01  0.1000000E+01  0.1000000E+00
  0.4270493E+01  0.4500674E-01  0.3475000E+01  0.5000000E+01  0.1000000E+01  0.1000000E+00
  0.4270513E+01  0.4503487E-01  0.3470000E+01  0.5000000E+01  0.1000000E+01  0.1000000E+00
  0.4270533E+01  0.4506312E-01  0.3465000E+01  0.5000000E+01  0.1000000E+01  0.1000000E+00
  0.4270553E+01  0.4509147E-01  0.3460000E+01  0.5000000E+01  0.1000000E+01  0.1000000E+00
  0.4270574E+01  0.4511992E-01  0.3455000E+01  0.5000000E+01  0.1000000E+01  0.1000000E+00
  0.4270594E+01  0.4514849E-01  0.3450000E+01  0.5000000E+01  0.1000000E+01  0.1000000E+00
  0.4270614E+01  0.4517716E-01  0.3445000E+01  0.5000000E+01  0.1000000E+01  0.1000000E+00
  0.4270634E+01  0.4520594E-01  0.3440000E+01  0.5000000E+01  0.1000000E+01  0.1000000E+00
  0.4270655E+01  0.4523482E-01  0.3435000E+01  0.5000000E+01  0.1000000E+01  0.1000000E+00
  0.4270675E+01  0.4526382E-01  0.3430000E+01  0.5000000E+01  0.1000000E+01  0.1000000E+00
  0.4270696E+01  0.4529292E-01  0.3425000E+01  0.5000000E+01  0.1000000E+01  0.1000000E+00
  0.4270717E+01  0.4532214E-01  0.3420000E+01  0.5000000E+01  0.1000000E+01  0.1000000E+00
  0.4270737E+01  0.4535146E-01  0.3415000E+01  0.5000000E+01  0.1000000E+01  0.1000000E+00
  0.4270758E+01  0.4538090E-01  0.3410000E+01  0.5000000E+01  0.1000000E+01  0.1000000E+00
  0.4270779E+01  0.4541044E-01  0.3405000E+01  0.5000000E+01  0.1000000E+01  0.1000000E+00
  0.4270800E+01  0.4544010E-01  0.3400000E+01  0.5000000E+01  0.1000000E+01  0.1000000E+00
  0.4270821E+01  0.4546987E-01  0.3395000E+01  0.5000000E+01  0.1000000E+01  0.1000000E+00
  0.4270842E+01  0.4549975E-01  0.3390000E+01  0.5000000E+01  0.1000000E+01  0.1000000E+00
  0.4270863E+01  0.4552974E-01  0.3385000E+01  0.5000000E+01  0.1000000E+01  0.1000000E+00
  0.4270884E+01  0.4555985E-01  0.3380000E+01  0.5000000E+01  0.1000000E+01  0.1000000E+00
  0.4270905E+01  0.4559007E-01  0.3375000E+01  0.5000000E+01  0.1000000E+01  0.1000000E+00
  0.4270926E+01  0.4562041E-01  0.3370000E+01  0.5000000E+01  0.1000000E+01  0.1000000E+00
  0.4270948E+01  0.4565086E-01  0.3365000E+01  0.5000000E+01  0.1000000E+01  0.1000000E+00
  0.4270969E+01  0.4568142E-01  0.3360000E+01  0.5000000E+01  0.1000000E+01  0.1000000E+00
  0.4270991E+01  0.4571210E-01  0.3355000E+01  0.5000000E+01  0.1000000E+01  0.1000000E+00
  0.4271012E+01  0.4574290E-01  0.3350000E+01  0.5000000E+01  0.1000000E+01  0.1000000E+00
  0.4271034E+01  0.4577381E-01  0.3345000E+01  0.5000000E+01  0.1000000E+01  0.1000000E+00
  0.4271056E+01  0.4580484E-01  0.3340000E+01  0.5000000E+01  0.1000000E+01  0.1000000E+00
  0.4271077E+01  0.4583598E-01  0.3335000E+01  0.5000000E+01  0.1000000E+01  0.1000000E+00
  0.4271099E+01  0.4586725E-01  0.3330000E+01  0.5000000E+01  0.1000000E+01  0.1000000E+00
  0.4271121E+01  0.4589863E-01  0.3325000E+01  0.5000000E+01  0.1000000E+01  0.1000000E+00
  0.4271143E+01  0.4593013E-01  0.3320000E+01  0.5000000E+01  0.1000000E+01  0.1000000E+00
  0.4271165E+01  0.4596176E-01  0.3315000E+01  0.5000000E+01  0.1000000E+01  0.1000000E+00
  0.4271187E+01  0.4599350E-01  0.3310000E+01  0.5000000E+01  0.1000000E+01  0.1000000E+00
  0.4271209E+01  0.4602536E-01  0.3305000E+01  0.5000000E+01  0.1000000E+01  0.1000000E+00
  0.4271231E+01  0.4605734E-01  0.3300000E+01  0.5000000E+01  0.1000000E+01  0.1000000E+00
  0.4271254E+01  0.4608944E-01  0.3295000E+01  0.5000000E+01  0.1000000E+01  0.1000000E+00
  0.4271276E+01  0.4612167E-01  0.3290000E+01  0.5000000E+01  0.1000000E+01  0.1000000E+00
  0.4271299E+01  0.4615402E-01  0.3285000E+01  0.5000000E+01  0.1000000E+01  0.1000000E+00
  0.4271321E+01  0.4618649E-01  0.3280000E+01  0.5000000E+01  0.1000000E+01  0.1000000E+00
  0.4271344E+01  0.4621908E-01  0.3275000E+01  0.5000000E+01  0.1000000E+01  0.1000000E+00
  0.4271366E+01  0.4625180E-01  0.3270000E+01  0.5000000E+01  0.1000000E+01  0.1000000E+00
  0.4271389E+01  0.4628464E-01  0.3265000E+01  0.5000000E+01  0.1000000E+01  0.1000000E+00
  0.4271412E+01  0.4631761E-01  0.3260000E+01  0.5000000E+01  0.1000000E+01  0.1000000E+00
  0.4271435E+01  0.4635070E-01  0.3255000E+01  0.5000000E+01  0.1000000E+01  0.1000000E+00
  0.4271458E+01  0.4638392E-01  0.3250000E+01  0.5000000E+01  0.1000000E+01  0.1000000E+00
  0.4271481E+01  0.4641727E-01  0.3245000E+01  0.5000000E+01  0.1000000E+01  0.1000000E+00
  0.4271504E+01  0.4645074E-01  0.3240000E+01  0.5000000E+01  0.1000000E+01  0.1000000E+00
  0.4271527E+01  0.4648434E-01  0.3235000E+01  0.5000000E+01  0.1000000E+01  0.1000000E+00
  0.4271550E+01  0.4651807E-01  0.3230000E+01  0.5000000E+01  0.1000000E+01  0.1000000E+00
  0.4271574E+01  0.4655192E-01  0.3225000E+01  0.5000000E+01  0.1000000E+01  0.1000000E+00
  0.4271597E+01  0.4658591E-01  0.3220000E+01  0.5000000E+01  0.1000000E+01  0.1000000E+00
  0.4271620E+01  0.4662002E-01  0.3215000E+01  0.5000000E+01  0.1000000E+01  0.1000000E+00
  0.4271644E+01  0.4665427E-01  0.3210000E+01  0.5000000E+01  0.1000000E+01  0.1000000E+00
  0.4271668E+01  0.4668865E-01  0.3205000E+01  0.5000000E+01  0.1000000E+01  0.1000000E+00
  0.4271691E+01  0.4672315E-01  0.3200000E+01  0.5000000E+01  0.1000000E+01  0.1000000E+00
  0.4271715E+01  0.4675779E-01  0.3195000E+01  0.5000000E+01  0.1000000E+01  0.1000000E+00
  0.4271739E+01  0.4679257E-01  0.3190000E+01  0.5000000E+01  0.1000000E+01  0.1000000E+00
  0.4271763E+01  0.4682747E-01  0.3185000E+01  0.5000000E+01  0.1000000E+01  0.1000000E+00
  0.4271787E+01  0.4686251E-01  0.3180000E+01  0.5000000E+01  0.1000000E+01  0.1000000E+00
  0.4271811E+01  0.4689769E-01  0.3175000E+01  0.5000000E+01  0.1000000E+01  0.1000000E+00
  0.4271835E+01  0.4693300E-01  0.3170000E+01  0.5000000E+01  0.1000000E+01  0.1000000E+00
  0.4271859E+01  0.4696844E-01  0.3165000E+01  0.5000000E+01  0.1000000E+01  0.1000000E+00
  0.4271884E+01  0.4700402E-01  0.3160000E+01  0.5000000E+01  0.1000000E+01  0.1000000E+00
  0.4271908E+01  0.4703974E-01  0.3155000E+01  0.5000000E+01  0.1000000E+01  0.1000000E+00
  0.4271933E+01  0.4707559E-01  0.3150000E+01  0.5000000E+01  0.1000000E+01  0.1000000E+00
  0.4271957E+01  0.4711158E-01  0.3145000E+01  0.5000000E+01  0.1000000E+01  0.1000000E+00
  0.4271982E+01  0.4714771E-01  0.3140000E+01  0.5000000E+01  0.1000000E+01  0.1000000E+00
  0.4272007E+01  0.4718398E-01  0.3135000E+01  0.5000000E+01  0.1000000E+01  0.1000000E+00
  0.4272031E+01  0.4722039E-01  0.3130000E+01  0.5000000E+01  0.1000000E+01  0.1000000E+00
  0.4272056E+01  0.4725694E-01  0.3125000E+01  0.5000000E+01  0.1000000E+01  0.1000000E+00
  0.4272081E+01  0.4729363E-01  0.3120000E+01  0.5000000E+01  0.1000000E+01  0.1000000E+00
  0.4272106E+01  0.4733046E-01  0.3115000E+01  0.5000000E+01  0.1000000E+01  0.1000000E+00
  0.4272132E+01  0.4736744E-01  0.3110000E+01  0.5000000E+01  0.1000000E+01  0.1000000E+00
  0.4272157E+01  0.4740455E-01  0.3105000E+01  0.5000000E+01  0.1000000E+01  0.1000000E+00
  0.4272182E+01  0.4744181E-01  0.3100000E+01  0.5000000E+01  0.1000000E+01  0.1000000E+00
  0.4272207E+01  0.4747921E-01  0.3095000E+01  0.5000000E+01  0.1000000E+01  0.1000000E+00
  0.4272233E+01  0.4751676E-01  0.3090000E+01  0.5000000E+01  0.1000000E+01  0.1000000E+00
  0.4272259E+01  0.4755446E-01  0.3085000E+01  0.5000000E+01  0.1000000E+01  0.1000000E+00
  0.4272284E+01  0.4759229E-01  0.3080000E+01  0.5000000E+01  0.1000000E+01  0.1000000E+00
  0.4272310E+01  0.4763028E-01  0.3075000E+01  0.5000000E+01  0.1000000E+01  0.1000000E+00
  0.4272336E+01  0.4766841E-01  0.3070000E+01  0.5000000E+01  0.1000000E+01  0.1000000E+00
  0.4272362E+01  0.4770669E-01  0.3065000E+01  0.5000000E+01  0.1000000E+01  0.1000000E+00
  0.4272388E+01  0.4774512E-01  0.3060000E+01  0.5000000E+01  0.1000000E+01  0.1000000E+00
  0.4272414E+01  0.4778370E-01  0.3055000E+01  0.5000000E+01  0.1000000E+01  0.1000000E+00
  0.4272440E+01  0.4782243E-01  0.3050000E+01  0.5000000E+01  0.1000000E+01  0.1000000E+00
  0.4272466E+01  0.4786131E-01  0.3045000E+01  0.5000000E+01  0.1000000E+01  0.1000000E+00
  0.4272493E+01  0.4790034E-01  0.3040000E+01  0.5000000E+01  0.1000000E+01  0.1000000E+00
  0.4272519E+01  0.4793952E-01  0.3035000E+01  0.5000000E+01  0.1000000E+01  0.1000000E+00
  0.4272546E+01  0.4797885E-01  0.3030000E+01  0.5000000E+01  0.1000000E+01  0.1000000E+00
  0.4272572E+01  0.4801834E-01  0.3025000E+01  0.5000000E+01  0.1000000E+01  0.1000000E+00
  0.4272599E+01  0.4805798E-01  0.3020000E+01  0.5000000E+01  0.1000000E+01  0.1000000E+00
  0.4272626E+01  0.4809778E-01  0.3015000E+01  0.5000000E+01  0.1000000E+01  0.1000000E+00
  0.4272653E+01  0.4813773E-01  0.3010000E+01  0.5000000E+01  0.1000000E+01  0.1000000E+00
  0.4272680E+01  0.4817784E-01  0.3005000E+01  0.5000000E+01  0.1000000E+01  0.1000000E+00
  0.4272707E+01  0.4821810E-01  0.3000000E+01  0.5000000E+01  0.1000000E+01  0.1000000E+00
  0.4272734E+01  0.4825852E-01  0.2995000E+01  0.5000000E+01  0.1000000E+01  0.1000000E+00
  0.4272761E+01  0.4829910E-01  0.2990000E+01  0.5000000E+01  0.1000000E+01  0.1000000E+00
  0.4272789E+01  0.4833984E-01  0.2985000E+01  0.5000000E+01  0.1000000E+01  0.1000000E+00
  0.4272816E+01  0.4838074E-01  0.2980000E+01  0.5000000E+01  0.1000000E+01  0.1000000E+00
  0.4272844E+01  0.4842180E-01  0.2975000E+01  0.5000000E+01  0.1000000E+01  0.1000000E+00
  0.4272872E+01  0.4846301E-01  0.2970000E+01  0.5000000E+01  0.1000000E+01  0.1000000E+00
  0.4272899E+01  0.4850440E-01  0.2965000E+01  0.5000000E+01  0.1000000E+01  0.1000000E+00
  0.4272927E+01  0.4854594E-01  0.2960000E+01  0.5000000E+01  0.1000000E+01  0.1000000E+00
  0.4272955E+01  0.4858765E-01  0.2955000E+01  0.5000000E+01  0.1000000E+01  0.1000000E+00
  0.4272983E+01  0.4862952E-01  0.2950000E+01  0.5000000E+01  0.1000000E+01  0.1000000E+00
  0.4273011E+01  0.4867155E-01  0.2945000E+01  0.5000000E+01  0.1000000E+01  0.1000000E+00
  0.4273040E+01  0.4871376E-01  0.2940000E+01  0.5000000E+01  0.1000000E+01  0.1000000E+00
  0.4273068E+01  0.4875612E-01  0.2935000E+01  0.5000000E+01  0.1000000E+01  0.1000000E+00
  0.4273097E+01  0.4879866E-01  0.2930000E+01  0.5000000E+01  0.1000000E+01  0.1000000E+00
  0.4273125E+01  0.4884136E-01  0.2925000E+01  0.5000000E+01  0.1000000E+01  0.1000000E+00
  0.4273154E+01  0.4888423E-01  0.2920000E+01  0.5000000E+01  0.1000000E+01  0.1000000E+00
  0.4273183E+01  0.4892727E-01  0.2915000E+01  0.5000000E+01  0.1000000E+01  0.1000000E+00
  0.4273211E+01  0.4897048E-01  0.2910000E+01  0.5000000E+01  0.1000000E+01  0.1000000E+00
  0.4273240E+01  0.4901387E-01  0.2905000E+01  0.5000000E+01  0.1000000E+01  0.1000000E+00
  0.4273269E+01  0.4905742E-01  0.2900000E+01  0.5000000E+01  0.1000000E+01  0.1000000E+00
  0.4273299E+01  0.4910115E-01  0.2895000E+01  0.5000000E+01  0.1000000E+01  0.1000000E+00
  0.4273328E+01  0.4914505E-01  0.2890000E+01  0.5000000E+01  0.1000000E+01  0.1000000E+00
  0.4273357E+01  0.4918912E-01  0.2885000E+01  0.5000000E+01  0.1000000E+01  0.1000000E+00
  0.4273387E+01  0.4923337E-01  0.2880000E+01  0.5000000E+01  0.1000000E+01  0.1000000E+00
  0.4273416E+01  0.4927780E-01  0.2875000E+01  0.5000000E+01  0.1000000E+01  0.1000000E+00
  0.4273446E+01  0.4932240E-01  0.2870000E+01  0.5000000E+01  0.1000000E+01  0.1000000E+00
  0.4273476E+01  0.4936718E-01  0.2865000E+01  0.5000000E+01  0.1000000E+01  0.1000000E+00
  0.4273506E+01  0.4941214E-01  0.2860000E+01  0.5000000E+01  0.1000000E+01  0.1000000E+00
  0.4273536E+01  0.4945728E-01  0.2855000E+01  0.5000000E+01  0.1000000E+01  0.1000000E+00
  0.4273566E+01  0.4950259E-01  0.2850000E+01  0.5000000E+01  0.1000000E+01  0.1000000E+00
  0.4273596E+01  0.4954809E-01  0.2845000E+01  0.5000000E+01  0.1000000E+01  0.1000000E+00
  0.4273627E+01  0.4959378E-01  0.2840000E+01  0.5000000E+01  0.1000000E+01  0.1000000E+00
  0.4273657E+01  0.4963964E-01  0.2835000E+01  0.5000000E+01  0.1000000E+01  0.1000000E+00
  0.4273688E+01  0.4968569E-01  0.2830000E+01  0.5000000E+01  0.1000000E+01  0.1000000E+00
  0.4273719E+01  0.4973192E-01  0.2825000E+01  0.5000000E+01  0.1000000E+01  0.1000000E+00
  0.4273749E+01  0.4977834E-01  0.2820000E+01  0.5000000E+01  0.1000000E+01  0.1000000E+00
  0.4273780E+01  0.4982494E-01  0.2815000E+01  0.5000000E+01  0.1000000E+01  0.1000000E+00
  0.4273811E+01  0.4987173E-01  0.2810000E+01  0.5000000E+01  0.1000000E+01  0.1000000E+00
  0.4273843E+01  0.4991871E-01  0.2805000E+01  0.5000000E+01  0.1000000E+01  0.1000000E+00
  0.4273874E+01  0.4996588E-01  0.2800000E+01  0.5000000E+01  0.1000000E+01  0.1000000E+00
  0.4273905E+01  0.5001323E-01  0.2795000E+01  0.5000000E+01  0.1000000E+01  0.1000000E+00
  0.4273937E+01  0.5006078E-01  0.2790000E+01  0.5000000E+01  0.1000000E+01  0.1000000E+00
  0.4273968E+01  0.5010852E-01  0.2785000E+01  0.5000000E+01  0.1000000E+01  0.1000000E+00
  0.4274000E+01  0.5015646E-01  0.2780000E+01  0.5000000E+01  0.1000000E+01  0.1000000E+00
  0.4274032E+01  0.5020459E-01  0.2775000E+01  0.5000000E+01  0.1000000E+01  0.1000000E+00
  0.4274064E+01  0.5025291E-01  0.2770000E+01  0.5000000E+01  0.1000000E+01  0.1000000E+00
  0.4274096E+01  0.5030142E-01  0.2765000E+01  0.5000000E+01  0.1000000E+01  0.1000000E+00
  0.4274128E+01  0.5035014E-01  0.2760000E+01  0.5000000E+01  0.1000000E+01  0.1000000E+00
  0.4274161E+01  0.5039905E-01  0.2755000E+01  0.5000000E+01  0.1000000E+01  0.1000000E+00
  0.4274193E+01  0.5044816E-01  0.2750000E+01  0.5000000E+01  0.1000000E+01  0.1000000E+00
  0.4274226E+01  0.5049747E-01  0.2745000E+01  0.5000000E+01  0.1000000E+01  0.1000000E+00
  0.4274259E+01  0.5054698E-01  0.2740000E+01  0.5000000E+01  0.1000000E+01  0.1000000E+00
  0.4274291E+01  0.5059669E-01  0.2735000E+01  0.5000000E+01  0.1000000E+01  0.1000000E+00
  0.4274324E+01  0.5064660E-01  0.2730000E+01  0.5000000E+01  0.1000000E+01  0.1000000E+00
  0.4274358E+01  0.5069672E-01  0.2725000E+01  0.5000000E+01  0.1000000E+01  0.1000000E+00
  0.4274391E+01  0.5074704E-01  0.2720000E+01  0.5000000E+01  0.1000000E+01  0.1000000E+00
  0.4274424E+01  0.5079757E-01  0.2715000E+01  0.5000000E+01  0.1000000E+01  0.1000000E+00
  0.4274458E+01  0.5084830E-01  0.2710000E+01  0.5000000E+01  0.1000000E+01  0.1000000E+00
  0.4274491E+01  0.5089925E-01  0.2705000E+01  0.5000000E+01  0.1000000E+01  0.1000000E+00
  0.4274525E+01  0.5095040E-01  0.2700000E+01  0.5000000E+01  0.1000000E+01  0.1000000E+00
  0.4274559E+01  0.5100175E-01  0.2695000E+01  0.5000000E+01  0.1000000E+01  0.1000000E+00
  0.4274593E+01  0.5105333E-01  0.2690000E+01  0.5000000E+01  0.1000000E+01  0.1000000E+00
  0.4274627E+01  0.5110511E-01  0.2685000E+01  0.5000000E+01  0.1000000E+01  0.1000000E+00
  0.4274661E+01  0.5115710E-01  0.2680000E+01  0.5000000E+01  0.1000000E+01  0.1000000E+00
  0.4274696E+01  0.5120931E-01  0.2675000E+01  0.5000000E+01  0.1000000E+01  0.1000000E+00
  0.4274730E+01  0.5126174E-01  0.2670000E+01  0.5000000E+01  0.1000000E+01  0.1000000E+00
  0.4274765E+01  0.5131438E-01  0.2665000E+01  0.5000000E+01  0.1000000E+01  0.1000000E+00
  0.4274800E+01  0.5136723E-01  0.2660000E+01  0.5000000E+01  0.1000000E+01  0.1000000E+00
  0.4274835E+01  0.5142031E-01  0.2655000E+01  0.5000000E+01  0.1000000E+01  0.1000000E+00
  0.4274870E+01  0.5147360E-01  0.2650000E+01  0.5000000E+01  0.1000000E+01  0.1000000E+00
  0.4274905E+01  0.5152712E-01  0.2645000E+01  0.5000000E+01  0.1000000E+01  0.1000000E+00
  0.4274941E+01  0.5158086E-01  0.2640000E+01  0.5000000E+01  0.1000000E+01  0.1000000E+00
  0.4274976E+01  0.5163482E-01  0.2635000E+01  0.5000000E+01  0.1000000E+01  0.1000000E+00
  0.4275012E+01  0.5168900E-01  0.2630000E+01  0.5000000E+01  0.1000000E+01  0.1000000E+00
  0.4275048E+01  0.5174341E-01  0.2625000E+01  0.5000000E+01  0.1000000E+01  0.1000000E+00
  0.4275083E+01  0.5179804E-01  0.2620000E+01  0.5000000E+01  0.1000000E+01  0.1000000E+00
  0.4275120E+01  0.5185291E-01  0.2615000E+01  0.5000000E+01  0.1000000E+01  0.1000000E+00
  0.4275156E+01  0.5190800E-01  0.2610000E+01  0.5000000E+01  0.1000000E+01  0.1000000E+00
  0.4275192E+01  0.5196332E-01  0.2605000E+01  0.5000000E+01  0.1000000E+01  0.1000000E+00
  0.4275229E+01  0.5201887E-01  0.2600000E+01  0.5000000E+01  0.1000000E+01  0.1000000E+00
  0.4275265E+01  0.5207465E-01  0.2595000E+01  0.5000000E+01  0.1000000E+01  0.1000000E+00
  0.4275302E+01  0.5213067E-01  0.2590000E+01  0.5000000E+01  0.1000000E+01  0.1000000E+00
  0.4275339E+01  0.5218693E-01  0.2585000E+01  0.5000000E+01  0.1000000E+01  0.1000000E+00
  0.4275376E+01  0.5224341E-01  0.2580000E+01  0.5000000E+01  0.1000000E+01  0.1000000E+00
  0.4275414E+01  0.5230014E-01  0.2575000E+01  0.5000000E+01  0.1000000E+01  0.1000000E+00
  0.4275451E+01  0.5235710E-01  0.2570000E+01  0.5000000E+01  0.1000000E+01  0.1000000E+00
  0.4275489E+01  0.5241431E-01  0.2565000E+01  0.5000000E+01  0.1000000E+01  0.1000000E+00
  0.4275526E+01  0.5247175E-01  0.2560000E+01  0.5000000E+01  0.1000000E+01  0.1000000E+00
  0.4275564E+01  0.5252944E-01  0.2555000E+01  0.5000000E+01  0.1000000E+01  0.1000000E+00
  0.4275602E+01  0.5258737E-01  0.2550000E+01  0.5000000E+01  0.1000000E+01  0.1000000E+00
  0.4275640E+01  0.5264554E-01  0.2545000E+01  0.5000000E+01  0.1000000E+01  0.1000000E+00
  0.4275679E+01  0.5270396E-01  0.2540000E+01  0.5000000E+01  0.1000000E+01  0.1000000E+00
  0.4275717E+01  0.5276263E-01  0.2535000E+01  0.5000000E+01  0.1000000E+01  0.1000000E+00
  0.4275756E+01  0.5282154E-01  0.2530000E+01  0.5000000E+01  0.1000000E+01  0.1000000E+00
  0.4275795E+01  0.5288071E-01  0.2525000E+01  0.5000000E+01  0.1000000E+01  0.1000000E+00
  0.4275834E+01  0.5294013E-01  0.2520000E+01  0.5000000E+01  0.1000000E+01  0.1000000E+00
  0.4275873E+01  0.5299980E-01  0.2515000E+01  0.5000000E+01  0.1000000E+01  0.1000000E+00
  0.4275912E+01  0.5305972E-01  0.2510000E+01  0.5000000E+01  0.1000000E+01  0.1000000E+00
  0.4275952E+01  0.5311990E-01  0.2505000E+01  0.5000000E+01  0.1000000E+01  0.1000000E+00
  0.4275992E+01  0.5318034E-01  0.2500000E+01  0.5000000E+01  0.1000000E+01  0.1000000E+00
  0.4276031E+01  0.5324103E-01  0.2495000E+01  0.5000000E+01  0.1000000E+01  0.1000000E+00
  0.4276071E+01  0.5330199E-01  0.2490000E+01  0.5000000E+01  0.1000000E+01  0.1000000E+00
  0.4276112E+01  0.5336320E-01  0.2485000E+01  0.5000000E+01  0.1000000E+01  0.1000000E+00
  0.4276152E+01  0.5342468E-01  0.2480000E+01  0.5000000E+01  0.1000000E+01  0.1000000E+00
  0.4276192E+01  0.5348642E-01  0.2475000E+01  0.5000000E+01  0.1000000E+01  0.1000000E+00
  0.4276233E+01  0.5354842E-01  0.2470000E+01  0.5000000E+01  0.1000000E+01  0.1000000E+00
  0.4276274E+01  0.5361070E-01  0.2465000E+01  0.5000000E+01  0.1000000E+01  0.1000000E+00
  0.4276315E+01  0.5367324E-01  0.2460000E+01  0.5000000E+01  0.1000000E+01  0.1000000E+00
  0.4276356E+01  0.5373605E-01  0.2455000E+01  0.5000000E+01  0.1000000E+01  0.1000000E+00
  0.4276398E+01  0.5379913E-01  0.2450000E+01  0.5000000E+01  0.1000000E+01  0.1000000E+00
  0.4276439E+01  0.5386248E-01  0.2445000E+01  0.5000000E+01  0.1000000E+01  0.1000000E+00
  0.4276481E+01  0.5392611E-01  0.2440000E+01  0.5000000E+01  0.1000000E+01  0.1000000E+00
  0.4276523E+01  0.5399001E-01  0.2435000E+01  0.5000000E+01  0.1000000E+01  0.1000000E+00
  0.4276565E+01  0.5405419E-01  0.2430000E+01  0.5000000E+01  0.1000000E+01  0.1000000E+00
  0.4276607E+01  0.5411865E-01  0.2425000E+01  0.5000000E+01  0.1000000E+01  0.1000000E+00
  0.4276650E+01  0.5418339E-01  0.2420000E+01  0.5000000E+01  0.1000000E+01  0.1000000E+00
  0.4276692E+01  0.5424841E-01  0.2415000E+01  0.5000000E+01  0.1000000E+01  0.1000000E+00
  0.4276735E+01  0.5431372E-01  0.2410000E+01  0.5000000E+01  0.1000000E+01  0.1000000E+00
  0.4276778E+01  0.5437930E-01  0.2405000E+01  0.5000000E+01  0.1000000E+01  0.1000000E+00
  0.4276822E+01  0.5444518E-01  0.2400000E+01  0.5000000E+01  0.1000000E+01  0.1000000E+00
  0.4276865E+01  0.5451134E-01  0.2395000E+01  0.5000000E+01  0.1000000E+01  0.1000000E+00
  0.4276909E+01  0.5457780E-01  0.2390000E+01  0.5000000E+01  0.1000000E+01  0.1000000E+00
  0.4276952E+01  0.5464454E-01  0.2385000E+01  0.5000000E+01  0.1000000E+01  0.1000000E+00
  0.4276996E+01  0.5471158E-01  0.2380000E+01  0.5000000E+01  0.1000000E+01  0.1000000E+00
  0.4277041E+01  0.5477891E-01  0.2375000E+01  0.5000000E+01  0.1000000E+01  0.1000000E+00
  0.4277085E+01  0.5484654E-01  0.2370000E+01  0.5000000E+01  0.1000000E+01  0.1000000E+00
  0.4277130E+01  0.5491446E-01  0.2365000E+01  0.5000000E+01  0.1000000E+01  0.1000000E+00
  0.4277174E+01  0.5498269E-01  0.2360000E+01  0.5000000E+01  0.1000000E+01  0.1000000E+00
  0.4277219E+01  0.5505121E-01  0.2355000E+01  0.5000000E+01  0.1000000E+01  0.1000000E+00
  0.4277265E+01  0.5512004E-01  0.2350000E+01  0.5000000E+01  0.1000000E+01  0.1000000E+00
  0.4277310E+01  0.5518918E-01  0.2345000E+01  0.5000000E+01  0.1000000E+01  0.1000000E+00
  0.4277356E+01  0.5525862E-01  0.2340000E+01  0.5000000E+01  0.1000000E+01  0.1000000E+00
  0.4277402E+01  0.5532837E-01  0.2335000E+01  0.5000000E+01  0.1000000E+01  0.1000000E+00
  0.4277448E+01  0.5539843E-01  0.2330000E+01  0.5000000E+01  0.1000000E+01  0.1000000E+00
  0.4277494E+01  0.5546880E-01  0.2325000E+01  0.5000000E+01  0.1000000E+01  0.1000000E+00
  0.4277540E+01  0.5553948E-01  0.2320000E+01  0.5000000E+01  0.1000000E+01  0.1000000E+00
  0.4277587E+01  0.5561048E-01  0.2315000E+01  0.5000000E+01  0.1000000E+01  0.1000000E+00
  0.4277634E+01  0.5568180E-01  0.2310000E+01  0.5000000E+01  0.1000000E+01  0.1000000E+00
  0.4277681E+01  0.5575343E-01  0.2305000E+01  0.5000000E+01  0.1000000E+01  0.1000000E+00
  0.4277728E+01  0.5582539E-01  0.2300000E+01  0.5000000E+01  0.1000000E+01  0.1000000E+00
  0.4277776E+01  0.5589767E-01  0.2295000E+01  0.5000000E+01  0.1000000E+01  0.1000000E+00
  0.4277824E+01  0.5597027E-01  0.2290000E+01  0.5000000E+01  0.1000000E+01  0.1000000E+00
  0.4277872E+01  0.5604320E-01  0.2285000E+01  0.5000000E+01  0.1000000E+01  0.1000000E+00
  0.4277920E+01  0.5611646E-01  0.2280000E+01  0.5000000E+01  0.1000000E+01  0.1000000E+00
  0.4277968E+01  0.5619005E-01  0.2275000E+01  0.5000000E+01  0.1000000E+01  0.1000000E+00
  0.4278017E+01  0.5626397E-01  0.2270000E+01  0.5000000E+01  0.1000000E+01  0.1000000E+00
  0.4278066E+01  0.5633823E-01  0.2265000E+01  0.5000000E+01  0.1000000E+01  0.1000000E+00
  0.4278115E+01  0.5641282E-01  0.2260000E+01  0.5000000E+01  0.1000000E+01  0.1000000E+00
  0.4278164E+01  0.5648775E-01  0.2255000E+01  0.5000000E+01  0.1000000E+01  0.1000000E+00
  0.4278214E+01  0.5656302E-01  0.2250000E+01  0.5000000E+01  0.1000000E+01  0.1000000E+00
  0.4278264E+01  0.5663863E-01  0.2245000E+01  0.5000000E+01  0.1000000E+01  0.1000000E+00
  0.4278314E+01  0.5671459E-01  0.2240000E+01  0.5000000E+01  0.1000000E+01  0.1000000E+00
  0.4278364E+01  0.5679089E-01  0.2235000E+01  0.5000000E+01  0.1000000E+01  0.1000000E+00
  0.4278415E+01  0.5686755E-01  0.2230000E+01  0.5000000E+01  0.1000000E+01  0.1000000E+00
  0.4278466E+01  0.5694455E-01  0.2225000E+01  0.5000000E+01  0.1000000E+01  0.1000000E+00
  0.4278517E+01  0.5702190E-01  0.2220000E+01  0.5000000E+01  0.1000000E+01  0.1000000E+00
  0.4278568E+01  0.5709961E-01  0.2215000E+01  0.5000000E+01  0.1000000E+01  0.1000000E+00
  0.4278619E+01  0.5717767E-01  0.2210000E+01  0.5000000E+01  0.1000000E+01  0.1000000E+00
  0.4278671E+01  0.5725610E-01  0.2205000E+01  0.5000000E+01  0.1000000E+01  0.1000000E+00
  0.4278723E+01  0.5733488E-01  0.2200000E+01  0.5000000E+01  0.1000000E+01  0.1000000E+00
  0.4278776E+01  0.5741403E-01  0.2195000E+01  0.5000000E+01  0.1000000E+01  0.1000000E+00
  0.4278828E+01  0.5749355E-01  0.2190000E+01  0.5000000E+01  0.1000000E+01  0.1000000E+00
  0.4278881E+01  0.5757343E-01  0.2185000E+01  0.5000000E+01  0.1000000E+01  0.1000000E+00
  0.4278934E+01  0.5765368E-01  0.2180000E+01  0.5000000E+01  0.1000000E+01  0.1000000E+00
  0.4278987E+01  0.5773430E-01  0.2175000E+01  0.5000000E+01  0.1000000E+01  0.1000000E+00
  0.4279041E+01  0.5781530E-01  0.2170000E+01  0.5000000E+01  0.1000000E+01  0.1000000E+00
  0.4279095E+01  0.5789668E-01  0.2165000E+01  0.5000000E+01  0.1000000E+01  0.1000000E+00
  0.4279149E+01  0.5797843E-01  0.2160000E+01  0.5000000E+01  0.1000000E+01  0.1000000E+00
  0.4279203E+01  0.5806056E-01  0.2155000E+01  0.5000000E+01  0.1000000E+01  0.1000000E+00
  0.4279258E+01  0.5814308E-01  0.2150000E+01  0.5000000E+01  0.1000000E+01  0.1000000E+00
  0.4279313E+01  0.5822599E-01  0.2145000E+01  0.5000000E+01  0.1000000E+01  0.1000000E+00
  0.4279368E+01  0.5830928E-01  0.2140000E+01  0.5000000E+01  0.1000000E+01  0.1000000E+00
  0.4279424E+01  0.5839296E-01  0.2135000E+01  0.5000000E+01  0.1000000E+01  0.1000000E+00
  0.4279479E+01  0.5847704E-01  0.2130000E+01  0.5000000E+01  0.1000000E+01  0.1000000E+00
  0.4279536E+01  0.5856151E-01  0.2125000E+01  0.5000000E+01  0.1000000E+01  0.1000000E+00
  0.4279592E+01  0.5864638E-01  0.2120000E+01  0.5000000E+01  0.1000000E+01  0.1000000E+00
  0.4279649E+01  0.5873165E-01  0.2115000E+01  0.5000000E+01  0.1000000E+01  0.1000000E+00
  0.4279706E+01  0.5881732E-01  0.2110000E+01  0.5000000E+01  0.1000000E+01  0.1000000E+00
  0.4279763E+01  0.5890340E-01  0.2105000E+01  0.5000000E+01  0.1000000E+01  0.1000000E+00
  0.4279820E+01  0.5898989E-01  0.2100000E+01  0.5000000E+01  0.1000000E+01  0.1000000E+00
  0.4279878E+01  0.5907679E-01  0.2095000E+01  0.5000000E+01  0.1000000E+01  0.1000000E+00
  0.4279936E+01  0.5916410E-01  0.2090000E+01  0.5000000E+01  0.1000000E+01  0.1000000E+00
  0.4279995E+01  0.5925183E-01  0.2085000E+01  0.5000000E+01  0.1000000E+01  0.1000000E+00
  0.4280053E+01  0.5933997E-01  0.2080000E+01  0.5000000E+01  0.1000000E+01  0.1000000E+00
  0.4280112E+01  0.5942854E-01  0.2075000E+01  0.5000000E+01  0.1000000E+01  0.1000000E+00
  0.4280172E+01  0.5951753E-01  0.2070000E+01  0.5000000E+01  0.1000000E+01  0.1000000E+00
  0.4280231E+01  0.5960695E-01  0.2065000E+01  0.5000000E+01  0.1000000E+01  0.1000000E+00
  0.4280291E+01  0.5969679E-01  0.2060000E+01  0.5000000E+01  0.1000000E+01  0.1000000E+00
  0.4280352E+01  0.5978707E-01  0.2055000E+01  0.5000000E+01  0.1000000E+01  0.1000000E+00
  0.4280412E+01  0.5987778E-01  0.2050000E+01  0.5000000E+01  0.1000000E+01  0.1000000E+00
  0.4280473E+01  0.5996893E-01  0.2045000E+01  0.5000000E+01  0.1000000E+01  0.1000000E+00
  0.4280534E+01  0.6006052E-01  0.2040000E+01  0.5000000E+01  0.1000000E+01  0.1000000E+00
  0.4280596E+01  0.6015256E-01  0.2035000E+01  0.5000000E+01  0.1000000E+01  0.1000000E+00
  0.4280658E+01  0.6024503E-01  0.2030000E+01  0.5000000E+01  0.1000000E+01  0.1000000E+00
  0.4280720E+01  0.6033796E-01  0.2025000E+01  0.5000000E+01  0.1000000E+01  0.1000000E+00
  0.4280783E+01  0.6043134E-01  0.2020000E+01  0.5000000E+01  0.1000000E+01  0.1000000E+00
  0.4280846E+01  0.6052518E-01  0.2015000E+01  0.5000000E+01  0.1000000E+01  0.1000000E+00
  0.4280909E+01  0.6061947E-01  0.2010000E+01  0.5000000E+01  0.1000000E+01  0.1000000E+00
  0.4280972E+01  0.6071422E-01  0.2005000E+01  0.5000000E+01  0.1000000E+01  0.1000000E+00
  0.4281036E+01  0.6080944E-01  0.2000000E+01  0.5000000E+01  0.1000000E+01  0.1000000E+00
  0.4281101E+01  0.6090512E-01  0.1995000E+01  0.5000000E+01  0.1000000E+01  0.1000000E+00
  0.4281165E+01  0.6100127E-01  0.1990000E+01  0.5000000E+01  0.1000000E+01  0.1000000E+00
  0.4281230E+01  0.6109789E-01  0.1985000E+01  0.5000000E+01  0.1000000E+01  0.1000000E+00
  0.4281296E+01  0.6119500E-01  0.1980000E+01  0.5000000E+01  0.1000000E+01  0.1000000E+00
  0.4281361E+01  0.6129257E-01  0.1975000E+01  0.5000000E+01  0.1000000E+01  0.1000000E+00
  0.4281428E+01  0.6139064E-01  0.1970000E+01  0.5000000E+01  0.1000000E+01  0.1000000E+00
  0.4281494E+01  0.6148918E-01  0.1965000E+01  0.5000000E+01  0.1000000E+01  0.1000000E+00
  0.4281561E+01  0.6158822E-01  0.1960000E+01  0.5000000E+01  0.1000000E+01  0.1000000E+00
  0.4281628E+01  0.6168774E-01  0.1955000E+01  0.5000000E+01  0.1000000E+01  0.1000000E+00
  0.4281696E+01  0.6178777E-01  0.1950000E+01  0.5000000E+01  0.1000000E+01  0.1000000E+00
  0.4281764E+01  0.6188829E-01  0.1945000E+01  0.5000000E+01  0.1000000E+01  0.1000000E+00
  0.4281832E+01  0.6198931E-01  0.1940000E+01  0.5000000E+01  0.1000000E+01  0.1000000E+00
  0.4281901E+01  0.6209083E-01  0.1935000E+01  0.5000000E+01  0.1000000E+01  0.1000000E+00
  0.4281970E+01  0.6219287E-01  0.1930000E+01  0.5000000E+01  0.1000000E+01  0.1000000E+00
  0.4282039E+01  0.6229541E-01  0.1925000E+01  0.5000000E+01  0.1000000E+01  0.1000000E+00
  0.4282109E+01  0.6239848E-01  0.1920000E+01  0.5000000E+01  0.1000000E+01  0.1000000E+00
  0.4282179E+01  0.6250206E-01  0.1915000E+01  0.5000000E+01  0.1000000E+01  0.1000000E+00
  0.4282250E+01  0.6260616E-01  0.1910000E+01  0.5000000E+01  0.1000000E+01  0.1000000E+00
  0.4282321E+01  0.6271079E-01  0.1905000E+01  0.5000000E+01  0.1000000E+01  0.1000000E+00
  0.4282393E+01  0.6281594E-01  0.1900000E+01  0.5000000E+01  0.1000000E+01  0.1000000E+00
  0.4282465E+01  0.6292163E-01  0.1895000E+01  0.5000000E+01  0.1000000E+01  0.1000000E+00
  0.4282537E+01  0.6302786E-01  0.1890000E+01  0.5000000E+01  0.1000000E+01  0.1000000E+00
  0.4282610E+01  0.6313463E-01  0.1885000E+01  0.5000000E+01  0.1000000E+01  0.1000000E+00
  0.4282683E+01  0.6324194E-01  0.1880000E+01  0.5000000E+01  0.1000000E+01  0.1000000E+00
  0.4282757E+01  0.6334979E-01  0.1875000E+01  0.5000000E+01  0.1000000E+01  0.1000000E+00
  0.4282831E+01  0.6345820E-01  0.1870000E+01  0.5000000E+01  0.1000000E+01  0.1000000E+00
  0.4282905E+01  0.6356717E-01  0.1865000E+01  0.5000000E+01  0.1000000E+01  0.1000000E+00
  0.4282980E+01  0.6367669E-01  0.1860000E+01  0.5000000E+01  0.1000000E+01  0.1000000E+00
  0.4283056E+01  0.6378677E-01  0.1855000E+01  0.5000000E+01  0.1000000E+01  0.1000000E+00
  0.4283132E+01  0.6389743E-01  0.1850000E+01  0.5000000E+01  0.1000000E+01  0.1000000E+00
  0.4283208E+01  0.6400865E-01  0.1845000E+01  0.5000000E+01  0.1000000E+01  0.1000000E+00
  0.4283285E+01  0.6412044E-01  0.1840000E+01  0.5000000E+01  0.1000000E+01  0.1000000E+00
  0.4283362E+01  0.6423282E-01  0.1835000E+01  0.5000000E+01  0.1000000E+01  0.1000000E+00
  0.4283439E+01  0.6434578E-01  0.1830000E+01  0.5000000E+01  0.1000000E+01  0.1000000E+00
  0.4283518E+01  0.6445932E-01  0.1825000E+01  0.5000000E+01  0.1000000E+01  0.1000000E+00
  0.4283596E+01  0.6457346E-01  0.1820000E+01  0.5000000E+01  0.1000000E+01  0.1000000E+00
  0.4283675E+01  0.6468819E-01  0.1815000E+01  0.5000000E+01  0.1000000E+01  0.1000000E+00
  0.4283755E+01  0.6480351E-01  0.1810000E+01  0.5000000E+01  0.1000000E+01  0.1000000E+00
  0.4283835E+01  0.6491945E-01  0.1805000E+01  0.5000000E+01  0.1000000E+01  0.1000000E+00
  0.4283916E+01  0.6503598E-01  0.1800000E+01  0.5000000E+01  0.1000000E+01  0.1000000E+00
  0.4283997E+01  0.6515313E-01  0.1795000E+01  0.5000000E+01  0.1000000E+01  0.1000000E+00
  0.4284078E+01  0.6527090E-01  0.1790000E+01  0.5000000E+01  0.1000000E+01  0.1000000E+00
  0.4284160E+01  0.6538929E-01  0.1785000E+01  0.5000000E+01  0.1000000E+01  0.1000000E+00
  0.4284243E+01  0.6550830E-01  0.1780000E+01  0.5000000E+01  0.1000000E+01  0.1000000E+00
  0.4284326E+01  0.6562794E-01  0.1775000E+01  0.5000000E+01  0.1000000E+01  0.1000000E+00
  0.4284410E+01  0.6574821E-01  0.1770000E+01  0.5000000E+01  0.1000000E+01  0.1000000E+00
  0.4284494E+01  0.6586913E-01  0.1765000E+01  0.5000000E+01  0.1000000E+01  0.1000000E+00
  0.4284579E+01  0.6599068E-01  0.1760000E+01  0.5000000E+01  0.1000000E+01  0.1000000E+00
  0.4284664E+01  0.6611289E-01  0.1755000E+01  0.5000000E+01  0.1000000E+01  0.1000000E+00
  0.4284750E+01  0.6623574E-01  0.1750000E+01  0.5000000E+01  0.1000000E+01  0.1000000E+00
  0.4284836E+01  0.6635925E-01  0.1745000E+01  0.5000000E+01  0.1000000E+01  0.1000000E+00
  0.4284923E+01  0.6648342E-01  0.1740000E+01  0.5000000E+01  0.1000000E+01  0.1000000E+00
  0.4285010E+01  0.6660826E-01  0.1735000E+01  0.5000000E+01  0.1000000E+01  0.1000000E+00
  0.4285098E+01  0.6673377E-01  0.1730000E+01  0.5000000E+01  0.1000000E+01  0.1000000E+00
  0.4285187E+01  0.6685996E-01  0.1725000E+01  0.5000000E+01  0.1000000E+01  0.1000000E+00
  0.4285276E+01  0.6698683E-01  0.1720000E+01  0.5000000E+01  0.1000000E+01  0.1000000E+00
  0.4285366E+01  0.6711438E-01  0.1715000E+01  0.5000000E+01  0.1000000E+01  0.1000000E+00
  0.4285456E+01  0.6724262E-01  0.1710000E+01  0.5000000E+01  0.1000000E+01  0.1000000E+00
  0.4285547E+01  0.6737156E-01  0.1705000E+01  0.5000000E+01  0.1000000E+01  0.1000000E+00
  0.4285638E+01  0.6750120E-01  0.1700000E+01  0.5000000E+01  0.1000000E+01  0.1000000E+00
  0.4285730E+01  0.6763155E-01  0.1695000E+01  0.5000000E+01  0.1000000E+01  0.1000000E+00
  0.4285823E+01  0.6776261E-01  0.1690000E+01  0.5000000E+01  0.1000000E+01  0.1000000E+00
  0.4285917E+01  0.6789438E-01  0.1685000E+01  0.5000000E+01  0.1000000E+01  0.1000000E+00
  0.4286010E+01  0.6802688E-01  0.1680000E+01  0.5000000E+01  0.1000000E+01  0.1000000E+00
  0.4286105E+01  0.6816010E-01  0.1675000E+01  0.5000000E+01  0.1000000E+01  0.1000000E+00
  0.4286200E+01  0.6829405E-01  0.1670000E+01  0.5000000E+01  0.1000000E+01  0.1000000E+00
  0.4286296E+01  0.6842875E-01  0.1665000E+01  0.5000000E+01  0.1000000E+01  0.1000000E+00
  0.4286393E+01  0.6856418E-01  0.1660000E+01  0.5000000E+01  0.1000000E+01  0.1000000E+00
  0.4286490E+01  0.6870037E-01  0.1655000E+01  0.5000000E+01  0.1000000E+01  0.1000000E+00
  0.4286588E+01  0.6883731E-01  0.1650000E+01  0.5000000E+01  0.1000000E+01  0.1000000E+00
  0.4286686E+01  0.6897501E-01  0.1645000E+01  0.5000000E+01  0.1000000E+01  0.1000000E+00
  0.4286785E+01  0.6911348E-01  0.1640000E+01  0.5000000E+01  0.1000000E+01  0.1000000E+00
  0.4286885E+01  0.6925271E-01  0.1635000E+01  0.5000000E+01  0.1000000E+01  0.1000000E+00
  0.4286986E+01  0.6939273E-01  0.1630000E+01  0.5000000E+01  0.1000000E+01  0.1000000E+00
  0.4287087E+01  0.6953352E-01  0.1625000E+01  0.5000000E+01  0.1000000E+01  0.1000000E+00
  0.4287189E+01  0.6967511E-01  0.1620000E+01  0.5000000E+01  0.1000000E+01  0.1000000E+00
  0.4287291E+01  0.6981749E-01  0.1615000E+01  0.5000000E+01  0.1000000E+01  0.1000000E+00
  0.4287395E+01  0.6996068E-01  0.1610000E+01  0.5000000E+01  0.1000000E+01  0.1000000E+00
  0.4287499E+01  0.7010467E-01  0.1605000E+01  0.5000000E+01  0.1000000E+01  0.1000000E+00
  0.4287604E+01  0.7024947E-01  0.1600000E+01  0.5000000E+01  0.1000000E+01  0.1000000E+00
  0.4287709E+01  0.7039509E-01  0.1595000E+01  0.5000000E+01  0.1000000E+01  0.1000000E+00
  0.4287815E+01  0.7054154E-01  0.1590000E+01  0.5000000E+01  0.1000000E+01  0.1000000E+00
  0.4287923E+01  0.7068882E-01  0.1585000E+01  0.5000000E+01  0.1000000E+01  0.1000000E+00
  0.4288030E+01  0.7083694E-01  0.1580000E+01  0.5000000E+01  0.1000000E+01  0.1000000E+00
  0.4288139E+01  0.7098590E-01  0.1575000E+01  0.5000000E+01  0.1000000E+01  0.1000000E+00
  0.4288248E+01  0.7113572E-01  0.1570000E+01  0.5000000E+01  0.1000000E+01  0.1000000E+00
  0.4288359E+01  0.7128639E-01  0.1565000E+01  0.5000000E+01  0.1000000E+01  0.1000000E+00
  0.4288470E+01  0.7143793E-01  0.1560000E+01  0.5000000E+01  0.1000000E+01  0.1000000E+00
  0.4288581E+01  0.7159033E-01  0.1555000E+01  0.5000000E+01  0.1000000E+01  0.1000000E+00
  0.4288694E+01  0.7174362E-01  0.1550000E+01  0.5000000E+01  0.1000000E+01  0.1000000E+00
  0.4288807E+01  0.7189779E-01  0.1545000E+01  0.5000000E+01  0.1000000E+01  0.1000000E+00
  0.4288922E+01  0.7205285E-01  0.1540000E+01  0.5000000E+01  0.1000000E+01  0.1000000E+00
  0.4289037E+01  0.7220881E-01  0.1535000E+01  0.5000000E+01  0.1000000E+01  0.1000000E+00
  0.4289153E+01  0.7236568E-01  0.1530000E+01  0.5000000E+01  0.1000000E+01  0.1000000E+00
  0.4289270E+01  0.7252345E-01  0.1525000E+01  0.5000000E+01  0.1000000E+01  0.1000000E+00
  0.4289387E+01  0.7268215E-01  0.1520000E+01  0.5000000E+01  0.1000000E+01  0.1000000E+00
  0.4289506E+01  0.7284177E-01  0.1515000E+01  0.5000000E+01  0.1000000E+01  0.1000000E+00
  0.4289625E+01  0.7300233E-01  0.1510000E+01  0.5000000E+01  0.1000000E+01  0.1000000E+00
  0.4289746E+01  0.7316383E-01  0.1505000E+01  0.5000000E+01  0.1000000E+01  0.1000000E+00
  0.4289867E+01  0.7332627E-01  0.1500000E+01  0.5000000E+01  0.1000000E+01  0.1000000E+00
  0.4289989E+01  0.7348967E-01  0.1495000E+01  0.5000000E+01  0.1000000E+01  0.1000000E+00
  0.4290112E+01  0.7365404E-01  0.1490000E+01  0.5000000E+01  0.1000000E+01  0.1000000E+00
  0.4290236E+01  0.7381937E-01  0.1485000E+01  0.5000000E+01  0.1000000E+01  0.1000000E+00
  0.4290361E+01  0.7398569E-01  0.1480000E+01  0.5000000E+01  0.1000000E+01  0.1000000E+00
  0.4290487E+01  0.7415299E-01  0.1475000E+01  0.5000000E+01  0.1000000E+01  0.1000000E+00
  0.4290614E+01  0.7432129E-01  0.1470000E+01  0.5000000E+01  0.1000000E+01  0.1000000E+00
  0.4290742E+01  0.7449058E-01  0.1465000E+01  0.5000000E+01  0.1000000E+01  0.1000000E+00
  0.4290871E+01  0.7466089E-01  0.1460000E+01  0.5000000E+01  0.1000000E+01  0.1000000E+00
  0.4291001E+01  0.7483222E-01  0.1455000E+01  0.5000000E+01  0.1000000E+01  0.1000000E+00
  0.4291132E+01  0.7500457E-01  0.1450000E+01  0.5000000E+01  0.1000000E+01  0.1000000E+00
  0.4291265E+01  0.7517795E-01  0.1445000E+01  0.5000000E+01  0.1000000E+01  0.1000000E+00
  0.4291398E+01  0.7535238E-01  0.1440000E+01  0.5000000E+01  0.1000000E+01  0.1000000E+00
  0.4291532E+01  0.7552786E-01  0.1435000E+01  0.5000000E+01  0.1000000E+01  0.1000000E+00
  0.4291667E+01  0.7570440E-01  0.1430000E+01  0.5000000E+01  0.1000000E+01  0.1000000E+00
  0.4291803E+01  0.7588200E-01  0.1425000E+01  0.5000000E+01  0.1000000E+01  0.1000000E+00
  0.4291941E+01  0.7606068E-01  0.1420000E+01  0.5000000E+01  0.1000000E+01  0.1000000E+00
  0.4292079E+01  0.7624045E-01  0.1415000E+01  0.5000000E+01  0.1000000E+01  0.1000000E+00
  0.4292219E+01  0.7642131E-01  0.1410000E+01  0.5000000E+01  0.1000000E+01  0.1000000E+00
  0.4292360E+01  0.7660327E-01  0.1405000E+01  0.5000000E+01  0.1000000E+01  0.1000000E+00
  0.4292502E+01  0.7678634E-01  0.1400000E+01  0.5000000E+01  0.1000000E+01  0.1000000E+00
  0.4292645E+01  0.7697053E-01  0.1395000E+01  0.5000000E+01  0.1000000E+01  0.1000000E+00
  0.4292789E+01  0.7715586E-01  0.1390000E+01  0.5000000E+01  0.1000000E+01  0.1000000E+00
  0.4292935E+01  0.7734231E-01  0.1385000E+01  0.5000000E+01  0.1000000E+01  0.1000000E+00
  0.4293081E+01  0.7752992E-01  0.1380000E+01  0.5000000E+01  0.1000000E+01  0.1000000E+00
  0.4293229E+01  0.7771868E-01  0.1375000E+01  0.5000000E+01  0.1000000E+01  0.1000000E+00
  0.4293379E+01  0.7790861E-01  0.1370000E+01  0.5000000E+01  0.1000000E+01  0.1000000E+00
  0.4293529E+01  0.7809972E-01  0.1365000E+01  0.5000000E+01  0.1000000E+01  0.1000000E+00
  0.4293681E+01  0.7829200E-01  0.1360000E+01  0.5000000E+01  0.1000000E+01  0.1000000E+00
  0.4293834E+01  0.7848549E-01  0.1355000E+01  0.5000000E+01  0.1000000E+01  0.1000000E+00
  0.4293988E+01  0.7868017E-01  0.1350000E+01  0.5000000E+01  0.1000000E+01  0.1000000E+00
  0.4294144E+01  0.7887607E-01  0.1345000E+01  0.5000000E+01  0.1000000E+01  0.1000000E+00
  0.4294301E+01  0.7907320E-01  0.1340000E+01  0.5000000E+01  0.1000000E+01  0.1000000E+00
  0.4294459E+01  0.7927155E-01  0.1335000E+01  0.5000000E+01  0.1000000E+01  0.1000000E+00
  0.4294619E+01  0.7947115E-01  0.1330000E+01  0.5000000E+01  0.1000000E+01  0.1000000E+00
  0.4294780E+01  0.7967201E-01  0.1325000E+01  0.5000000E+01  0.1000000E+01  0.1000000E+00
  0.4294942E+01  0.7987412E-01  0.1320000E+01  0.5000000E+01  0.1000000E+01  0.1000000E+00
  0.4295106E+01  0.8007751E-01  0.1315000E+01  0.5000000E+01  0.1000000E+01  0.1000000E+00
  0.4295272E+01  0.8028219E-01  0.1310000E+01  0.5000000E+01  0.1000000E+01  0.1000000E+00
  0.4295439E+01  0.8048816E-01  0.1305000E+01  0.5000000E+01  0.1000000E+01  0.1000000E+00
  0.4295607E+01  0.8069543E-01  0.1300000E+01  0.5000000E+01  0.1000000E+01  0.1000000E+00
  0.4295777E+01  0.8090402E-01  0.1295000E+01  0.5000000E+01  0.1000000E+01  0.1000000E+00
  0.4295948E+01  0.8111394E-01  0.1290000E+01  0.5000000E+01  0.1000000E+01  0.1000000E+00
  0.4296121E+01  0.8132519E-01  0.1285000E+01  0.5000000E+01  0.1000000E+01  0.1000000E+00
  0.4296296E+01  0.8153779E-01  0.1280000E+01  0.5000000E+01  0.1000000E+01  0.1000000E+00
  0.4296472E+01  0.8175175E-01  0.1275000E+01  0.5000000E+01  0.1000000E+01  0.1000000E+00
  0.4296649E+01  0.8196708E-01  0.1270000E+01  0.5000000E+01  0.1000000E+01  0.1000000E+00
  0.4296829E+01  0.8218379E-01  0.1265000E+01  0.5000000E+01  0.1000000E+01  0.1000000E+00
  0.4297010E+01  0.8240189E-01  0.1260000E+01  0.5000000E+01  0.1000000E+01  0.1000000E+00
  0.4297192E+01  0.8262140E-01  0.1255000E+01  0.5000000E+01  0.1000000E+01  0.1000000E+00
  0.4297377E+01  0.8284232E-01  0.1250000E+01  0.5000000E+01  0.1000000E+01  0.1000000E+00
  0.4297563E+01  0.8306466E-01  0.1245000E+01  0.5000000E+01  0.1000000E+01  0.1000000E+00
  0.4297750E+01  0.8328844E-01  0.1240000E+01  0.5000000E+01  0.1000000E+01  0.1000000E+00
  0.4297940E+01  0.8351367E-01  0.1235000E+01  0.5000000E+01  0.1000000E+01  0.1000000E+00
  0.4298131E+01  0.8374037E-01  0.1230000E+01  0.5000000E+01  0.1000000E+01  0.1000000E+00
  0.4298324E+01  0.8396853E-01  0.1225000E+01  0.5000000E+01  0.1000000E+01  0.1000000E+00
  0.4298519E+01  0.8419818E-01  0.1220000E+01  0.5000000E+01  0.1000000E+01  0.1000000E+00
  0.4298716E+01  0.8442932E-01  0.1215000E+01  0.5000000E+01  0.1000000E+01  0.1000000E+00
  0.4298915E+01  0.8466197E-01  0.1210000E+01  0.5000000E+01  0.1000000E+01  0.1000000E+00
  0.4299116E+01  0.8489614E-01  0.1205000E+01  0.5000000E+01  0.1000000E+01  0.1000000E+00
  0.4299318E+01  0.8513185E-01  0.1200000E+01  0.5000000E+01  0.1000000E+01  0.1000000E+00
  0.4299523E+01  0.8536909E-01  0.1195000E+01  0.5000000E+01  0.1000000E+01  0.1000000E+00
  0.4299729E+01  0.8560790E-01  0.1190000E+01  0.5000000E+01  0.1000000E+01  0.1000000E+00
  0.4299938E+01  0.8584827E-01  0.1185000E+01  0.5000000E+01  0.1000000E+01  0.1000000E+00
  0.4300149E+01  0.8609022E-01  0.1180000E+01  0.5000000E+01  0.1000000E+01  0.1000000E+00
  0.4300362E+01  0.8633377E-01  0.1175000E+01  0.5000000E+01  0.1000000E+01  0.1000000E+00
  0.4300576E+01  0.8657892E-01  0.1170000E+01  0.5000000E+01  0.1000000E+01  0.1000000E+00
  0.4300794E+01  0.8682569E-01  0.1165000E+01  0.5000000E+01  0.1000000E+01  0.1000000E+00
  0.4301013E+01  0.8707409E-01  0.1160000E+01  0.5000000E+01  0.1000000E+01  0.1000000E+00
  0.4301234E+01  0.8732414E-01  0.1155000E+01  0.5000000E+01  0.1000000E+01  0.1000000E+00
  0.4301458E+01  0.8757584E-01  0.1150000E+01  0.5000000E+01  0.1000000E+01  0.1000000E+00
  0.4301684E+01  0.8782921E-01  0.1145000E+01  0.5000000E+01  0.1000000E+01  0.1000000E+00
  0.4301912E+01  0.8808426E-01  0.1140000E+01  0.5000000E+01  0.1000000E+01  0.1000000E+00
  0.4302143E+01  0.8834101E-01  0.1135000E+01  0.5000000E+01  0.1000000E+01  0.1000000E+00
  0.4302376E+01  0.8859946E-01  0.1130000E+01  0.5000000E+01  0.1000000E+01  0.1000000E+00
  0.4302611E+01  0.8885964E-01  0.1125000E+01  0.5000000E+01  0.1000000E+01  0.1000000E+00
  0.4302849E+01  0.8912155E-01  0.1120000E+01  0.5000000E+01  0.1000000E+01  0.1000000E+00
  0.4303089E+01  0.8938520E-01  0.1115000E+01  0.5000000E+01  0.1000000E+01  0.1000000E+00
  0.4303332E+01  0.8965061E-01  0.1110000E+01  0.5000000E+01  0.1000000E+01  0.1000000E+00
  0.4303578E+01  0.8991780E-01  0.1105000E+01  0.5000000E+01  0.1000000E+01  0.1000000E+00
  0.4303826E+01  0.9018677E-01  0.1100000E+01  0.5000000E+01  0.1000000E+01  0.1000000E+00
  0.4304076E+01  0.9045754E-01  0.1095000E+01  0.5000000E+01  0.1000000E+01  0.1000000E+00
  0.4304330E+01  0.9073012E-01  0.1090000E+01  0.5000000E+01  0.1000000E+01  0.1000000E+00
  0.4304586E+01  0.9100452E-01  0.1085000E+01  0.5000000E+01  0.1000000E+01  0.1000000E+00
  0.4304845E+01  0.9128076E-01  0.1080000E+01  0.5000000E+01  0.1000000E+01  0.1000000E+00
  0.4305107E+01  0.9155885E-01  0.1075000E+01  0.5000000E+01  0.1000000E+01  0.1000000E+00
  0.4305371E+01  0.9183880E-01  0.1070000E+01  0.5000000E+01  0.1000000E+01  0.1000000E+00
  0.4305639E+01  0.9212063E-01  0.1065000E+01  0.5000000E+01  0.1000000E+01  0.1000000E+00
  0.4305909E+01  0.9240435E-01  0.1060000E+01  0.5000000E+01  0.1000000E+01  0.1000000E+00
  0.4306182E+01  0.9268997E-01  0.1055000E+01  0.5000000E+01  0.1000000E+01  0.1000000E+00
  0.4306459E+01  0.9297750E-01  0.1050000E+01  0.5000000E+01  0.1000000E+01  0.1000000E+00
  0.4306738E+01  0.9326696E-01  0.1045000E+01  0.5000000E+01  0.1000000E+01  0.1000000E+00
  0.4307021E+01  0.9355836E-01  0.1040000E+01  0.5000000E+01  0.1000000E+01  0.1000000E+00
  0.4307307E+01  0.9385171E-01  0.1035000E+01  0.5000000E+01  0.1000000E+01  0.1000000E+00
  0.4307596E+01  0.9414703E-01  0.1030000E+01  0.5000000E+01  0.1000000E+01  0.1000000E+00
  0.4307889E+01  0.9444432E-01  0.1025000E+01  0.5000000E+01  0.1000000E+01  0.1000000E+00
  0.4308184E+01  0.9474360E-01  0.1020000E+01  0.5000000E+01  0.1000000E+01  0.1000000E+00
  0.4308483E+01  0.9504488E-01  0.1015000E+01  0.5000000E+01  0.1000000E+01  0.1000000E+00
  0.4308786E+01  0.9534818E-01  0.1010000E+01  0.5000000E+01  0.1000000E+01  0.1000000E+00
  0.4309092E+01  0.9565350E-01  0.1005000E+01  0.5000000E+01  0.1000000E+01  0.1000000E+00
  0.4309402E+01  0.9596085E-01  0.1000000E+01  0.5000000E+01  0.1000000E+01  0.1000000E+00
  0.4309715E+01  0.9627025E-01  0.9950000E+00  0.5000000E+01  0.1000000E+01  0.1000000E+00
  0.4310032E+01  0.9658171E-01  0.9900000E+00  0.5000000E+01  0.1000000E+01  0.1000000E+00
  0.4310353E+01  0.9689524E-01  0.9850000E+00  0.5000000E+01  0.1000000E+01  0.1000000E+00
  0.4310677E+01  0.9721084E-01  0.9800000E+00  0.5000000E+01  0.1000000E+01  0.1000000E+00
  0.4311006E+01  0.9752854E-01  0.9750000E+00  0.5000000E+01  0.1000000E+01  0.1000000E+00
  0.4311338E+01  0.9784834E-01  0.9700000E+00  0.5000000E+01  0.1000000E+01  0.1000000E+00
  0.4311675E+01  0.9817025E-01  0.9650000E+00  0.5000000E+01  0.1000000E+01  0.1000000E+00
  0.4312015E+01  0.9849428E-01  0.9600000E+00  0.5000000E+01  0.1000000E+01  0.1000000E+00
  0.4312360E+01  0.9882043E-01  0.9550000E+00  0.5000000E+01  0.1000000E+01  0.1000000E+00
  0.4312709E+01  0.9914873E-01  0.9500000E+00  0.5000000E+01  0.1000000E+01  0.1000000E+00
  0.4313062E+01  0.9947917E-01  0.9450000E+00  0.5000000E+01  0.1000000E+01  0.1000000E+00
  0.4313419E+01  0.9981176E-01  0.9400000E+00  0.5000000E+01  0.1000000E+01  0.1000000E+00
  0.4313781E+01  0.1001465E+00  0.9350000E+00  0.5000000E+01  0.1000000E+01  0.1000000E+00
  0.4314147E+01  0.1004834E+00  0.9300000E+00  0.5000000E+01  0.1000000E+01  0.1000000E+00
  0.4314518E+01  0.1008225E+00  0.9250000E+00  0.5000000E+01  0.1000000E+01  0.1000000E+00
  0.4314894E+01  0.1011638E+00  0.9200000E+00  0.5000000E+01  0.1000000E+01  0.1000000E+00
  0.4315275E+01  0.1015073E+00  0.9150000E+00  0.5000000E+01  0.1000000E+01  0.1000000E+00
  0.4315660E+01  0.1018529E+00  0.9100000E+00  0.5000000E+01  0.1000000E+01  0.1000000E+00
  0.4316050E+01  0.1022008E+00  0.9050000E+00  0.5000000E+01  0.1000000E+01  0.1000000E+00
  0.4316445E+01  0.1025508E+00  0.9000000E+00  0.5000000E+01  0.1000000E+01  0.1000000E+00
  0.4316845E+01  0.1029031E+00  0.8950000E+00  0.5000000E+01  0.1000000E+01  0.1000000E+00
  0.4317251E+01  0.1032575E+00  0.8900000E+00  0.5000000E+01  0.1000000E+01  0.1000000E+00
  0.4317662E+01  0.1036142E+00  0.8850000E+00  0.5000000E+01  0.1000000E+01  0.1000000E+00
  0.4318078E+01  0.1039731E+00  0.8800000E+00  0.5000000E+01  0.1000000E+01  0.1000000E+00
  0.4318499E+01  0.1043341E+00  0.8750000E+00  0.5000000E+01  0.1000000E+01  0.1000000E+00
  0.4318926E+01  0.1046974E+00  0.8700000E+00  0.5000000E+01  0.1000000E+01  0.1000000E+00
  0.4319359E+01  0.1050629E+00  0.8650000E+00  0.5000000E+01  0.1000000E+01  0.1000000E+00
  0.4319798E+01  0.1054305E+00  0.8600000E+00  0.5000000E+01  0.1000000E+01  0.1000000E+00
  0.4320242E+01  0.1058004E+00  0.8550000E+00  0.5000000E+01  0.1000000E+01  0.1000000E+00
  0.4320692E+01  0.1061724E+00  0.8500000E+00  0.5000000E+01  0.1000000E+01  0.1000000E+00
  0.4321149E+01  0.1065467E+00  0.8450000E+00  0.5000000E+01  0.1000000E+01  0.1000000E+00
  0.4321611E+01  0.1069231E+00  0.8400000E+00  0.5000000E+01  0.1000000E+01  0.1000000E+00
  0.4322080E+01  0.1073016E+00  0.8350000E+00  0.5000000E+01  0.1000000E+01  0.1000000E+00
  0.4322556E+01  0.1076824E+00  0.8300000E+00  0.5000000E+01  0.1000000E+01  0.1000000E+00
  0.4323038E+01  0.1080652E+00  0.8250000E+00  0.5000000E+01  0.1000000E+01  0.1000000E+00
  0.4323526E+01  0.1084502E+00  0.8200000E+00  0.5000000E+01  0.1000000E+01  0.1000000E+00
  0.4324022E+01  0.1088373E+00  0.8150000E+00  0.5000000E+01  0.1000000E+01  0.1000000E+00
  0.4324524E+01  0.1092264E+00  0.8100000E+00  0.5000000E+01  0.1000000E+01  0.1000000E+00
  0.4325033E+01  0.1096177E+00  0.8050000E+00  0.5000000E+01  0.1000000E+01  0.1000000E+00
  0.4325549E+01  0.1100110E+00  0.8000000E+00  0.5000000E+01  0.1000000E+01  0.1000000E+00
  0.4326073E+01  0.1104063E+00  0.7950000E+00  0.5000000E+01  0.1000000E+01  0.1000000E+00
  0.4326604E+01  0.1108036E+00  0.7900000E+00  0.5000000E+01  0.1000000E+01  0.1000000E+00
  0.4327143E+01  0.1112029E+00  0.7850000E+00  0.5000000E+01  0.1000000E+01  0.1000000E+00
  0.4327689E+01  0.1116042E+00  0.7800000E+00  0.5000000E+01  0.1000000E+01  0.1000000E+00
  0.4328243E+01  0.1120074E+00  0.7750000E+00  0.5000000E+01  0.1000000E+01  0.1000000E+00
  0.4328805E+01  0.1124124E+00  0.7700000E+00  0.5000000E+01  0.1000000E+01  0.1000000E+00
  0.4329376E+01  0.1128193E+00  0.7650000E+00  0.5000000E+01  0.1000000E+01  0.1000000E+00
  0.4329954E+01  0.1132280E+00  0.7600000E+00  0.5000000E+01  0.1000000E+01  0.1000000E+00
  0.4330541E+01  0.1136384E+00  0.7550000E+00  0.5000000E+01  0.1000000E+01  0.1000000E+00
  0.4331137E+01  0.1140505E+00  0.7500000E+00  0.5000000E+01  0.1000000E+01  0.1000000E+00
  0.4331741E+01  0.1144643E+00  0.7450000E+00  0.5000000E+01  0.1000000E+01  0.1000000E+00
  0.4332355E+01  0.1148798E+00  0.7400000E+00  0.5000000E+01  0.1000000E+01  0.1000000E+00
  0.4332977E+01  0.1152967E+00  0.7350000E+00  0.5000000E+01  0.1000000E+01  0.1000000E+00
  0.4333609E+01  0.1157152E+00  0.7300000E+00  0.5000000E+01  0.1000000E+01  0.1000000E+00
  0.4334250E+01  0.1161351E+00  0.7250000E+00  0.5000000E+01  0.1000000E+01  0.1000000E+00
  0.4334900E+01  0.1165563E+00  0.7200000E+00  0.5000000E+01  0.1000000E+01  0.1000000E+00
  0.4335561E+01  0.1169789E+00  0.7150000E+00  0.5000000E+01  0.1000000E+01  0.1000000E+00
  0.4336231E+01  0.1174026E+00  0.7100000E+00  0.5000000E+01  0.1000000E+01  0.1000000E+00
  0.4336911E+01  0.1178275E+00  0.7050000E+00  0.5000000E+01  0.1000000E+01  0.1000000E+00
  0.4337602E+01  0.1182534E+00  0.7000000E+00  0.5000000E+01  0.1000000E+01  0.1000000E+00
  0.4338303E+01  0.1186803E+00  0.6950000E+00  0.5000000E+01  0.1000000E+01  0.1000000E+00
  0.4339015E+01  0.1191081E+00  0.6900000E+00  0.5000000E+01  0.1000000E+01  0.1000000E+00
  0.4339738E+01  0.1195366E+00  0.6850000E+00  0.5000000E+01  0.1000000E+01  0.1000000E+00
  0.4340472E+01  0.1199658E+00  0.6800000E+00  0.5000000E+01  0.1000000E+01  0.1000000E+00
  0.4341217E+01  0.1203955E+00  0.6750000E+00  0.5000000E+01  0.1000000E+01  0.1000000E+00
  0.4341974E+01  0.1208256E+00  0.6700000E+00  0.5000000E+01  0.1000000E+01  0.1000000E+00
  0.4342742E+01  0.1212560E+00  0.6650000E+00  0.5000000E+01  0.1000000E+01  0.1000000E+00
  0.4343522E+01  0.1216866E+00  0.6600000E+00  0.5000000E+01  0.1000000E+01  0.1000000E+00
  0.4344315E+01  0.1221173E+00  0.6550000E+00  0.5000000E+01  0.1000000E+01  0.1000000E+00
  0.4345120E+01  0.1225478E+00  0.6500000E+00  0.5000000E+01  0.1000000E+01  0.1000000E+00
  0.4345937E+01  0.1229781E+00  0.6450000E+00  0.5000000E+01  0.1000000E+01  0.1000000E+00
  0.4346767E+01  0.1234079E+00  0.6400000E+00  0.5000000E+01  0.1000000E+01  0.1000000E+00
  0.4347610E+01  0.1238371E+00  0.6350000E+00  0.5000000E+01  0.1000000E+01  0.1000000E+00
  0.4348466E+01  0.1242656E+00  0.6300000E+00  0.5000000E+01  0.1000000E+01  0.1000000E+00
  0.4349335E+01  0.1246931E+00  0.6250000E+00  0.5000000E+01  0.1000000E+01  0.1000000E+00
  0.4350218E+01  0.1251195E+00  0.6200000E+00  0.5000000E+01  0.1000000E+01  0.1000000E+00
  0.4351115E+01  0.1255445E+00  0.6150000E+00  0.5000000E+01  0.1000000E+01  0.1000000E+00
  0.4352027E+01  0.1259680E+00  0.6100000E+00  0.5000000E+01  0.1000000E+01  0.1000000E+00
  0.4352952E+01  0.1263897E+00  0.6050000E+00  0.5000000E+01  0.1000000E+01  0.1000000E+00
  0.4353892E+01  0.1268094E+00  0.6000000E+00  0.5000000E+01  0.1000000E+01  0.1000000E+00
  0.4354847E+01  0.1272268E+00  0.5950000E+00  0.5000000E+01  0.1000000E+01  0.1000000E+00
  0.4355816E+01  0.1276418E+00  0.5900000E+00  0.5000000E+01  0.1000000E+01  0.1000000E+00
  0.4356801E+01  0.1280540E+00  0.5850000E+00  0.5000000E+01  0.1000000E+01  0.1000000E+00
  0.4357802E+01  0.1284631E+00  0.5800000E+00  0.5000000E+01  0.1000000E+01  0.1000000E+00
  0.4358818E+01  0.1288689E+00  0.5750000E+00  0.5000000E+01  0.1000000E+01  0.1000000E+00
  0.4359850E+01  0.1292711E+00  0.5700000E+00  0.5000000E+01  0.1000000E+01  0.1000000E+00
  0.4360898E+01  0.1296694E+00  0.5650000E+00  0.5000000E+01  0.1000000E+01  0.1000000E+00
  0.4361962E+01  0.1300635E+00  0.5600000E+00  0.5000000E+01  0.1000000E+01  0.1000000E+00
  0.4363043E+01  0.1304530E+00  0.5550000E+00  0.5000000E+01  0.1000000E+01  0.1000000E+00
  0.4364141E+01  0.1308375E+00  0.5500000E+00  0.5000000E+01  0.1000000E+01  0.1000000E+00
  0.4365255E+01  0.1312168E+00  0.5450000E+00  0.5000000E+01  0.1000000E+01  0.1000000E+00
  0.4366387E+01  0.1315904E+00  0.5400000E+00  0.5000000E+01  0.1000000E+01  0.1000000E+00
  0.4367536E+01  0.1319580E+00  0.5350000E+00  0.5000000E+01  0.1000000E+01  0.1000000E+00
  0.4368703E+01  0.1323191E+00  0.5300000E+00  0.5000000E+01  0.1000000E+01  0.1000000E+00
  0.4369888E+01  0.1326734E+00  0.5250000E+00  0.5000000E+01  0.1000000E+01  0.1000000E+00
  0.4371090E+01  0.1330204E+00  0.5200000E+00  0.5000000E+01  0.1000000E+01  0.1000000E+00
  0.4372311E+01  0.1333597E+00  0.5150000E+00  0.5000000E+01  0.1000000E+01  0.1000000E+00
  0.4373549E+01  0.1336908E+00  0.5100000E+00  0.5000000E+01  0.1000000E+01  0.1000000E+00
  0.4374807E+01  0.1340133E+00  0.5050000E+00  0.5000000E+01  0.1000000E+01  0.1000000E+00
  0.4376083E+01  0.1343266E+00  0.5000000E+00  0.5000000E+01  0.1000000E+01  0.1000000E+00
  0.4377377E+01  0.1346303E+00  0.4950000E+00  0.5000000E+01  0.1000000E+01  0.1000000E+00
  0.4378691E+01  0.1349239E+00  0.4900000E+00  0.5000000E+01  0.1000000E+01  0.1000000E+00
  0.4380023E+01  0.1352067E+00  0.4850000E+00  0.5000000E+01  0.1000000E+01  0.1000000E+00
  0.4381375E+01  0.1354784E+00  0.4800000E+00  0.5000000E+01  0.1000000E+01  0.1000000E+00
  0.4382745E+01  0.1357383E+00  0.4750000E+00  0.5000000E+01  0.1000000E+01  0.1000000E+00
  0.4384135E+01  0.1359859E+00  0.4700000E+00  0.5000000E+01  0.1000000E+01  0.1000000E+00
  0.4385544E+01  0.1362205E+00  0.4650000E+00  0.5000000E+01  0.1000000E+01  0.1000000E+00
  0.4386973E+01  0.1364417E+00  0.4600000E+00  0.5000000E+01  0.1000000E+01  0.1000000E+00
  0.4388420E+01  0.1366487E+00  0.4550000E+00  0.5000000E+01  0.1000000E+01  0.1000000E+00
  0.4389887E+01  0.1368410E+00  0.4500000E+00  0.5000000E+01  0.1000000E+01  0.1000000E+00
  0.4391374E+01  0.1370179E+00  0.4450000E+00  0.5000000E+01  0.1000000E+01  0.1000000E+00
  0.4392879E+01  0.1371788E+00  0.4400000E+00  0.5000000E+01  0.1000000E+01  0.1000000E+00
  0.4394404E+01  0.1373231E+00  0.4350000E+00  0.5000000E+01  0.1000000E+01  0.1000000E+00
  0.4395948E+01  0.1374500E+00  0.4300000E+00  0.5000000E+01  0.1000000E+01  0.1000000E+00
  0.4397511E+01  0.1375589E+00  0.4250000E+00  0.5000000E+01  0.1000000E+01  0.1000000E+00
  0.4399092E+01  0.1376492E+00  0.4200000E+00  0.5000000E+01  0.1000000E+01  0.1000000E+00
  0.4400693E+01  0.1377201E+00  0.4150000E+00  0.5000000E+01  0.1000000E+01  0.1000000E+00
  0.4402311E+01  0.1377710E+00  0.4100000E+00  0.5000000E+01  0.1000000E+01  0.1000000E+00
  0.4403948E+01  0.1378012E+00  0.4050000E+00  0.5000000E+01  0.1000000E+01  0.1000000E+00
  0.4405604E+01  0.1378099E+00  0.4000000E+00  0.5000000E+01  0.1000000E+01  0.1000000E+00
  0.4407276E+01  0.1377965E+00  0.3950000E+00  0.5000000E+01  0.1000000E+01  0.1000000E+00
  0.4408967E+01  0.1377603E+00  0.3900000E+00  0.5000000E+01  0.1000000E+01  0.1000000E+00
  0.4410674E+01  0.1377006E+00  0.3850000E+00  0.5000000E+01  0.1000000E+01  0.1000000E+00
  0.4412398E+01  0.1376167E+00  0.3800000E+00  0.5000000E+01  0.1000000E+01  0.1000000E+00
  0.4414139E+01  0.1375080E+00  0.3750000E+00  0.5000000E+01  0.1000000E+01  0.1000000E+00
  0.4415895E+01  0.1373736E+00  0.3700000E+00  0.5000000E+01  0.1000000E+01  0.1000000E+00
  0.4417667E+01  0.1372131E+00  0.3650000E+00  0.5000000E+01  0.1000000E+01  0.1000000E+00
  0.4419454E+01  0.1370256E+00  0.3600000E+00  0.5000000E+01  0.1000000E+01  0.1000000E+00
  0.4421256E+01  0.1368106E+00  0.3550000E+00  0.5000000E+01  0.1000000E+01  0.1000000E+00
  0.4423071E+01  0.1365674E+00  0.3500000E+00  0.5000000E+01  0.1000000E+01  0.1000000E+00
  0.4424900E+01  0.1362954E+00  0.3450000E+00  0.5000000E+01  0.1000000E+01  0.1000000E+00
  0.4426742E+01  0.1359940E+00  0.3400000E+00  0.5000000E+01  0.1000000E+01  0.1000000E+00
  0.4428596E+01  0.1356625E+00  0.3350000E+00  0.5000000E+01  0.1000000E+01  0.1000000E+00
  0.4430461E+01  0.1353006E+00  0.3300000E+00  0.5000000E+01  0.1000000E+01  0.1000000E+00
  0.4432337E+01  0.1349075E+00  0.3250000E+00  0.5000000E+01  0.1000000E+01  0.1000000E+00
  0.4434223E+01  0.1344827E+00  0.3200000E+00  0.5000000E+01  0.1000000E+01  0.1000000E+00
  0.4436118E+01  0.1340259E+00  0.3150000E+00  0.5000000E+01  0.1000000E+01  0.1000000E+00
  0.4438022E+01  0.1335365E+00  0.3100000E+00  0.5000000E+01  0.1000000E+01  0.1000000E+00
  0.4439934E+01  0.1330140E+00  0.3050000E+00  0.5000000E+01  0.1000000E+01  0.1000000E+00
  0.4441853E+01  0.1324581E+00  0.3000000E+00  0.5000000E+01  0.1000000E+01  0.1000000E+00
  0.4443778E+01  0.1318684E+00  0.2950000E+00  0.5000000E+01  0.1000000E+01  0.1000000E+00
  0.4445708E+01  0.1312445E+00  0.2900000E+00  0.5000000E+01  0.1000000E+01  0.1000000E+00
  0.4447642E+01  0.1305862E+00  0.2850000E+00  0.5000000E+01  0.1000000E+01  0.1000000E+00
  0.4449580E+01  0.1298932E+00  0.2800000E+00  0.5000000E+01  0.1000000E+01  0.1000000E+00
  0.4451521E+01  0.1291652E+00  0.2750000E+00  0.5000000E+01  0.1000000E+01  0.1000000E+00
  0.4453464E+01  0.1284020E+00  0.2700000E+00  0.5000000E+01  0.1000000E+01  0.1000000E+00
  0.4455407E+01  0.1276035E+00  0.2650000E+00  0.5000000E+01  0.1000000E+01  0.1000000E+00
  0.4457350E+01  0.1267695E+00  0.2600000E+00  0.5000000E+01  0.1000000E+01  0.1000000E+00
  0.4459293E+01  0.1259000E+00  0.2550000E+00  0.5000000E+01  0.1000000E+01  0.1000000E+00
  0.4461233E+01  0.1249949E+00  0.2500000E+00  0.5000000E+01  0.1000000E+01  0.1000000E+00
  0.4463171E+01  0.1240543E+00  0.2450000E+00  0.5000000E+01  0.1000000E+01  0.1000000E+00
  0.4465105E+01  0.1230780E+00  0.2400000E+00  0.5000000E+01  0.1000000E+01  0.1000000E+00
  0.4467034E+01  0.1220663E+00  0.2350000E+00  0.5000000E+01  0.1000000E+01  0.1000000E+00
  0.4468958E+01  0.1210191E+00  0.2300000E+00  0.5000000E+01  0.1000000E+01  0.1000000E+00
  0.4470876E+01  0.1199367E+00  0.2250000E+00  0.5000000E+01  0.1000000E+01  0.1000000E+00
  0.4472786E+01  0.1188192E+00  0.2200000E+00  0.5000000E+01  0.1000000E+01  0.1000000E+00
  0.4474688E+01  0.1176669E+00  0.2150000E+00  0.5000000E+01  0.1000000E+01  0.1000000E+00
  0.4476581E+01  0.1164799E+00  0.2100000E+00  0.5000000E+01  0.1000000E+01  0.1000000E+00
  0.4478464E+01  0.1152586E+00  0.2050000E+00  0.5000000E+01  0.1000000E+01  0.1000000E+00
  0.4480337E+01  0.1140032E+00  0.2000000E+00  0.5000000E+01  0.1000000E+01  0.1000000E+00
  0.4482199E+01  0.1127142E+00  0.1950000E+00  0.5000000E+01  0.1000000E+01  0.1000000E+00
  0.4484048E+01  0.1113918E+00  0.1900000E+00  0.5000000E+01  0.1000000E+01  0.1000000E+00
  0.4485884E+01  0.1100364E+00  0.1850000E+00  0.5000000E+01  0.1000000E+01  0.1000000E+00
  0.4487707E+01  0.1086485E+00  0.1800000E+00  0.5000000E+01  0.1000000E+01  0.1000000E+00
  0.4489516E+01  0.1072284E+00  0.1750000E+00  0.5000000E+01  0.1000000E+01  0.1000000E+00
  0.4491310E+01  0.1057768E+00  0.1700000E+00  0.5000000E+01  0.1000000E+01  0.1000000E+00
  0.4493088E+01  0.1042939E+00  0.1650000E+00  0.5000000E+01  0.1000000E+01  0.1000000E+00
  0.4494851E+01  0.1027804E+00  0.1600000E+00  0.5000000E+01  0.1000000E+01  0.1000000E+00
  0.4496596E+01  0.1012367E+00  0.1550000E+00  0.5000000E+01  0.1000000E+01  0.1000000E+00
  0.4498325E+01  0.9966327E-01  0.1500000E+00  0.5000000E+01  0.1000000E+01  0.1000000E+00
  0.4500035E+01  0.9806074E-01  0.1450000E+00  0.5000000E+01  0.1000000E+01  0.1000000E+00
  0.4501728E+01  0.9642960E-01  0.1400000E+00  0.5000000E+01  0.1000000E+01  0.1000000E+00
  0.4503402E+01  0.9477040E-01  0.1350000E+00  0.5000000E+01  0.1000000E+01  0.1000000E+00
  0.4505057E+01  0.9308368E-01  0.1300000E+00  0.5000000E+01  0.1000000E+01  0.1000000E+00
  0.4506693E+01  0.9136998E-01  0.1250000E+00  0.5000000E+01  0.1000000E+01  0.1000000E+00
  0.4508309E+01  0.8962987E-01  0.1200000E+00  0.5000000E+01  0.1000000E+01  0.1000000E+00
  0.4509905E+01  0.8786388E-01  0.1150000E+00  0.5000000E+01  0.1000000E+01  0.1000000E+00
  0.4511480E+01  0.8607256E-01  0.1100000E+00  0.5000000E+01  0.1000000E+01  0.1000000E+00
  0.4513035E+01  0.8425645E-01  0.1050000E+00  0.5000000E+01  0.1000000E+01  0.1000000E+00
  0.4514570E+01  0.8241608E-01  0.1000000E+00  0.5000000E+01  0.1000000E+01  0.1000000E+00
  0.4516083E+01  0.8055199E-01  0.9500000E-01  0.5000000E+01  0.1000000E+01  0.1000000E+00
  0.4517575E+01  0.7866468E-01  0.9000000E-01  0.5000000E+01  0.1000000E+01  0.1000000E+00
  0.4519046E+01  0.7675467E-01  0.8500000E-01  0.5000000E+01  0.1000000E+01  0.1000000E+00
  0.4520495E+01  0.7482245E-01  0.8000000E-01  0.5000000E+01  0.1000000E+01  0.1000000E+00
  0.4521922E+01  0.7286850E-01  0.7500000E-01  0.5000000E+01  0.1000000E+01  0.1000000E+00
  0.4523328E+01  0.7089330E-01  0.7000000E-01  0.5000000E+01  0.1000000E+01  0.1000000E+00
  0.4524713E+01  0.6889730E-01  0.6500000E-01  0.5000000E+01  0.1000000E+01  0.1000000E+00
  0.4526075E+01  0.6688095E-01  0.6000000E-01  0.5000000E+01  0.1000000E+01  0.1000000E+00
  0.4527416E+01  0.6484466E-01  0.5500000E-01  0.5000000E+01  0.1000000E+01  0.1000000E+00
  0.4528735E+01  0.6278884E-01  0.5000000E-01  0.5000000E+01  0.1000000E+01  0.1000000E+00

