  0.1432223E+00  0.7129881E-01  0.5000000E+01  0.5000000E+01  0.1000000E+01  0.1000000E+00
  0.1432891E+00  0.7129949E-01  0.4995000E+01  0.5000000E+01  0.1000000E+01  0.1000000E+00
  0.1433560E+00  0.7130013E-01  0.4990000E+01  0.5000000E+01  0.1000000E+01  0.1000000E+00
  0.1434230E+00  0.7130073E-01  0.4985000E+01  0.5000000E+01  0.1000000E+01  0.1000000E+00
  0.1434900E+00  0.7130129E-01  0.4980000E+01  0.5000000E+01  0.1000000E+01  0.1000000E+00
  0.1435571E+00  0.7130181E-01  0.4975000E+01  0.5000000E+01  0.1000000E+01  0.1000000E+00
  0.1436243E+00  0.7130230E-01  0.4970000E+01  0.5000000E+01  0.1000000E+01  0.1000000E+00
  0.1436915E+00  0.7130274E-01  0.4965000E+01  0.5000000E+01  0.1000000E+01  0.1000000E+00
  0.1437588E+00  0.7130315E-01  0.4960000E+01  0.5000000E+01  0.1000000E+01  0.1000000E+00
  0.1438262E+00  0.7130352E-01  0.4955000E+01  0.5000000E+01  0.1000000E+01  0.1000000E+00
  0.1438936E+00  0.7130385E-01  0.4950000E+01  0.5000000E+01  0.1000000E+01  0.1000000E+00
  0.1439612E+00  0.7130414E-01  0.4945000E+01  0.5000000E+01  0.1000000E+01  0.1000000E+00
  0.1440288E+00  0.7130439E-01  0.4940000E+01  0.5000000E+01  0.1000000E+01  0.1000000E+00
  0.1440964E+00  0.7130460E-01  0.4935000E+01  0.5000000E+01  0.1000000E+01  0.1000000E+00
  0.1441642E+00  0.7130477E-01  0.4930000E+01  0.5000000E+01  0.1000000E+01  0.1000000E+00
  0.1442320E+00  0.7130490E-01  0.4925000E+01  0.5000000E+01  0.1000000E+01  0.1000000E+00
  0.1442999E+00  0.7130500E-01  0.4920000E+01  0.5000000E+01  0.1000000E+01  0.1000000E+00
  0.1443678E+00  0.7130505E-01  0.4915000E+01  0.5000000E+01  0.1000000E+01  0.1000000E+00
  0.1444359E+00  0.7130506E-01  0.4910000E+01  0.5000000E+01  0.1000000E+01  0.1000000E+00
  0.1445040E+00  0.7130503E-01  0.4905000E+01  0.5000000E+01  0.1000000E+01  0.1000000E+00
  0.1445722E+00  0.7130496E-01  0.4900000E+01  0.5000000E+01  0.1000000E+01  0.1000000E+00
  0.1446404E+00  0.7130485E-01  0.4895000E+01  0.5000000E+01  0.1000000E+01  0.1000000E+00
  0.1447088E+00  0.7130470E-01  0.4890000E+01  0.5000000E+01  0.1000000E+01  0.1000000E+00
  0.1447772E+00  0.7130450E-01  0.4885000E+01  0.5000000E+01  0.1000000E+01  0.1000000E+00
  0.1448456E+00  0.7130427E-01  0.4880000E+01  0.5000000E+01  0.1000000E+01  0.1000000E+00
  0.1449142E+00  0.7130399E-01  0.4875000E+01  0.5000000E+01  0.1000000E+01  0.1000000E+00
  0.1449828E+00  0.7130368E-01  0.4870000E+01  0.5000000E+01  0.1000000E+01  0.1000000E+00
  0.1450515E+00  0.7130332E-01  0.4865000E+01  0.5000000E+01  0.1000000E+01  0.1000000E+00
  0.1451203E+00  0.7130292E-01  0.4860000E+01  0.5000000E+01  0.1000000E+01  0.1000000E+00
  0.1451891E+00  0.7130248E-01  0.4855000E+01  0.5000000E+01  0.1000000E+01  0.1000000E+00
  0.1452580E+00  0.7130199E-01  0.4850000E+01  0.5000000E+01  0.1000000E+01  0.1000000E+00
  0.1453270E+00  0.7130146E-01  0.4845000E+01  0.5000000E+01  0.1000000E+01  0.1000000E+00
  0.1453961E+00  0.7130090E-01  0.4840000E+01  0.5000000E+01  0.1000000E+01  0.1000000E+00
  0.1454652E+00  0.7130028E-01  0.4835000E+01  0.5000000E+01  0.1000000E+01  0.1000000E+00
  0.1455345E+00  0.7129963E-01  0.4830000E+01  0.5000000E+01  0.1000000E+01  0.1000000E+00
  0.1456037E+00  0.7129893E-01  0.4825000E+01  0.5000000E+01  0.1000000E+01  0.1000000E+00
  0.1456731E+00  0.7129819E-01  0.4820000E+01  0.5000000E+01  0.1000000E+01  0.1000000E+00
  0.1457425E+00  0.7129741E-01  0.4815000E+01  0.5000000E+01  0.1000000E+01  0.1000000E+00
  0.1458121E+00  0.7129658E-01  0.4810000E+01  0.5000000E+01  0.1000000E+01  0.1000000E+00
  0.1458817E+00  0.7129571E-01  0.4805000E+01  0.5000000E+01  0.1000000E+01  0.1000000E+00
  0.1459513E+00  0.7129480E-01  0.4800000E+01  0.5000000E+01  0.1000000E+01  0.1000000E+00
  0.1460211E+00  0.7129384E-01  0.4795000E+01  0.5000000E+01  0.1000000E+01  0.1000000E+00
  0.1460909E+00  0.7129284E-01  0.4790000E+01  0.5000000E+01  0.1000000E+01  0.1000000E+00
  0.1461608E+00  0.7129180E-01  0.4785000E+01  0.5000000E+01  0.1000000E+01  0.1000000E+00
  0.1462307E+00  0.7129071E-01  0.4780000E+01  0.5000000E+01  0.1000000E+01  0.1000000E+00
  0.1463008E+00  0.7128957E-01  0.4775000E+01  0.5000000E+01  0.1000000E+01  0.1000000E+00
  0.1463709E+00  0.7128839E-01  0.4770000E+01  0.5000000E+01  0.1000000E+01  0.1000000E+00
  0.1464411E+00  0.7128717E-01  0.4765000E+01  0.5000000E+01  0.1000000E+01  0.1000000E+00
  0.1465114E+00  0.7128590E-01  0.4760000E+01  0.5000000E+01  0.1000000E+01  0.1000000E+00
  0.1465817E+00  0.7128459E-01  0.4755000E+01  0.5000000E+01  0.1000000E+01  0.1000000E+00
  0.1466521E+00  0.7128323E-01  0.4750000E+01  0.5000000E+01  0.1000000E+01  0.1000000E+00
  0.1467226E+00  0.7128183E-01  0.4745000E+01  0.5000000E+01  0.1000000E+01  0.1000000E+00
  0.1467932E+00  0.7128038E-01  0.4740000E+01  0.5000000E+01  0.1000000E+01  0.1000000E+00
  0.1468638E+00  0.7127888E-01  0.4735000E+01  0.5000000E+01  0.1000000E+01  0.1000000E+00
  0.1469346E+00  0.7127734E-01  0.4730000E+01  0.5000000E+01  0.1000000E+01  0.1000000E+00
  0.1470054E+00  0.7127576E-01  0.4725000E+01  0.5000000E+01  0.1000000E+01  0.1000000E+00
  0.1470762E+00  0.7127412E-01  0.4720000E+01  0.5000000E+01  0.1000000E+01  0.1000000E+00
  0.1471472E+00  0.7127244E-01  0.4715000E+01  0.5000000E+01  0.1000000E+01  0.1000000E+00
  0.1472182E+00  0.7127072E-01  0.4710000E+01  0.5000000E+01  0.1000000E+01  0.1000000E+00
  0.1472893E+00  0.7126894E-01  0.4705000E+01  0.5000000E+01  0.1000000E+01  0.1000000E+00
  0.1473605E+00  0.7126713E-01  0.4700000E+01  0.5000000E+01  0.1000000E+01  0.1000000E+00
  0.1474318E+00  0.7126526E-01  0.4695000E+01  0.5000000E+01  0.1000000E+01  0.1000000E+00
  0.1475031E+00  0.7126335E-01  0.4690000E+01  0.5000000E+01  0.1000000E+01  0.1000000E+00
  0.1475745E+00  0.7126138E-01  0.4685000E+01  0.5000000E+01  0.1000000E+01  0.1000000E+00
  0.1476460E+00  0.7125938E-01  0.4680000E+01  0.5000000E+01  0.1000000E+01  0.1000000E+00
  0.1477176E+00  0.7125732E-01  0.4675000E+01  0.5000000E+01  0.1000000E+01  0.1000000E+00
  0.1477893E+00  0.7125522E-01  0.4670000E+01  0.5000000E+01  0.1000000E+01  0.1000000E+00
  0.1478610E+00  0.7125307E-01  0.4665000E+01  0.5000000E+01  0.1000000E+01  0.1000000E+00
  0.1479328E+00  0.7125087E-01  0.4660000E+01  0.5000000E+01  0.1000000E+01  0.1000000E+00
  0.1480047E+00  0.7124862E-01  0.4655000E+01  0.5000000E+01  0.1000000E+01  0.1000000E+00
  0.1480766E+00  0.7124632E-01  0.4650000E+01  0.5000000E+01  0.1000000E+01  0.1000000E+00
  0.1481487E+00  0.7124397E-01  0.4645000E+01  0.5000000E+01  0.1000000E+01  0.1000000E+00
  0.1482208E+00  0.7124158E-01  0.4640000E+01  0.5000000E+01  0.1000000E+01  0.1000000E+00
  0.1482930E+00  0.7123914E-01  0.4635000E+01  0.5000000E+01  0.1000000E+01  0.1000000E+00
  0.1483652E+00  0.7123664E-01  0.4630000E+01  0.5000000E+01  0.1000000E+01  0.1000000E+00
  0.1484376E+00  0.7123410E-01  0.4625000E+01  0.5000000E+01  0.1000000E+01  0.1000000E+00
  0.1485100E+00  0.7123151E-01  0.4620000E+01  0.5000000E+01  0.1000000E+01  0.1000000E+00
  0.1485825E+00  0.7122887E-01  0.4615000E+01  0.5000000E+01  0.1000000E+01  0.1000000E+00
  0.1486551E+00  0.7122618E-01  0.4610000E+01  0.5000000E+01  0.1000000E+01  0.1000000E+00
  0.1487278E+00  0.7122344E-01  0.4605000E+01  0.5000000E+01  0.1000000E+01  0.1000000E+00
  0.1488005E+00  0.7122064E-01  0.4600000E+01  0.5000000E+01  0.1000000E+01  0.1000000E+00
  0.1488733E+00  0.7121780E-01  0.4595000E+01  0.5000000E+01  0.1000000E+01  0.1000000E+00
  0.1489462E+00  0.7121491E-01  0.4590000E+01  0.5000000E+01  0.1000000E+01  0.1000000E+00
  0.1490192E+00  0.7121197E-01  0.4585000E+01  0.5000000E+01  0.1000000E+01  0.1000000E+00
  0.1490923E+00  0.7120897E-01  0.4580000E+01  0.5000000E+01  0.1000000E+01  0.1000000E+00
  0.1491654E+00  0.7120593E-01  0.4575000E+01  0.5000000E+01  0.1000000E+01  0.1000000E+00
  0.1492386E+00  0.7120283E-01  0.4570000E+01  0.5000000E+01  0.1000000E+01  0.1000000E+00
  0.1493119E+00  0.7119968E-01  0.4565000E+01  0.5000000E+01  0.1000000E+01  0.1000000E+00
  0.1493853E+00  0.7119648E-01  0.4560000E+01  0.5000000E+01  0.1000000E+01  0.1000000E+00
  0.1494587E+00  0.7119323E-01  0.4555000E+01  0.5000000E+01  0.1000000E+01  0.1000000E+00
  0.1495323E+00  0.7118992E-01  0.4550000E+01  0.5000000E+01  0.1000000E+01  0.1000000E+00
  0.1496059E+00  0.7118657E-01  0.4545000E+01  0.5000000E+01  0.1000000E+01  0.1000000E+00
  0.1496796E+00  0.7118316E-01  0.4540000E+01  0.5000000E+01  0.1000000E+01  0.1000000E+00
  0.1497533E+00  0.7117970E-01  0.4535000E+01  0.5000000E+01  0.1000000E+01  0.1000000E+00
  0.1498272E+00  0.7117618E-01  0.4530000E+01  0.5000000E+01  0.1000000E+01  0.1000000E+00
  0.1499011E+00  0.7117262E-01  0.4525000E+01  0.5000000E+01  0.1000000E+01  0.1000000E+00
  0.1499751E+00  0.7116899E-01  0.4520000E+01  0.5000000E+01  0.1000000E+01  0.1000000E+00
  0.1500492E+00  0.7116532E-01  0.4515000E+01  0.5000000E+01  0.1000000E+01  0.1000000E+00
  0.1501234E+00  0.7116159E-01  0.4510000E+01  0.5000000E+01  0.1000000E+01  0.1000000E+00
  0.1501977E+00  0.7115781E-01  0.4505000E+01  0.5000000E+01  0.1000000E+01  0.1000000E+00
  0.1502720E+00  0.7115398E-01  0.4500000E+01  0.5000000E+01  0.1000000E+01  0.1000000E+00
  0.1503464E+00  0.7115009E-01  0.4495000E+01  0.5000000E+01  0.1000000E+01  0.1000000E+00
  0.1504209E+00  0.7114614E-01  0.4490000E+01  0.5000000E+01  0.1000000E+01  0.1000000E+00
  0.1504955E+00  0.7114215E-01  0.4485000E+01  0.5000000E+01  0.1000000E+01  0.1000000E+00
  0.1505701E+00  0.7113809E-01  0.4480000E+01  0.5000000E+01  0.1000000E+01  0.1000000E+00
  0.1506449E+00  0.7113398E-01  0.4475000E+01  0.5000000E+01  0.1000000E+01  0.1000000E+00
  0.1507197E+00  0.7112982E-01  0.4470000E+01  0.5000000E+01  0.1000000E+01  0.1000000E+00
  0.1507946E+00  0.7112560E-01  0.4465000E+01  0.5000000E+01  0.1000000E+01  0.1000000E+00
  0.1508696E+00  0.7112133E-01  0.4460000E+01  0.5000000E+01  0.1000000E+01  0.1000000E+00
  0.1509446E+00  0.7111700E-01  0.4455000E+01  0.5000000E+01  0.1000000E+01  0.1000000E+00
  0.1510198E+00  0.7111262E-01  0.4450000E+01  0.5000000E+01  0.1000000E+01  0.1000000E+00
  0.1510950E+00  0.7110817E-01  0.4445000E+01  0.5000000E+01  0.1000000E+01  0.1000000E+00
  0.1511703E+00  0.7110368E-01  0.4440000E+01  0.5000000E+01  0.1000000E+01  0.1000000E+00
  0.1512457E+00  0.7109912E-01  0.4435000E+01  0.5000000E+01  0.1000000E+01  0.1000000E+00
  0.1513212E+00  0.7109451E-01  0.4430000E+01  0.5000000E+01  0.1000000E+01  0.1000000E+00
  0.1513967E+00  0.7108984E-01  0.4425000E+01  0.5000000E+01  0.1000000E+01  0.1000000E+00
  0.1514724E+00  0.7108512E-01  0.4420000E+01  0.5000000E+01  0.1000000E+01  0.1000000E+00
  0.1515481E+00  0.7108034E-01  0.4415000E+01  0.5000000E+01  0.1000000E+01  0.1000000E+00
  0.1516239E+00  0.7107550E-01  0.4410000E+01  0.5000000E+01  0.1000000E+01  0.1000000E+00
  0.1516997E+00  0.7107060E-01  0.4405000E+01  0.5000000E+01  0.1000000E+01  0.1000000E+00
  0.1517757E+00  0.7106564E-01  0.4400000E+01  0.5000000E+01  0.1000000E+01  0.1000000E+00
  0.1518518E+00  0.7106063E-01  0.4395000E+01  0.5000000E+01  0.1000000E+01  0.1000000E+00
  0.1519279E+00  0.7105556E-01  0.4390000E+01  0.5000000E+01  0.1000000E+01  0.1000000E+00
  0.1520041E+00  0.7105043E-01  0.4385000E+01  0.5000000E+01  0.1000000E+01  0.1000000E+00
  0.1520804E+00  0.7104524E-01  0.4380000E+01  0.5000000E+01  0.1000000E+01  0.1000000E+00
  0.1521568E+00  0.7103999E-01  0.4375000E+01  0.5000000E+01  0.1000000E+01  0.1000000E+00
  0.1522332E+00  0.7103469E-01  0.4370000E+01  0.5000000E+01  0.1000000E+01  0.1000000E+00
  0.1523098E+00  0.7102932E-01  0.4365000E+01  0.5000000E+01  0.1000000E+01  0.1000000E+00
  0.1523864E+00  0.7102390E-01  0.4360000E+01  0.5000000E+01  0.1000000E+01  0.1000000E+00
  0.1524631E+00  0.7101841E-01  0.4355000E+01  0.5000000E+01  0.1000000E+01  0.1000000E+00
  0.1525399E+00  0.7101287E-01  0.4350000E+01  0.5000000E+01  0.1000000E+01  0.1000000E+00
  0.1526167E+00  0.7100726E-01  0.4345000E+01  0.5000000E+01  0.1000000E+01  0.1000000E+00
  0.1526937E+00  0.7100160E-01  0.4340000E+01  0.5000000E+01  0.1000000E+01  0.1000000E+00
  0.1527707E+00  0.7099587E-01  0.4335000E+01  0.5000000E+01  0.1000000E+01  0.1000000E+00
  0.1528479E+00  0.7099008E-01  0.4330000E+01  0.5000000E+01  0.1000000E+01  0.1000000E+00
  0.1529251E+00  0.7098423E-01  0.4325000E+01  0.5000000E+01  0.1000000E+01  0.1000000E+00
  0.1530024E+00  0.7097832E-01  0.4320000E+01  0.5000000E+01  0.1000000E+01  0.1000000E+00
  0.1530797E+00  0.7097235E-01  0.4315000E+01  0.5000000E+01  0.1000000E+01  0.1000000E+00
  0.1531572E+00  0.7096632E-01  0.4310000E+01  0.5000000E+01  0.1000000E+01  0.1000000E+00
  0.1532347E+00  0.7096023E-01  0.4305000E+01  0.5000000E+01  0.1000000E+01  0.1000000E+00
  0.1533124E+00  0.7095407E-01  0.4300000E+01  0.5000000E+01  0.1000000E+01  0.1000000E+00
  0.1533901E+00  0.7094785E-01  0.4295000E+01  0.5000000E+01  0.1000000E+01  0.1000000E+00
  0.1534679E+00  0.7094157E-01  0.4290000E+01  0.5000000E+01  0.1000000E+01  0.1000000E+00
  0.1535457E+00  0.7093523E-01  0.4285000E+01  0.5000000E+01  0.1000000E+01  0.1000000E+00
  0.1536237E+00  0.7092882E-01  0.4280000E+01  0.5000000E+01  0.1000000E+01  0.1000000E+00
  0.1537017E+00  0.7092235E-01  0.4275000E+01  0.5000000E+01  0.1000000E+01  0.1000000E+00
  0.1537799E+00  0.7091582E-01  0.4270000E+01  0.5000000E+01  0.1000000E+01  0.1000000E+00
  0.1538581E+00  0.7090922E-01  0.4265000E+01  0.5000000E+01  0.1000000E+01  0.1000000E+00
  0.1539364E+00  0.7090256E-01  0.4260000E+01  0.5000000E+01  0.1000000E+01  0.1000000E+00
  0.1540148E+00  0.7089583E-01  0.4255000E+01  0.5000000E+01  0.1000000E+01  0.1000000E+00
  0.1540932E+00  0.7088905E-01  0.4250000E+01  0.5000000E+01  0.1000000E+01  0.1000000E+00
  0.1541718E+00  0.7088219E-01  0.4245000E+01  0.5000000E+01  0.1000000E+01  0.1000000E+00
  0.1542504E+00  0.7087527E-01  0.4240000E+01  0.5000000E+01  0.1000000E+01  0.1000000E+00
  0.1543292E+00  0.7086829E-01  0.4235000E+01  0.5000000E+01  0.1000000E+01  0.1000000E+00
  0.1544080E+00  0.7086124E-01  0.4230000E+01  0.5000000E+01  0.1000000E+01  0.1000000E+00
  0.1544869E+00  0.7085413E-01  0.4225000E+01  0.5000000E+01  0.1000000E+01  0.1000000E+00
  0.1545659E+00  0.7084695E-01  0.4220000E+01  0.5000000E+01  0.1000000E+01  0.1000000E+00
  0.1546449E+00  0.7083970E-01  0.4215000E+01  0.5000000E+01  0.1000000E+01  0.1000000E+00
  0.1547241E+00  0.7083239E-01  0.4210000E+01  0.5000000E+01  0.1000000E+01  0.1000000E+00
  0.1548033E+00  0.7082501E-01  0.4205000E+01  0.5000000E+01  0.1000000E+01  0.1000000E+00
  0.1548826E+00  0.7081757E-01  0.4200000E+01  0.5000000E+01  0.1000000E+01  0.1000000E+00
  0.1549620E+00  0.7081006E-01  0.4195000E+01  0.5000000E+01  0.1000000E+01  0.1000000E+00
  0.1550415E+00  0.7080248E-01  0.4190000E+01  0.5000000E+01  0.1000000E+01  0.1000000E+00
  0.1551211E+00  0.7079483E-01  0.4185000E+01  0.5000000E+01  0.1000000E+01  0.1000000E+00
  0.1552008E+00  0.7078712E-01  0.4180000E+01  0.5000000E+01  0.1000000E+01  0.1000000E+00
  0.1552805E+00  0.7077934E-01  0.4175000E+01  0.5000000E+01  0.1000000E+01  0.1000000E+00
  0.1553604E+00  0.7077149E-01  0.4170000E+01  0.5000000E+01  0.1000000E+01  0.1000000E+00
  0.1554403E+00  0.7076357E-01  0.4165000E+01  0.5000000E+01  0.1000000E+01  0.1000000E+00
  0.1555203E+00  0.7075559E-01  0.4160000E+01  0.5000000E+01  0.1000000E+01  0.1000000E+00
  0.1556004E+00  0.7074753E-01  0.4155000E+01  0.5000000E+01  0.1000000E+01  0.1000000E+00
  0.1556806E+00  0.7073941E-01  0.4150000E+01  0.5000000E+01  0.1000000E+01  0.1000000E+00
  0.1557609E+00  0.7073122E-01  0.4145000E+01  0.5000000E+01  0.1000000E+01  0.1000000E+00
  0.1558412E+00  0.7072296E-01  0.4140000E+01  0.5000000E+01  0.1000000E+01  0.1000000E+00
  0.1559217E+00  0.7071463E-01  0.4135000E+01  0.5000000E+01  0.1000000E+01  0.1000000E+00
  0.1560022E+00  0.7070622E-01  0.4130000E+01  0.5000000E+01  0.1000000E+01  0.1000000E+00
  0.1560828E+00  0.7069775E-01  0.4125000E+01  0.5000000E+01  0.1000000E+01  0.1000000E+00
  0.1561635E+00  0.7068921E-01  0.4120000E+01  0.5000000E+01  0.1000000E+01  0.1000000E+00
  0.1562443E+00  0.7068060E-01  0.4115000E+01  0.5000000E+01  0.1000000E+01  0.1000000E+00
  0.1563252E+00  0.7067192E-01  0.4110000E+01  0.5000000E+01  0.1000000E+01  0.1000000E+00
  0.1564061E+00  0.7066316E-01  0.4105000E+01  0.5000000E+01  0.1000000E+01  0.1000000E+00
  0.1564872E+00  0.7065434E-01  0.4100000E+01  0.5000000E+01  0.1000000E+01  0.1000000E+00
  0.1565683E+00  0.7064544E-01  0.4095000E+01  0.5000000E+01  0.1000000E+01  0.1000000E+00
  0.1566496E+00  0.7063647E-01  0.4090000E+01  0.5000000E+01  0.1000000E+01  0.1000000E+00
  0.1567309E+00  0.7062743E-01  0.4085000E+01  0.5000000E+01  0.1000000E+01  0.1000000E+00
  0.1568123E+00  0.7061831E-01  0.4080000E+01  0.5000000E+01  0.1000000E+01  0.1000000E+00
  0.1568938E+00  0.7060913E-01  0.4075000E+01  0.5000000E+01  0.1000000E+01  0.1000000E+00
  0.1569754E+00  0.7059987E-01  0.4070000E+01  0.5000000E+01  0.1000000E+01  0.1000000E+00
  0.1570570E+00  0.7059054E-01  0.4065000E+01  0.5000000E+01  0.1000000E+01  0.1000000E+00
  0.1571388E+00  0.7058113E-01  0.4060000E+01  0.5000000E+01  0.1000000E+01  0.1000000E+00
  0.1572206E+00  0.7057165E-01  0.4055000E+01  0.5000000E+01  0.1000000E+01  0.1000000E+00
  0.1573025E+00  0.7056210E-01  0.4050000E+01  0.5000000E+01  0.1000000E+01  0.1000000E+00
  0.1573846E+00  0.7055247E-01  0.4045000E+01  0.5000000E+01  0.1000000E+01  0.1000000E+00
  0.1574667E+00  0.7054277E-01  0.4040000E+01  0.5000000E+01  0.1000000E+01  0.1000000E+00
  0.1575489E+00  0.7053299E-01  0.4035000E+01  0.5000000E+01  0.1000000E+01  0.1000000E+00
  0.1576311E+00  0.7052314E-01  0.4030000E+01  0.5000000E+01  0.1000000E+01  0.1000000E+00
  0.1577135E+00  0.7051322E-01  0.4025000E+01  0.5000000E+01  0.1000000E+01  0.1000000E+00
  0.1577960E+00  0.7050321E-01  0.4020000E+01  0.5000000E+01  0.1000000E+01  0.1000000E+00
  0.1578785E+00  0.7049314E-01  0.4015000E+01  0.5000000E+01  0.1000000E+01  0.1000000E+00
  0.1579612E+00  0.7048298E-01  0.4010000E+01  0.5000000E+01  0.1000000E+01  0.1000000E+00
  0.1580439E+00  0.7047275E-01  0.4005000E+01  0.5000000E+01  0.1000000E+01  0.1000000E+00
  0.1581267E+00  0.7046245E-01  0.4000000E+01  0.5000000E+01  0.1000000E+01  0.1000000E+00
  0.1582096E+00  0.7045207E-01  0.3995000E+01  0.5000000E+01  0.1000000E+01  0.1000000E+00
  0.1582926E+00  0.7044161E-01  0.3990000E+01  0.5000000E+01  0.1000000E+01  0.1000000E+00
  0.1583757E+00  0.7043107E-01  0.3985000E+01  0.5000000E+01  0.1000000E+01  0.1000000E+00
  0.1584588E+00  0.7042045E-01  0.3980000E+01  0.5000000E+01  0.1000000E+01  0.1000000E+00
  0.1585421E+00  0.7040976E-01  0.3975000E+01  0.5000000E+01  0.1000000E+01  0.1000000E+00
  0.1586255E+00  0.7039899E-01  0.3970000E+01  0.5000000E+01  0.1000000E+01  0.1000000E+00
  0.1587089E+00  0.7038814E-01  0.3965000E+01  0.5000000E+01  0.1000000E+01  0.1000000E+00
  0.1587924E+00  0.7037722E-01  0.3960000E+01  0.5000000E+01  0.1000000E+01  0.1000000E+00
  0.1588760E+00  0.7036621E-01  0.3955000E+01  0.5000000E+01  0.1000000E+01  0.1000000E+00
  0.1589597E+00  0.7035512E-01  0.3950000E+01  0.5000000E+01  0.1000000E+01  0.1000000E+00
  0.1590435E+00  0.7034396E-01  0.3945000E+01  0.5000000E+01  0.1000000E+01  0.1000000E+00
  0.1591274E+00  0.7033271E-01  0.3940000E+01  0.5000000E+01  0.1000000E+01  0.1000000E+00
  0.1592114E+00  0.7032139E-01  0.3935000E+01  0.5000000E+01  0.1000000E+01  0.1000000E+00
  0.1592955E+00  0.7030998E-01  0.3930000E+01  0.5000000E+01  0.1000000E+01  0.1000000E+00
  0.1593796E+00  0.7029850E-01  0.3925000E+01  0.5000000E+01  0.1000000E+01  0.1000000E+00
  0.1594639E+00  0.7028693E-01  0.3920000E+01  0.5000000E+01  0.1000000E+01  0.1000000E+00
  0.1595482E+00  0.7027529E-01  0.3915000E+01  0.5000000E+01  0.1000000E+01  0.1000000E+00
  0.1596326E+00  0.7026356E-01  0.3910000E+01  0.5000000E+01  0.1000000E+01  0.1000000E+00
  0.1597171E+00  0.7025175E-01  0.3905000E+01  0.5000000E+01  0.1000000E+01  0.1000000E+00
  0.1598018E+00  0.7023986E-01  0.3900000E+01  0.5000000E+01  0.1000000E+01  0.1000000E+00
  0.1598864E+00  0.7022788E-01  0.3895000E+01  0.5000000E+01  0.1000000E+01  0.1000000E+00
  0.1599712E+00  0.7021582E-01  0.3890000E+01  0.5000000E+01  0.1000000E+01  0.1000000E+00
  0.1600561E+00  0.7020368E-01  0.3885000E+01  0.5000000E+01  0.1000000E+01  0.1000000E+00
  0.1601411E+00  0.7019146E-01  0.3880000E+01  0.5000000E+01  0.1000000E+01  0.1000000E+00
  0.1602261E+00  0.7017916E-01  0.3875000E+01  0.5000000E+01  0.1000000E+01  0.1000000E+00
  0.1603113E+00  0.7016677E-01  0.3870000E+01  0.5000000E+01  0.1000000E+01  0.1000000E+00
  0.1603965E+00  0.7015429E-01  0.3865000E+01  0.5000000E+01  0.1000000E+01  0.1000000E+00
  0.1604818E+00  0.7014173E-01  0.3860000E+01  0.5000000E+01  0.1000000E+01  0.1000000E+00
  0.1605673E+00  0.7012909E-01  0.3855000E+01  0.5000000E+01  0.1000000E+01  0.1000000E+00
  0.1606528E+00  0.7011636E-01  0.3850000E+01  0.5000000E+01  0.1000000E+01  0.1000000E+00
  0.1607384E+00  0.7010355E-01  0.3845000E+01  0.5000000E+01  0.1000000E+01  0.1000000E+00
  0.1608241E+00  0.7009065E-01  0.3840000E+01  0.5000000E+01  0.1000000E+01  0.1000000E+00
  0.1609099E+00  0.7007767E-01  0.3835000E+01  0.5000000E+01  0.1000000E+01  0.1000000E+00
  0.1609957E+00  0.7006460E-01  0.3830000E+01  0.5000000E+01  0.1000000E+01  0.1000000E+00
  0.1610817E+00  0.7005145E-01  0.3825000E+01  0.5000000E+01  0.1000000E+01  0.1000000E+00
  0.1611678E+00  0.7003821E-01  0.3820000E+01  0.5000000E+01  0.1000000E+01  0.1000000E+00
  0.1612539E+00  0.7002488E-01  0.3815000E+01  0.5000000E+01  0.1000000E+01  0.1000000E+00
  0.1613401E+00  0.7001146E-01  0.3810000E+01  0.5000000E+01  0.1000000E+01  0.1000000E+00
  0.1614265E+00  0.6999796E-01  0.3805000E+01  0.5000000E+01  0.1000000E+01  0.1000000E+00
  0.1615129E+00  0.6998437E-01  0.3800000E+01  0.5000000E+01  0.1000000E+01  0.1000000E+00
  0.1615994E+00  0.6997069E-01  0.3795000E+01  0.5000000E+01  0.1000000E+01  0.1000000E+00
  0.1616860E+00  0.6995692E-01  0.3790000E+01  0.5000000E+01  0.1000000E+01  0.1000000E+00
  0.1617727E+00  0.6994306E-01  0.3785000E+01  0.5000000E+01  0.1000000E+01  0.1000000E+00
  0.1618595E+00  0.6992912E-01  0.3780000E+01  0.5000000E+01  0.1000000E+01  0.1000000E+00
  0.1619464E+00  0.6991508E-01  0.3775000E+01  0.5000000E+01  0.1000000E+01  0.1000000E+00
  0.1620334E+00  0.6990096E-01  0.3770000E+01  0.5000000E+01  0.1000000E+01  0.1000000E+00
  0.1621204E+00  0.6988675E-01  0.3765000E+01  0.5000000E+01  0.1000000E+01  0.1000000E+00
  0.1622076E+00  0.6987244E-01  0.3760000E+01  0.5000000E+01  0.1000000E+01  0.1000000E+00
  0.1622948E+00  0.6985805E-01  0.3755000E+01  0.5000000E+01  0.1000000E+01  0.1000000E+00
  0.1623822E+00  0.6984356E-01  0.3750000E+01  0.5000000E+01  0.1000000E+01  0.1000000E+00
  0.1624696E+00  0.6982899E-01  0.3745000E+01  0.5000000E+01  0.1000000E+01  0.1000000E+00
  0.1625571E+00  0.6981432E-01  0.3740000E+01  0.5000000E+01  0.1000000E+01  0.1000000E+00
  0.1626448E+00  0.6979956E-01  0.3735000E+01  0.5000000E+01  0.1000000E+01  0.1000000E+00
  0.1627325E+00  0.6978471E-01  0.3730000E+01  0.5000000E+01  0.1000000E+01  0.1000000E+00
  0.1628203E+00  0.6976976E-01  0.3725000E+01  0.5000000E+01  0.1000000E+01  0.1000000E+00
  0.1629082E+00  0.6975473E-01  0.3720000E+01  0.5000000E+01  0.1000000E+01  0.1000000E+00
  0.1629961E+00  0.6973960E-01  0.3715000E+01  0.5000000E+01  0.1000000E+01  0.1000000E+00
  0.1630842E+00  0.6972437E-01  0.3710000E+01  0.5000000E+01  0.1000000E+01  0.1000000E+00
  0.1631724E+00  0.6970906E-01  0.3705000E+01  0.5000000E+01  0.1000000E+01  0.1000000E+00
  0.1632607E+00  0.6969365E-01  0.3700000E+01  0.5000000E+01  0.1000000E+01  0.1000000E+00
  0.1633490E+00  0.6967814E-01  0.3695000E+01  0.5000000E+01  0.1000000E+01  0.1000000E+00
  0.1634375E+00  0.6966254E-01  0.3690000E+01  0.5000000E+01  0.1000000E+01  0.1000000E+00
  0.1635260E+00  0.6964685E-01  0.3685000E+01  0.5000000E+01  0.1000000E+01  0.1000000E+00
  0.1636146E+00  0.6963106E-01  0.3680000E+01  0.5000000E+01  0.1000000E+01  0.1000000E+00
  0.1637034E+00  0.6961518E-01  0.3675000E+01  0.5000000E+01  0.1000000E+01  0.1000000E+00
  0.1637922E+00  0.6959919E-01  0.3670000E+01  0.5000000E+01  0.1000000E+01  0.1000000E+00
  0.1638811E+00  0.6958312E-01  0.3665000E+01  0.5000000E+01  0.1000000E+01  0.1000000E+00
  0.1639701E+00  0.6956694E-01  0.3660000E+01  0.5000000E+01  0.1000000E+01  0.1000000E+00
  0.1640592E+00  0.6955067E-01  0.3655000E+01  0.5000000E+01  0.1000000E+01  0.1000000E+00
  0.1641484E+00  0.6953431E-01  0.3650000E+01  0.5000000E+01  0.1000000E+01  0.1000000E+00
  0.1642377E+00  0.6951784E-01  0.3645000E+01  0.5000000E+01  0.1000000E+01  0.1000000E+00
  0.1643271E+00  0.6950128E-01  0.3640000E+01  0.5000000E+01  0.1000000E+01  0.1000000E+00
  0.1644165E+00  0.6948462E-01  0.3635000E+01  0.5000000E+01  0.1000000E+01  0.1000000E+00
  0.1645061E+00  0.6946786E-01  0.3630000E+01  0.5000000E+01  0.1000000E+01  0.1000000E+00
  0.1645958E+00  0.6945100E-01  0.3625000E+01  0.5000000E+01  0.1000000E+01  0.1000000E+00
  0.1646855E+00  0.6943404E-01  0.3620000E+01  0.5000000E+01  0.1000000E+01  0.1000000E+00
  0.1647754E+00  0.6941699E-01  0.3615000E+01  0.5000000E+01  0.1000000E+01  0.1000000E+00
  0.1648653E+00  0.6939983E-01  0.3610000E+01  0.5000000E+01  0.1000000E+01  0.1000000E+00
  0.1649553E+00  0.6938257E-01  0.3605000E+01  0.5000000E+01  0.1000000E+01  0.1000000E+00
  0.1650455E+00  0.6936522E-01  0.3600000E+01  0.5000000E+01  0.1000000E+01  0.1000000E+00
  0.1651357E+00  0.6934776E-01  0.3595000E+01  0.5000000E+01  0.1000000E+01  0.1000000E+00
  0.1652260E+00  0.6933020E-01  0.3590000E+01  0.5000000E+01  0.1000000E+01  0.1000000E+00
  0.1653164E+00  0.6931254E-01  0.3585000E+01  0.5000000E+01  0.1000000E+01  0.1000000E+00
  0.1654069E+00  0.6929477E-01  0.3580000E+01  0.5000000E+01  0.1000000E+01  0.1000000E+00
  0.1654975E+00  0.6927691E-01  0.3575000E+01  0.5000000E+01  0.1000000E+01  0.1000000E+00
  0.1655882E+00  0.6925894E-01  0.3570000E+01  0.5000000E+01  0.1000000E+01  0.1000000E+00
  0.1656790E+00  0.6924087E-01  0.3565000E+01  0.5000000E+01  0.1000000E+01  0.1000000E+00
  0.1657698E+00  0.6922270E-01  0.3560000E+01  0.5000000E+01  0.1000000E+01  0.1000000E+00
  0.1658608E+00  0.6920442E-01  0.3555000E+01  0.5000000E+01  0.1000000E+01  0.1000000E+00
  0.1659519E+00  0.6918604E-01  0.3550000E+01  0.5000000E+01  0.1000000E+01  0.1000000E+00
  0.1660430E+00  0.6916755E-01  0.3545000E+01  0.5000000E+01  0.1000000E+01  0.1000000E+00
  0.1661343E+00  0.6914896E-01  0.3540000E+01  0.5000000E+01  0.1000000E+01  0.1000000E+00
  0.1662256E+00  0.6913027E-01  0.3535000E+01  0.5000000E+01  0.1000000E+01  0.1000000E+00
  0.1663170E+00  0.6911147E-01  0.3530000E+01  0.5000000E+01  0.1000000E+01  0.1000000E+00
  0.1664086E+00  0.6909256E-01  0.3525000E+01  0.5000000E+01  0.1000000E+01  0.1000000E+00
  0.1665002E+00  0.6907355E-01  0.3520000E+01  0.5000000E+01  0.1000000E+01  0.1000000E+00
  0.1665919E+00  0.6905443E-01  0.3515000E+01  0.5000000E+01  0.1000000E+01  0.1000000E+00
  0.1666837E+00  0.6903520E-01  0.3510000E+01  0.5000000E+01  0.1000000E+01  0.1000000E+00
  0.1667756E+00  0.6901587E-01  0.3505000E+01  0.5000000E+01  0.1000000E+01  0.1000000E+00
  0.1668676E+00  0.6899643E-01  0.3500000E+01  0.5000000E+01  0.1000000E+01  0.1000000E+00
  0.1669597E+00  0.6897688E-01  0.3495000E+01  0.5000000E+01  0.1000000E+01  0.1000000E+00
  0.1670519E+00  0.6895722E-01  0.3490000E+01  0.5000000E+01  0.1000000E+01  0.1000000E+00
  0.1671442E+00  0.6893746E-01  0.3485000E+01  0.5000000E+01  0.1000000E+01  0.1000000E+00
  0.1672366E+00  0.6891758E-01  0.3480000E+01  0.5000000E+01  0.1000000E+01  0.1000000E+00
  0.1673291E+00  0.6889760E-01  0.3475000E+01  0.5000000E+01  0.1000000E+01  0.1000000E+00
  0.1674216E+00  0.6887751E-01  0.3470000E+01  0.5000000E+01  0.1000000E+01  0.1000000E+00
  0.1675143E+00  0.6885730E-01  0.3465000E+01  0.5000000E+01  0.1000000E+01  0.1000000E+00
  0.1676071E+00  0.6883699E-01  0.3460000E+01  0.5000000E+01  0.1000000E+01  0.1000000E+00
  0.1676999E+00  0.6881657E-01  0.3455000E+01  0.5000000E+01  0.1000000E+01  0.1000000E+00
  0.1677929E+00  0.6879603E-01  0.3450000E+01  0.5000000E+01  0.1000000E+01  0.1000000E+00
  0.1678859E+00  0.6877538E-01  0.3445000E+01  0.5000000E+01  0.1000000E+01  0.1000000E+00
  0.1679790E+00  0.6875462E-01  0.3440000E+01  0.5000000E+01  0.1000000E+01  0.1000000E+00
  0.1680723E+00  0.6873375E-01  0.3435000E+01  0.5000000E+01  0.1000000E+01  0.1000000E+00
  0.1681656E+00  0.6871277E-01  0.3430000E+01  0.5000000E+01  0.1000000E+01  0.1000000E+00
  0.1682590E+00  0.6869167E-01  0.3425000E+01  0.5000000E+01  0.1000000E+01  0.1000000E+00
  0.1683525E+00  0.6867046E-01  0.3420000E+01  0.5000000E+01  0.1000000E+01  0.1000000E+00
  0.1684461E+00  0.6864914E-01  0.3415000E+01  0.5000000E+01  0.1000000E+01  0.1000000E+00
  0.1685398E+00  0.6862770E-01  0.3410000E+01  0.5000000E+01  0.1000000E+01  0.1000000E+00
  0.1686336E+00  0.6860614E-01  0.3405000E+01  0.5000000E+01  0.1000000E+01  0.1000000E+00
  0.1687275E+00  0.6858448E-01  0.3400000E+01  0.5000000E+01  0.1000000E+01  0.1000000E+00
  0.1688215E+00  0.6856269E-01  0.3395000E+01  0.5000000E+01  0.1000000E+01  0.1000000E+00
  0.1689156E+00  0.6854079E-01  0.3390000E+01  0.5000000E+01  0.1000000E+01  0.1000000E+00
  0.1690097E+00  0.6851878E-01  0.3385000E+01  0.5000000E+01  0.1000000E+01  0.1000000E+00
  0.1691040E+00  0.6849665E-01  0.3380000E+01  0.5000000E+01  0.1000000E+01  0.1000000E+00
  0.1691984E+00  0.6847440E-01  0.3375000E+01  0.5000000E+01  0.1000000E+01  0.1000000E+00
  0.1692928E+00  0.6845203E-01  0.3370000E+01  0.5000000E+01  0.1000000E+01  0.1000000E+00
  0.1693874E+00  0.6842955E-01  0.3365000E+01  0.5000000E+01  0.1000000E+01  0.1000000E+00
  0.1694820E+00  0.6840695E-01  0.3360000E+01  0.5000000E+01  0.1000000E+01  0.1000000E+00
  0.1695768E+00  0.6838423E-01  0.3355000E+01  0.5000000E+01  0.1000000E+01  0.1000000E+00
  0.1696716E+00  0.6836139E-01  0.3350000E+01  0.5000000E+01  0.1000000E+01  0.1000000E+00
  0.1697665E+00  0.6833843E-01  0.3345000E+01  0.5000000E+01  0.1000000E+01  0.1000000E+00
  0.1698615E+00  0.6831535E-01  0.3340000E+01  0.5000000E+01  0.1000000E+01  0.1000000E+00
  0.1699567E+00  0.6829216E-01  0.3335000E+01  0.5000000E+01  0.1000000E+01  0.1000000E+00
  0.1700519E+00  0.6826884E-01  0.3330000E+01  0.5000000E+01  0.1000000E+01  0.1000000E+00
  0.1701472E+00  0.6824540E-01  0.3325000E+01  0.5000000E+01  0.1000000E+01  0.1000000E+00
  0.1702426E+00  0.6822184E-01  0.3320000E+01  0.5000000E+01  0.1000000E+01  0.1000000E+00
  0.1703381E+00  0.6819816E-01  0.3315000E+01  0.5000000E+01  0.1000000E+01  0.1000000E+00
  0.1704337E+00  0.6817435E-01  0.3310000E+01  0.5000000E+01  0.1000000E+01  0.1000000E+00
  0.1705294E+00  0.6815043E-01  0.3305000E+01  0.5000000E+01  0.1000000E+01  0.1000000E+00
  0.1706251E+00  0.6812638E-01  0.3300000E+01  0.5000000E+01  0.1000000E+01  0.1000000E+00
  0.1707210E+00  0.6810221E-01  0.3295000E+01  0.5000000E+01  0.1000000E+01  0.1000000E+00
  0.1708170E+00  0.6807791E-01  0.3290000E+01  0.5000000E+01  0.1000000E+01  0.1000000E+00
  0.1709131E+00  0.6805349E-01  0.3285000E+01  0.5000000E+01  0.1000000E+01  0.1000000E+00
  0.1710092E+00  0.6802895E-01  0.3280000E+01  0.5000000E+01  0.1000000E+01  0.1000000E+00
  0.1711055E+00  0.6800428E-01  0.3275000E+01  0.5000000E+01  0.1000000E+01  0.1000000E+00
  0.1712018E+00  0.6797948E-01  0.3270000E+01  0.5000000E+01  0.1000000E+01  0.1000000E+00
  0.1712983E+00  0.6795456E-01  0.3265000E+01  0.5000000E+01  0.1000000E+01  0.1000000E+00
  0.1713948E+00  0.6792952E-01  0.3260000E+01  0.5000000E+01  0.1000000E+01  0.1000000E+00
  0.1714914E+00  0.6790435E-01  0.3255000E+01  0.5000000E+01  0.1000000E+01  0.1000000E+00
  0.1715882E+00  0.6787905E-01  0.3250000E+01  0.5000000E+01  0.1000000E+01  0.1000000E+00
  0.1716850E+00  0.6785362E-01  0.3245000E+01  0.5000000E+01  0.1000000E+01  0.1000000E+00
  0.1717819E+00  0.6782807E-01  0.3240000E+01  0.5000000E+01  0.1000000E+01  0.1000000E+00
  0.1718789E+00  0.6780238E-01  0.3235000E+01  0.5000000E+01  0.1000000E+01  0.1000000E+00
  0.1719760E+00  0.6777657E-01  0.3230000E+01  0.5000000E+01  0.1000000E+01  0.1000000E+00
  0.1720732E+00  0.6775063E-01  0.3225000E+01  0.5000000E+01  0.1000000E+01  0.1000000E+00
  0.1721705E+00  0.6772456E-01  0.3220000E+01  0.5000000E+01  0.1000000E+01  0.1000000E+00
  0.1722679E+00  0.6769836E-01  0.3215000E+01  0.5000000E+01  0.1000000E+01  0.1000000E+00
  0.1723654E+00  0.6767203E-01  0.3210000E+01  0.5000000E+01  0.1000000E+01  0.1000000E+00
  0.1724629E+00  0.6764557E-01  0.3205000E+01  0.5000000E+01  0.1000000E+01  0.1000000E+00
  0.1725606E+00  0.6761898E-01  0.3200000E+01  0.5000000E+01  0.1000000E+01  0.1000000E+00
  0.1726584E+00  0.6759226E-01  0.3195000E+01  0.5000000E+01  0.1000000E+01  0.1000000E+00
  0.1727562E+00  0.6756540E-01  0.3190000E+01  0.5000000E+01  0.1000000E+01  0.1000000E+00
  0.1728542E+00  0.6753841E-01  0.3185000E+01  0.5000000E+01  0.1000000E+01  0.1000000E+00
  0.1729522E+00  0.6751129E-01  0.3180000E+01  0.5000000E+01  0.1000000E+01  0.1000000E+00
  0.1730504E+00  0.6748404E-01  0.3175000E+01  0.5000000E+01  0.1000000E+01  0.1000000E+00
  0.1731486E+00  0.6745665E-01  0.3170000E+01  0.5000000E+01  0.1000000E+01  0.1000000E+00
  0.1732469E+00  0.6742913E-01  0.3165000E+01  0.5000000E+01  0.1000000E+01  0.1000000E+00
  0.1733454E+00  0.6740147E-01  0.3160000E+01  0.5000000E+01  0.1000000E+01  0.1000000E+00
  0.1734439E+00  0.6737368E-01  0.3155000E+01  0.5000000E+01  0.1000000E+01  0.1000000E+00
  0.1735425E+00  0.6734576E-01  0.3150000E+01  0.5000000E+01  0.1000000E+01  0.1000000E+00
  0.1736412E+00  0.6731769E-01  0.3145000E+01  0.5000000E+01  0.1000000E+01  0.1000000E+00
  0.1737400E+00  0.6728949E-01  0.3140000E+01  0.5000000E+01  0.1000000E+01  0.1000000E+00
  0.1738389E+00  0.6726116E-01  0.3135000E+01  0.5000000E+01  0.1000000E+01  0.1000000E+00
  0.1739379E+00  0.6723269E-01  0.3130000E+01  0.5000000E+01  0.1000000E+01  0.1000000E+00
  0.1740370E+00  0.6720407E-01  0.3125000E+01  0.5000000E+01  0.1000000E+01  0.1000000E+00
  0.1741361E+00  0.6717533E-01  0.3120000E+01  0.5000000E+01  0.1000000E+01  0.1000000E+00
  0.1742354E+00  0.6714644E-01  0.3115000E+01  0.5000000E+01  0.1000000E+01  0.1000000E+00
  0.1743348E+00  0.6711741E-01  0.3110000E+01  0.5000000E+01  0.1000000E+01  0.1000000E+00
  0.1744342E+00  0.6708825E-01  0.3105000E+01  0.5000000E+01  0.1000000E+01  0.1000000E+00
  0.1745338E+00  0.6705894E-01  0.3100000E+01  0.5000000E+01  0.1000000E+01  0.1000000E+00
  0.1746334E+00  0.6702949E-01  0.3095000E+01  0.5000000E+01  0.1000000E+01  0.1000000E+00
  0.1747331E+00  0.6699991E-01  0.3090000E+01  0.5000000E+01  0.1000000E+01  0.1000000E+00
  0.1748330E+00  0.6697018E-01  0.3085000E+01  0.5000000E+01  0.1000000E+01  0.1000000E+00
  0.1749329E+00  0.6694031E-01  0.3080000E+01  0.5000000E+01  0.1000000E+01  0.1000000E+00
  0.1750329E+00  0.6691029E-01  0.3075000E+01  0.5000000E+01  0.1000000E+01  0.1000000E+00
  0.1751330E+00  0.6688014E-01  0.3070000E+01  0.5000000E+01  0.1000000E+01  0.1000000E+00
  0.1752332E+00  0.6684984E-01  0.3065000E+01  0.5000000E+01  0.1000000E+01  0.1000000E+00
  0.1753335E+00  0.6681940E-01  0.3060000E+01  0.5000000E+01  0.1000000E+01  0.1000000E+00
  0.1754339E+00  0.6678881E-01  0.3055000E+01  0.5000000E+01  0.1000000E+01  0.1000000E+00
  0.1755344E+00  0.6675808E-01  0.3050000E+01  0.5000000E+01  0.1000000E+01  0.1000000E+00
  0.1756350E+00  0.6672721E-01  0.3045000E+01  0.5000000E+01  0.1000000E+01  0.1000000E+00
  0.1757356E+00  0.6669619E-01  0.3040000E+01  0.5000000E+01  0.1000000E+01  0.1000000E+00
  0.1758364E+00  0.6666502E-01  0.3035000E+01  0.5000000E+01  0.1000000E+01  0.1000000E+00
  0.1759372E+00  0.6663371E-01  0.3030000E+01  0.5000000E+01  0.1000000E+01  0.1000000E+00
  0.1760382E+00  0.6660225E-01  0.3025000E+01  0.5000000E+01  0.1000000E+01  0.1000000E+00
  0.1761392E+00  0.6657064E-01  0.3020000E+01  0.5000000E+01  0.1000000E+01  0.1000000E+00
  0.1762403E+00  0.6653889E-01  0.3015000E+01  0.5000000E+01  0.1000000E+01  0.1000000E+00
  0.1763416E+00  0.6650698E-01  0.3010000E+01  0.5000000E+01  0.1000000E+01  0.1000000E+00
  0.1764429E+00  0.6647493E-01  0.3005000E+01  0.5000000E+01  0.1000000E+01  0.1000000E+00
  0.1765443E+00  0.6644273E-01  0.3000000E+01  0.5000000E+01  0.1000000E+01  0.1000000E+00
  0.1766458E+00  0.6641038E-01  0.2995000E+01  0.5000000E+01  0.1000000E+01  0.1000000E+00
  0.1767474E+00  0.6637788E-01  0.2990000E+01  0.5000000E+01  0.1000000E+01  0.1000000E+00
  0.1768491E+00  0.6634523E-01  0.2985000E+01  0.5000000E+01  0.1000000E+01  0.1000000E+00
  0.1769508E+00  0.6631242E-01  0.2980000E+01  0.5000000E+01  0.1000000E+01  0.1000000E+00
  0.1770527E+00  0.6627947E-01  0.2975000E+01  0.5000000E+01  0.1000000E+01  0.1000000E+00
  0.1771547E+00  0.6624636E-01  0.2970000E+01  0.5000000E+01  0.1000000E+01  0.1000000E+00
  0.1772567E+00  0.6621310E-01  0.2965000E+01  0.5000000E+01  0.1000000E+01  0.1000000E+00
  0.1773589E+00  0.6617969E-01  0.2960000E+01  0.5000000E+01  0.1000000E+01  0.1000000E+00
  0.1774611E+00  0.6614613E-01  0.2955000E+01  0.5000000E+01  0.1000000E+01  0.1000000E+00
  0.1775634E+00  0.6611241E-01  0.2950000E+01  0.5000000E+01  0.1000000E+01  0.1000000E+00
  0.1776658E+00  0.6607853E-01  0.2945000E+01  0.5000000E+01  0.1000000E+01  0.1000000E+00
  0.1777683E+00  0.6604450E-01  0.2940000E+01  0.5000000E+01  0.1000000E+01  0.1000000E+00
  0.1778709E+00  0.6601032E-01  0.2935000E+01  0.5000000E+01  0.1000000E+01  0.1000000E+00
  0.1779736E+00  0.6597598E-01  0.2930000E+01  0.5000000E+01  0.1000000E+01  0.1000000E+00
  0.1780764E+00  0.6594148E-01  0.2925000E+01  0.5000000E+01  0.1000000E+01  0.1000000E+00
  0.1781793E+00  0.6590683E-01  0.2920000E+01  0.5000000E+01  0.1000000E+01  0.1000000E+00
  0.1782822E+00  0.6587202E-01  0.2915000E+01  0.5000000E+01  0.1000000E+01  0.1000000E+00
  0.1783853E+00  0.6583705E-01  0.2910000E+01  0.5000000E+01  0.1000000E+01  0.1000000E+00
  0.1784884E+00  0.6580192E-01  0.2905000E+01  0.5000000E+01  0.1000000E+01  0.1000000E+00
  0.1785917E+00  0.6576663E-01  0.2900000E+01  0.5000000E+01  0.1000000E+01  0.1000000E+00
  0.1786950E+00  0.6573119E-01  0.2895000E+01  0.5000000E+01  0.1000000E+01  0.1000000E+00
  0.1787984E+00  0.6569558E-01  0.2890000E+01  0.5000000E+01  0.1000000E+01  0.1000000E+00
  0.1789019E+00  0.6565982E-01  0.2885000E+01  0.5000000E+01  0.1000000E+01  0.1000000E+00
  0.1790055E+00  0.6562389E-01  0.2880000E+01  0.5000000E+01  0.1000000E+01  0.1000000E+00
  0.1791092E+00  0.6558780E-01  0.2875000E+01  0.5000000E+01  0.1000000E+01  0.1000000E+00
  0.1792130E+00  0.6555155E-01  0.2870000E+01  0.5000000E+01  0.1000000E+01  0.1000000E+00
  0.1793168E+00  0.6551514E-01  0.2865000E+01  0.5000000E+01  0.1000000E+01  0.1000000E+00
  0.1794208E+00  0.6547856E-01  0.2860000E+01  0.5000000E+01  0.1000000E+01  0.1000000E+00
  0.1795248E+00  0.6544182E-01  0.2855000E+01  0.5000000E+01  0.1000000E+01  0.1000000E+00
  0.1796290E+00  0.6540492E-01  0.2850000E+01  0.5000000E+01  0.1000000E+01  0.1000000E+00
  0.1797332E+00  0.6536785E-01  0.2845000E+01  0.5000000E+01  0.1000000E+01  0.1000000E+00
  0.1798375E+00  0.6533061E-01  0.2840000E+01  0.5000000E+01  0.1000000E+01  0.1000000E+00
  0.1799419E+00  0.6529322E-01  0.2835000E+01  0.5000000E+01  0.1000000E+01  0.1000000E+00
  0.1800464E+00  0.6525565E-01  0.2830000E+01  0.5000000E+01  0.1000000E+01  0.1000000E+00
  0.1801510E+00  0.6521792E-01  0.2825000E+01  0.5000000E+01  0.1000000E+01  0.1000000E+00
  0.1802556E+00  0.6518002E-01  0.2820000E+01  0.5000000E+01  0.1000000E+01  0.1000000E+00
  0.1803604E+00  0.6514196E-01  0.2815000E+01  0.5000000E+01  0.1000000E+01  0.1000000E+00
  0.1804652E+00  0.6510372E-01  0.2810000E+01  0.5000000E+01  0.1000000E+01  0.1000000E+00
  0.1805702E+00  0.6506532E-01  0.2805000E+01  0.5000000E+01  0.1000000E+01  0.1000000E+00
  0.1806752E+00  0.6502675E-01  0.2800000E+01  0.5000000E+01  0.1000000E+01  0.1000000E+00
  0.1807803E+00  0.6498801E-01  0.2795000E+01  0.5000000E+01  0.1000000E+01  0.1000000E+00
  0.1808855E+00  0.6494910E-01  0.2790000E+01  0.5000000E+01  0.1000000E+01  0.1000000E+00
  0.1809908E+00  0.6491001E-01  0.2785000E+01  0.5000000E+01  0.1000000E+01  0.1000000E+00
  0.1810961E+00  0.6487076E-01  0.2780000E+01  0.5000000E+01  0.1000000E+01  0.1000000E+00
  0.1812016E+00  0.6483133E-01  0.2775000E+01  0.5000000E+01  0.1000000E+01  0.1000000E+00
  0.1813071E+00  0.6479174E-01  0.2770000E+01  0.5000000E+01  0.1000000E+01  0.1000000E+00
  0.1814128E+00  0.6475197E-01  0.2765000E+01  0.5000000E+01  0.1000000E+01  0.1000000E+00
  0.1815185E+00  0.6471202E-01  0.2760000E+01  0.5000000E+01  0.1000000E+01  0.1000000E+00
  0.1816243E+00  0.6467191E-01  0.2755000E+01  0.5000000E+01  0.1000000E+01  0.1000000E+00
  0.1817302E+00  0.6463161E-01  0.2750000E+01  0.5000000E+01  0.1000000E+01  0.1000000E+00
  0.1818362E+00  0.6459115E-01  0.2745000E+01  0.5000000E+01  0.1000000E+01  0.1000000E+00
  0.1819422E+00  0.6455050E-01  0.2740000E+01  0.5000000E+01  0.1000000E+01  0.1000000E+00
  0.1820484E+00  0.6450969E-01  0.2735000E+01  0.5000000E+01  0.1000000E+01  0.1000000E+00
  0.1821546E+00  0.6446869E-01  0.2730000E+01  0.5000000E+01  0.1000000E+01  0.1000000E+00
  0.1822609E+00  0.6442752E-01  0.2725000E+01  0.5000000E+01  0.1000000E+01  0.1000000E+00
  0.1823673E+00  0.6438617E-01  0.2720000E+01  0.5000000E+01  0.1000000E+01  0.1000000E+00
  0.1824738E+00  0.6434464E-01  0.2715000E+01  0.5000000E+01  0.1000000E+01  0.1000000E+00
  0.1825804E+00  0.6430293E-01  0.2710000E+01  0.5000000E+01  0.1000000E+01  0.1000000E+00
  0.1826871E+00  0.6426105E-01  0.2705000E+01  0.5000000E+01  0.1000000E+01  0.1000000E+00
  0.1827938E+00  0.6421898E-01  0.2700000E+01  0.5000000E+01  0.1000000E+01  0.1000000E+00
  0.1829006E+00  0.6417674E-01  0.2695000E+01  0.5000000E+01  0.1000000E+01  0.1000000E+00
  0.1830076E+00  0.6413431E-01  0.2690000E+01  0.5000000E+01  0.1000000E+01  0.1000000E+00
  0.1831146E+00  0.6409170E-01  0.2685000E+01  0.5000000E+01  0.1000000E+01  0.1000000E+00
  0.1832216E+00  0.6404891E-01  0.2680000E+01  0.5000000E+01  0.1000000E+01  0.1000000E+00
  0.1833288E+00  0.6400594E-01  0.2675000E+01  0.5000000E+01  0.1000000E+01  0.1000000E+00
  0.1834361E+00  0.6396278E-01  0.2670000E+01  0.5000000E+01  0.1000000E+01  0.1000000E+00
  0.1835434E+00  0.6391944E-01  0.2665000E+01  0.5000000E+01  0.1000000E+01  0.1000000E+00
  0.1836508E+00  0.6387592E-01  0.2660000E+01  0.5000000E+01  0.1000000E+01  0.1000000E+00
  0.1837583E+00  0.6383221E-01  0.2655000E+01  0.5000000E+01  0.1000000E+01  0.1000000E+00
  0.1838659E+00  0.6378832E-01  0.2650000E+01  0.5000000E+01  0.1000000E+01  0.1000000E+00
  0.1839736E+00  0.6374424E-01  0.2645000E+01  0.5000000E+01  0.1000000E+01  0.1000000E+00
  0.1840813E+00  0.6369997E-01  0.2640000E+01  0.5000000E+01  0.1000000E+01  0.1000000E+00
  0.1841892E+00  0.6365552E-01  0.2635000E+01  0.5000000E+01  0.1000000E+01  0.1000000E+00
  0.1842971E+00  0.6361088E-01  0.2630000E+01  0.5000000E+01  0.1000000E+01  0.1000000E+00
  0.1844051E+00  0.6356605E-01  0.2625000E+01  0.5000000E+01  0.1000000E+01  0.1000000E+00
  0.1845132E+00  0.6352103E-01  0.2620000E+01  0.5000000E+01  0.1000000E+01  0.1000000E+00
  0.1846213E+00  0.6347582E-01  0.2615000E+01  0.5000000E+01  0.1000000E+01  0.1000000E+00
  0.1847296E+00  0.6343043E-01  0.2610000E+01  0.5000000E+01  0.1000000E+01  0.1000000E+00
  0.1848379E+00  0.6338484E-01  0.2605000E+01  0.5000000E+01  0.1000000E+01  0.1000000E+00
  0.1849463E+00  0.6333906E-01  0.2600000E+01  0.5000000E+01  0.1000000E+01  0.1000000E+00
  0.1850548E+00  0.6329309E-01  0.2595000E+01  0.5000000E+01  0.1000000E+01  0.1000000E+00
  0.1851633E+00  0.6324693E-01  0.2590000E+01  0.5000000E+01  0.1000000E+01  0.1000000E+00
  0.1852720E+00  0.6320058E-01  0.2585000E+01  0.5000000E+01  0.1000000E+01  0.1000000E+00
  0.1853807E+00  0.6315403E-01  0.2580000E+01  0.5000000E+01  0.1000000E+01  0.1000000E+00
  0.1854895E+00  0.6310729E-01  0.2575000E+01  0.5000000E+01  0.1000000E+01  0.1000000E+00
  0.1855984E+00  0.6306036E-01  0.2570000E+01  0.5000000E+01  0.1000000E+01  0.1000000E+00
  0.1857074E+00  0.6301323E-01  0.2565000E+01  0.5000000E+01  0.1000000E+01  0.1000000E+00
  0.1858164E+00  0.6296590E-01  0.2560000E+01  0.5000000E+01  0.1000000E+01  0.1000000E+00
  0.1859255E+00  0.6291838E-01  0.2555000E+01  0.5000000E+01  0.1000000E+01  0.1000000E+00
  0.1860347E+00  0.6287066E-01  0.2550000E+01  0.5000000E+01  0.1000000E+01  0.1000000E+00
  0.1861440E+00  0.6282275E-01  0.2545000E+01  0.5000000E+01  0.1000000E+01  0.1000000E+00
  0.1862534E+00  0.6277464E-01  0.2540000E+01  0.5000000E+01  0.1000000E+01  0.1000000E+00
  0.1863628E+00  0.6272632E-01  0.2535000E+01  0.5000000E+01  0.1000000E+01  0.1000000E+00
  0.1864723E+00  0.6267781E-01  0.2530000E+01  0.5000000E+01  0.1000000E+01  0.1000000E+00
  0.1865819E+00  0.6262910E-01  0.2525000E+01  0.5000000E+01  0.1000000E+01  0.1000000E+00
  0.1866916E+00  0.6258020E-01  0.2520000E+01  0.5000000E+01  0.1000000E+01  0.1000000E+00
  0.1868013E+00  0.6253109E-01  0.2515000E+01  0.5000000E+01  0.1000000E+01  0.1000000E+00
  0.1869111E+00  0.6248177E-01  0.2510000E+01  0.5000000E+01  0.1000000E+01  0.1000000E+00
  0.1870210E+00  0.6243226E-01  0.2505000E+01  0.5000000E+01  0.1000000E+01  0.1000000E+00
  0.1871310E+00  0.6238254E-01  0.2500000E+01  0.5000000E+01  0.1000000E+01  0.1000000E+00
  0.1872410E+00  0.6233263E-01  0.2495000E+01  0.5000000E+01  0.1000000E+01  0.1000000E+00
  0.1873512E+00  0.6228250E-01  0.2490000E+01  0.5000000E+01  0.1000000E+01  0.1000000E+00
  0.1874614E+00  0.6223218E-01  0.2485000E+01  0.5000000E+01  0.1000000E+01  0.1000000E+00
  0.1875716E+00  0.6218165E-01  0.2480000E+01  0.5000000E+01  0.1000000E+01  0.1000000E+00
  0.1876820E+00  0.6213091E-01  0.2475000E+01  0.5000000E+01  0.1000000E+01  0.1000000E+00
  0.1877924E+00  0.6207997E-01  0.2470000E+01  0.5000000E+01  0.1000000E+01  0.1000000E+00
  0.1879029E+00  0.6202882E-01  0.2465000E+01  0.5000000E+01  0.1000000E+01  0.1000000E+00
  0.1880135E+00  0.6197746E-01  0.2460000E+01  0.5000000E+01  0.1000000E+01  0.1000000E+00
  0.1881241E+00  0.6192590E-01  0.2455000E+01  0.5000000E+01  0.1000000E+01  0.1000000E+00
  0.1882348E+00  0.6187413E-01  0.2450000E+01  0.5000000E+01  0.1000000E+01  0.1000000E+00
  0.1883456E+00  0.6182215E-01  0.2445000E+01  0.5000000E+01  0.1000000E+01  0.1000000E+00
  0.1884565E+00  0.6176995E-01  0.2440000E+01  0.5000000E+01  0.1000000E+01  0.1000000E+00
  0.1885674E+00  0.6171755E-01  0.2435000E+01  0.5000000E+01  0.1000000E+01  0.1000000E+00
  0.1886784E+00  0.6166494E-01  0.2430000E+01  0.5000000E+01  0.1000000E+01  0.1000000E+00
  0.1887895E+00  0.6161212E-01  0.2425000E+01  0.5000000E+01  0.1000000E+01  0.1000000E+00
  0.1889006E+00  0.6155909E-01  0.2420000E+01  0.5000000E+01  0.1000000E+01  0.1000000E+00
  0.1890119E+00  0.6150584E-01  0.2415000E+01  0.5000000E+01  0.1000000E+01  0.1000000E+00
  0.1891231E+00  0.6145238E-01  0.2410000E+01  0.5000000E+01  0.1000000E+01  0.1000000E+00
  0.1892345E+00  0.6139871E-01  0.2405000E+01  0.5000000E+01  0.1000000E+01  0.1000000E+00
  0.1893459E+00  0.6134482E-01  0.2400000E+01  0.5000000E+01  0.1000000E+01  0.1000000E+00
  0.1894574E+00  0.6129072E-01  0.2395000E+01  0.5000000E+01  0.1000000E+01  0.1000000E+00
  0.1895690E+00  0.6123640E-01  0.2390000E+01  0.5000000E+01  0.1000000E+01  0.1000000E+00
  0.1896807E+00  0.6118186E-01  0.2385000E+01  0.5000000E+01  0.1000000E+01  0.1000000E+00
  0.1897924E+00  0.6112711E-01  0.2380000E+01  0.5000000E+01  0.1000000E+01  0.1000000E+00
  0.1899041E+00  0.6107214E-01  0.2375000E+01  0.5000000E+01  0.1000000E+01  0.1000000E+00
  0.1900160E+00  0.6101696E-01  0.2370000E+01  0.5000000E+01  0.1000000E+01  0.1000000E+00
  0.1901279E+00  0.6096155E-01  0.2365000E+01  0.5000000E+01  0.1000000E+01  0.1000000E+00
  0.1902399E+00  0.6090593E-01  0.2360000E+01  0.5000000E+01  0.1000000E+01  0.1000000E+00
  0.1903519E+00  0.6085009E-01  0.2355000E+01  0.5000000E+01  0.1000000E+01  0.1000000E+00
  0.1904640E+00  0.6079402E-01  0.2350000E+01  0.5000000E+01  0.1000000E+01  0.1000000E+00
  0.1905762E+00  0.6073774E-01  0.2345000E+01  0.5000000E+01  0.1000000E+01  0.1000000E+00
  0.1906885E+00  0.6068123E-01  0.2340000E+01  0.5000000E+01  0.1000000E+01  0.1000000E+00
  0.1908008E+00  0.6062450E-01  0.2335000E+01  0.5000000E+01  0.1000000E+01  0.1000000E+00
  0.1909131E+00  0.6056755E-01  0.2330000E+01  0.5000000E+01  0.1000000E+01  0.1000000E+00
  0.1910256E+00  0.6051038E-01  0.2325000E+01  0.5000000E+01  0.1000000E+01  0.1000000E+00
  0.1911381E+00  0.6045298E-01  0.2320000E+01  0.5000000E+01  0.1000000E+01  0.1000000E+00
  0.1912507E+00  0.6039536E-01  0.2315000E+01  0.5000000E+01  0.1000000E+01  0.1000000E+00
  0.1913633E+00  0.6033751E-01  0.2310000E+01  0.5000000E+01  0.1000000E+01  0.1000000E+00
  0.1914760E+00  0.6027944E-01  0.2305000E+01  0.5000000E+01  0.1000000E+01  0.1000000E+00
  0.1915888E+00  0.6022114E-01  0.2300000E+01  0.5000000E+01  0.1000000E+01  0.1000000E+00
  0.1917016E+00  0.6016261E-01  0.2295000E+01  0.5000000E+01  0.1000000E+01  0.1000000E+00
  0.1918145E+00  0.6010385E-01  0.2290000E+01  0.5000000E+01  0.1000000E+01  0.1000000E+00
  0.1919274E+00  0.6004487E-01  0.2285000E+01  0.5000000E+01  0.1000000E+01  0.1000000E+00
  0.1920404E+00  0.5998566E-01  0.2280000E+01  0.5000000E+01  0.1000000E+01  0.1000000E+00
  0.1921535E+00  0.5992622E-01  0.2275000E+01  0.5000000E+01  0.1000000E+01  0.1000000E+00
  0.1922666E+00  0.5986654E-01  0.2270000E+01  0.5000000E+01  0.1000000E+01  0.1000000E+00
  0.1923798E+00  0.5980664E-01  0.2265000E+01  0.5000000E+01  0.1000000E+01  0.1000000E+00
  0.1924931E+00  0.5974651E-01  0.2260000E+01  0.5000000E+01  0.1000000E+01  0.1000000E+00
  0.1926064E+00  0.5968614E-01  0.2255000E+01  0.5000000E+01  0.1000000E+01  0.1000000E+00
  0.1927198E+00  0.5962554E-01  0.2250000E+01  0.5000000E+01  0.1000000E+01  0.1000000E+00
  0.1928332E+00  0.5956471E-01  0.2245000E+01  0.5000000E+01  0.1000000E+01  0.1000000E+00
  0.1929467E+00  0.5950365E-01  0.2240000E+01  0.5000000E+01  0.1000000E+01  0.1000000E+00
  0.1930602E+00  0.5944235E-01  0.2235000E+01  0.5000000E+01  0.1000000E+01  0.1000000E+00
  0.1931738E+00  0.5938081E-01  0.2230000E+01  0.5000000E+01  0.1000000E+01  0.1000000E+00
  0.1932875E+00  0.5931904E-01  0.2225000E+01  0.5000000E+01  0.1000000E+01  0.1000000E+00
  0.1934012E+00  0.5925703E-01  0.2220000E+01  0.5000000E+01  0.1000000E+01  0.1000000E+00
  0.1935150E+00  0.5919479E-01  0.2215000E+01  0.5000000E+01  0.1000000E+01  0.1000000E+00
  0.1936288E+00  0.5913231E-01  0.2210000E+01  0.5000000E+01  0.1000000E+01  0.1000000E+00
  0.1937427E+00  0.5906959E-01  0.2205000E+01  0.5000000E+01  0.1000000E+01  0.1000000E+00
  0.1938566E+00  0.5900663E-01  0.2200000E+01  0.5000000E+01  0.1000000E+01  0.1000000E+00
  0.1939706E+00  0.5894343E-01  0.2195000E+01  0.5000000E+01  0.1000000E+01  0.1000000E+00
  0.1940847E+00  0.5887999E-01  0.2190000E+01  0.5000000E+01  0.1000000E+01  0.1000000E+00
  0.1941988E+00  0.5881631E-01  0.2185000E+01  0.5000000E+01  0.1000000E+01  0.1000000E+00
  0.1943129E+00  0.5875239E-01  0.2180000E+01  0.5000000E+01  0.1000000E+01  0.1000000E+00
  0.1944271E+00  0.5868823E-01  0.2175000E+01  0.5000000E+01  0.1000000E+01  0.1000000E+00
  0.1945414E+00  0.5862382E-01  0.2170000E+01  0.5000000E+01  0.1000000E+01  0.1000000E+00
  0.1946557E+00  0.5855918E-01  0.2165000E+01  0.5000000E+01  0.1000000E+01  0.1000000E+00
  0.1947700E+00  0.5849428E-01  0.2160000E+01  0.5000000E+01  0.1000000E+01  0.1000000E+00
  0.1948845E+00  0.5842915E-01  0.2155000E+01  0.5000000E+01  0.1000000E+01  0.1000000E+00
  0.1949989E+00  0.5836377E-01  0.2150000E+01  0.5000000E+01  0.1000000E+01  0.1000000E+00
  0.1951134E+00  0.5829814E-01  0.2145000E+01  0.5000000E+01  0.1000000E+01  0.1000000E+00
  0.1952280E+00  0.5823227E-01  0.2140000E+01  0.5000000E+01  0.1000000E+01  0.1000000E+00
  0.1953426E+00  0.5816615E-01  0.2135000E+01  0.5000000E+01  0.1000000E+01  0.1000000E+00
  0.1954573E+00  0.5809978E-01  0.2130000E+01  0.5000000E+01  0.1000000E+01  0.1000000E+00
  0.1955720E+00  0.5803316E-01  0.2125000E+01  0.5000000E+01  0.1000000E+01  0.1000000E+00
  0.1956867E+00  0.5796630E-01  0.2120000E+01  0.5000000E+01  0.1000000E+01  0.1000000E+00
  0.1958015E+00  0.5789918E-01  0.2115000E+01  0.5000000E+01  0.1000000E+01  0.1000000E+00
  0.1959164E+00  0.5783182E-01  0.2110000E+01  0.5000000E+01  0.1000000E+01  0.1000000E+00
  0.1960313E+00  0.5776420E-01  0.2105000E+01  0.5000000E+01  0.1000000E+01  0.1000000E+00
  0.1961462E+00  0.5769634E-01  0.2100000E+01  0.5000000E+01  0.1000000E+01  0.1000000E+00
  0.1962612E+00  0.5762822E-01  0.2095000E+01  0.5000000E+01  0.1000000E+01  0.1000000E+00
  0.1963762E+00  0.5755985E-01  0.2090000E+01  0.5000000E+01  0.1000000E+01  0.1000000E+00
  0.1964913E+00  0.5749122E-01  0.2085000E+01  0.5000000E+01  0.1000000E+01  0.1000000E+00
  0.1966064E+00  0.5742234E-01  0.2080000E+01  0.5000000E+01  0.1000000E+01  0.1000000E+00
  0.1967215E+00  0.5735321E-01  0.2075000E+01  0.5000000E+01  0.1000000E+01  0.1000000E+00
  0.1968367E+00  0.5728382E-01  0.2070000E+01  0.5000000E+01  0.1000000E+01  0.1000000E+00
  0.1969520E+00  0.5721418E-01  0.2065000E+01  0.5000000E+01  0.1000000E+01  0.1000000E+00
  0.1970673E+00  0.5714428E-01  0.2060000E+01  0.5000000E+01  0.1000000E+01  0.1000000E+00
  0.1971826E+00  0.5707412E-01  0.2055000E+01  0.5000000E+01  0.1000000E+01  0.1000000E+00
  0.1972979E+00  0.5700370E-01  0.2050000E+01  0.5000000E+01  0.1000000E+01  0.1000000E+00
  0.1974133E+00  0.5693303E-01  0.2045000E+01  0.5000000E+01  0.1000000E+01  0.1000000E+00
  0.1975288E+00  0.5686210E-01  0.2040000E+01  0.5000000E+01  0.1000000E+01  0.1000000E+00
  0.1976443E+00  0.5679091E-01  0.2035000E+01  0.5000000E+01  0.1000000E+01  0.1000000E+00
  0.1977598E+00  0.5671946E-01  0.2030000E+01  0.5000000E+01  0.1000000E+01  0.1000000E+00
  0.1978753E+00  0.5664774E-01  0.2025000E+01  0.5000000E+01  0.1000000E+01  0.1000000E+00
  0.1979909E+00  0.5657577E-01  0.2020000E+01  0.5000000E+01  0.1000000E+01  0.1000000E+00
  0.1981066E+00  0.5650353E-01  0.2015000E+01  0.5000000E+01  0.1000000E+01  0.1000000E+00
  0.1982222E+00  0.5643103E-01  0.2010000E+01  0.5000000E+01  0.1000000E+01  0.1000000E+00
  0.1983379E+00  0.5635827E-01  0.2005000E+01  0.5000000E+01  0.1000000E+01  0.1000000E+00
  0.1984536E+00  0.5628525E-01  0.2000000E+01  0.5000000E+01  0.1000000E+01  0.1000000E+00
  0.1985694E+00  0.5621196E-01  0.1995000E+01  0.5000000E+01  0.1000000E+01  0.1000000E+00
  0.1986852E+00  0.5613840E-01  0.1990000E+01  0.5000000E+01  0.1000000E+01  0.1000000E+00
  0.1988010E+00  0.5606458E-01  0.1985000E+01  0.5000000E+01  0.1000000E+01  0.1000000E+00
  0.1989169E+00  0.5599049E-01  0.1980000E+01  0.5000000E+01  0.1000000E+01  0.1000000E+00
  0.1990328E+00  0.5591614E-01  0.1975000E+01  0.5000000E+01  0.1000000E+01  0.1000000E+00
  0.1991487E+00  0.5584151E-01  0.1970000E+01  0.5000000E+01  0.1000000E+01  0.1000000E+00
  0.1992647E+00  0.5576662E-01  0.1965000E+01  0.5000000E+01  0.1000000E+01  0.1000000E+00
  0.1993807E+00  0.5569146E-01  0.1960000E+01  0.5000000E+01  0.1000000E+01  0.1000000E+00
  0.1994967E+00  0.5561603E-01  0.1955000E+01  0.5000000E+01  0.1000000E+01  0.1000000E+00
  0.1996127E+00  0.5554033E-01  0.1950000E+01  0.5000000E+01  0.1000000E+01  0.1000000E+00
  0.1997288E+00  0.5546436E-01  0.1945000E+01  0.5000000E+01  0.1000000E+01  0.1000000E+00
  0.1998449E+00  0.5538812E-01  0.1940000E+01  0.5000000E+01  0.1000000E+01  0.1000000E+00
  0.1999610E+00  0.5531161E-01  0.1935000E+01  0.5000000E+01  0.1000000E+01  0.1000000E+00
  0.2000771E+00  0.5523482E-01  0.1930000E+01  0.5000000E+01  0.1000000E+01  0.1000000E+00
  0.2001933E+00  0.5515776E-01  0.1925000E+01  0.5000000E+01  0.1000000E+01  0.1000000E+00
  0.2003095E+00  0.5508043E-01  0.1920000E+01  0.5000000E+01  0.1000000E+01  0.1000000E+00
  0.2004257E+00  0.5500282E-01  0.1915000E+01  0.5000000E+01  0.1000000E+01  0.1000000E+00
  0.2005420E+00  0.5492494E-01  0.1910000E+01  0.5000000E+01  0.1000000E+01  0.1000000E+00
  0.2006583E+00  0.5484678E-01  0.1905000E+01  0.5000000E+01  0.1000000E+01  0.1000000E+00
  0.2007745E+00  0.5476834E-01  0.1900000E+01  0.5000000E+01  0.1000000E+01  0.1000000E+00
  0.2008909E+00  0.5468963E-01  0.1895000E+01  0.5000000E+01  0.1000000E+01  0.1000000E+00
  0.2010072E+00  0.5461064E-01  0.1890000E+01  0.5000000E+01  0.1000000E+01  0.1000000E+00
  0.2011235E+00  0.5453137E-01  0.1885000E+01  0.5000000E+01  0.1000000E+01  0.1000000E+00
  0.2012399E+00  0.5445182E-01  0.1880000E+01  0.5000000E+01  0.1000000E+01  0.1000000E+00
  0.2013563E+00  0.5437200E-01  0.1875000E+01  0.5000000E+01  0.1000000E+01  0.1000000E+00
  0.2014727E+00  0.5429189E-01  0.1870000E+01  0.5000000E+01  0.1000000E+01  0.1000000E+00
  0.2015891E+00  0.5421150E-01  0.1865000E+01  0.5000000E+01  0.1000000E+01  0.1000000E+00
  0.2017056E+00  0.5413083E-01  0.1860000E+01  0.5000000E+01  0.1000000E+01  0.1000000E+00
  0.2018220E+00  0.5404988E-01  0.1855000E+01  0.5000000E+01  0.1000000E+01  0.1000000E+00
  0.2019385E+00  0.5396865E-01  0.1850000E+01  0.5000000E+01  0.1000000E+01  0.1000000E+00
  0.2020550E+00  0.5388713E-01  0.1845000E+01  0.5000000E+01  0.1000000E+01  0.1000000E+00
  0.2021715E+00  0.5380533E-01  0.1840000E+01  0.5000000E+01  0.1000000E+01  0.1000000E+00
  0.2022880E+00  0.5372325E-01  0.1835000E+01  0.5000000E+01  0.1000000E+01  0.1000000E+00
  0.2024045E+00  0.5364088E-01  0.1830000E+01  0.5000000E+01  0.1000000E+01  0.1000000E+00
  0.2025210E+00  0.5355823E-01  0.1825000E+01  0.5000000E+01  0.1000000E+01  0.1000000E+00
  0.2026376E+00  0.5347529E-01  0.1820000E+01  0.5000000E+01  0.1000000E+01  0.1000000E+00
  0.2027541E+00  0.5339206E-01  0.1815000E+01  0.5000000E+01  0.1000000E+01  0.1000000E+00
  0.2028707E+00  0.5330854E-01  0.1810000E+01  0.5000000E+01  0.1000000E+01  0.1000000E+00
  0.2029873E+00  0.5322474E-01  0.1805000E+01  0.5000000E+01  0.1000000E+01  0.1000000E+00
  0.2031039E+00  0.5314065E-01  0.1800000E+01  0.5000000E+01  0.1000000E+01  0.1000000E+00
  0.2032204E+00  0.5305627E-01  0.1795000E+01  0.5000000E+01  0.1000000E+01  0.1000000E+00
  0.2033370E+00  0.5297160E-01  0.1790000E+01  0.5000000E+01  0.1000000E+01  0.1000000E+00
  0.2034536E+00  0.5288664E-01  0.1785000E+01  0.5000000E+01  0.1000000E+01  0.1000000E+00
  0.2035702E+00  0.5280138E-01  0.1780000E+01  0.5000000E+01  0.1000000E+01  0.1000000E+00
  0.2036868E+00  0.5271584E-01  0.1775000E+01  0.5000000E+01  0.1000000E+01  0.1000000E+00
  0.2038034E+00  0.5263000E-01  0.1770000E+01  0.5000000E+01  0.1000000E+01  0.1000000E+00
  0.2039201E+00  0.5254388E-01  0.1765000E+01  0.5000000E+01  0.1000000E+01  0.1000000E+00
  0.2040367E+00  0.5245745E-01  0.1760000E+01  0.5000000E+01  0.1000000E+01  0.1000000E+00
  0.2041533E+00  0.5237074E-01  0.1755000E+01  0.5000000E+01  0.1000000E+01  0.1000000E+00
  0.2042699E+00  0.5228373E-01  0.1750000E+01  0.5000000E+01  0.1000000E+01  0.1000000E+00
  0.2043865E+00  0.5219642E-01  0.1745000E+01  0.5000000E+01  0.1000000E+01  0.1000000E+00
  0.2045031E+00  0.5210882E-01  0.1740000E+01  0.5000000E+01  0.1000000E+01  0.1000000E+00
  0.2046197E+00  0.5202093E-01  0.1735000E+01  0.5000000E+01  0.1000000E+01  0.1000000E+00
  0.2047363E+00  0.5193273E-01  0.1730000E+01  0.5000000E+01  0.1000000E+01  0.1000000E+00
  0.2048530E+00  0.5184424E-01  0.1725000E+01  0.5000000E+01  0.1000000E+01  0.1000000E+00
  0.2049695E+00  0.5175545E-01  0.1720000E+01  0.5000000E+01  0.1000000E+01  0.1000000E+00
  0.2050861E+00  0.5166636E-01  0.1715000E+01  0.5000000E+01  0.1000000E+01  0.1000000E+00
  0.2052027E+00  0.5157698E-01  0.1710000E+01  0.5000000E+01  0.1000000E+01  0.1000000E+00
  0.2053193E+00  0.5148729E-01  0.1705000E+01  0.5000000E+01  0.1000000E+01  0.1000000E+00
  0.2054359E+00  0.5139730E-01  0.1700000E+01  0.5000000E+01  0.1000000E+01  0.1000000E+00
  0.2055524E+00  0.5130701E-01  0.1695000E+01  0.5000000E+01  0.1000000E+01  0.1000000E+00
  0.2056690E+00  0.5121642E-01  0.1690000E+01  0.5000000E+01  0.1000000E+01  0.1000000E+00
  0.2057855E+00  0.5112553E-01  0.1685000E+01  0.5000000E+01  0.1000000E+01  0.1000000E+00
  0.2059021E+00  0.5103434E-01  0.1680000E+01  0.5000000E+01  0.1000000E+01  0.1000000E+00
  0.2060186E+00  0.5094284E-01  0.1675000E+01  0.5000000E+01  0.1000000E+01  0.1000000E+00
  0.2061351E+00  0.5085104E-01  0.1670000E+01  0.5000000E+01  0.1000000E+01  0.1000000E+00
  0.2062516E+00  0.5075893E-01  0.1665000E+01  0.5000000E+01  0.1000000E+01  0.1000000E+00
  0.2063680E+00  0.5066652E-01  0.1660000E+01  0.5000000E+01  0.1000000E+01  0.1000000E+00
  0.2064845E+00  0.5057381E-01  0.1655000E+01  0.5000000E+01  0.1000000E+01  0.1000000E+00
  0.2066009E+00  0.5048079E-01  0.1650000E+01  0.5000000E+01  0.1000000E+01  0.1000000E+00
  0.2067174E+00  0.5038746E-01  0.1645000E+01  0.5000000E+01  0.1000000E+01  0.1000000E+00
  0.2068338E+00  0.5029382E-01  0.1640000E+01  0.5000000E+01  0.1000000E+01  0.1000000E+00
  0.2069502E+00  0.5019988E-01  0.1635000E+01  0.5000000E+01  0.1000000E+01  0.1000000E+00
  0.2070665E+00  0.5010563E-01  0.1630000E+01  0.5000000E+01  0.1000000E+01  0.1000000E+00
  0.2071829E+00  0.5001107E-01  0.1625000E+01  0.5000000E+01  0.1000000E+01  0.1000000E+00
  0.2072992E+00  0.4991620E-01  0.1620000E+01  0.5000000E+01  0.1000000E+01  0.1000000E+00
  0.2074155E+00  0.4982102E-01  0.1615000E+01  0.5000000E+01  0.1000000E+01  0.1000000E+00
  0.2075318E+00  0.4972553E-01  0.1610000E+01  0.5000000E+01  0.1000000E+01  0.1000000E+00
  0.2076480E+00  0.4962973E-01  0.1605000E+01  0.5000000E+01  0.1000000E+01  0.1000000E+00
  0.2077642E+00  0.4953362E-01  0.1600000E+01  0.5000000E+01  0.1000000E+01  0.1000000E+00
  0.2078804E+00  0.4943720E-01  0.1595000E+01  0.5000000E+01  0.1000000E+01  0.1000000E+00
  0.2079966E+00  0.4934046E-01  0.1590000E+01  0.5000000E+01  0.1000000E+01  0.1000000E+00
  0.2081127E+00  0.4924341E-01  0.1585000E+01  0.5000000E+01  0.1000000E+01  0.1000000E+00
  0.2082289E+00  0.4914605E-01  0.1580000E+01  0.5000000E+01  0.1000000E+01  0.1000000E+00
  0.2083449E+00  0.4904837E-01  0.1575000E+01  0.5000000E+01  0.1000000E+01  0.1000000E+00
  0.2084610E+00  0.4895038E-01  0.1570000E+01  0.5000000E+01  0.1000000E+01  0.1000000E+00
  0.2085770E+00  0.4885208E-01  0.1565000E+01  0.5000000E+01  0.1000000E+01  0.1000000E+00
  0.2086930E+00  0.4875345E-01  0.1560000E+01  0.5000000E+01  0.1000000E+01  0.1000000E+00
  0.2088089E+00  0.4865452E-01  0.1555000E+01  0.5000000E+01  0.1000000E+01  0.1000000E+00
  0.2089248E+00  0.4855526E-01  0.1550000E+01  0.5000000E+01  0.1000000E+01  0.1000000E+00
  0.2090407E+00  0.4845569E-01  0.1545000E+01  0.5000000E+01  0.1000000E+01  0.1000000E+00
  0.2091566E+00  0.4835580E-01  0.1540000E+01  0.5000000E+01  0.1000000E+01  0.1000000E+00
  0.2092724E+00  0.4825559E-01  0.1535000E+01  0.5000000E+01  0.1000000E+01  0.1000000E+00
  0.2093881E+00  0.4815507E-01  0.1530000E+01  0.5000000E+01  0.1000000E+01  0.1000000E+00
  0.2095038E+00  0.4805422E-01  0.1525000E+01  0.5000000E+01  0.1000000E+01  0.1000000E+00
  0.2096195E+00  0.4795306E-01  0.1520000E+01  0.5000000E+01  0.1000000E+01  0.1000000E+00
  0.2097352E+00  0.4785157E-01  0.1515000E+01  0.5000000E+01  0.1000000E+01  0.1000000E+00
  0.2098508E+00  0.4774977E-01  0.1510000E+01  0.5000000E+01  0.1000000E+01  0.1000000E+00
  0.2099663E+00  0.4764764E-01  0.1505000E+01  0.5000000E+01  0.1000000E+01  0.1000000E+00
  0.2100818E+00  0.4754519E-01  0.1500000E+01  0.5000000E+01  0.1000000E+01  0.1000000E+00
  0.2101973E+00  0.4744242E-01  0.1495000E+01  0.5000000E+01  0.1000000E+01  0.1000000E+00
  0.2103127E+00  0.4733933E-01  0.1490000E+01  0.5000000E+01  0.1000000E+01  0.1000000E+00
  0.2104281E+00  0.4723591E-01  0.1485000E+01  0.5000000E+01  0.1000000E+01  0.1000000E+00
  0.2105434E+00  0.4713217E-01  0.1480000E+01  0.5000000E+01  0.1000000E+01  0.1000000E+00
  0.2106586E+00  0.4702811E-01  0.1475000E+01  0.5000000E+01  0.1000000E+01  0.1000000E+00
  0.2107738E+00  0.4692372E-01  0.1470000E+01  0.5000000E+01  0.1000000E+01  0.1000000E+00
  0.2108890E+00  0.4681900E-01  0.1465000E+01  0.5000000E+01  0.1000000E+01  0.1000000E+00
  0.2110041E+00  0.4671397E-01  0.1460000E+01  0.5000000E+01  0.1000000E+01  0.1000000E+00
  0.2111192E+00  0.4660860E-01  0.1455000E+01  0.5000000E+01  0.1000000E+01  0.1000000E+00
  0.2112342E+00  0.4650291E-01  0.1450000E+01  0.5000000E+01  0.1000000E+01  0.1000000E+00
  0.2113491E+00  0.4639689E-01  0.1445000E+01  0.5000000E+01  0.1000000E+01  0.1000000E+00
  0.2114640E+00  0.4629055E-01  0.1440000E+01  0.5000000E+01  0.1000000E+01  0.1000000E+00
  0.2115788E+00  0.4618387E-01  0.1435000E+01  0.5000000E+01  0.1000000E+01  0.1000000E+00
  0.2116936E+00  0.4607687E-01  0.1430000E+01  0.5000000E+01  0.1000000E+01  0.1000000E+00
  0.2118083E+00  0.4596954E-01  0.1425000E+01  0.5000000E+01  0.1000000E+01  0.1000000E+00
  0.2119229E+00  0.4586189E-01  0.1420000E+01  0.5000000E+01  0.1000000E+01  0.1000000E+00
  0.2120375E+00  0.4575390E-01  0.1415000E+01  0.5000000E+01  0.1000000E+01  0.1000000E+00
  0.2121520E+00  0.4564558E-01  0.1410000E+01  0.5000000E+01  0.1000000E+01  0.1000000E+00
  0.2122664E+00  0.4553693E-01  0.1405000E+01  0.5000000E+01  0.1000000E+01  0.1000000E+00
  0.2123808E+00  0.4542795E-01  0.1400000E+01  0.5000000E+01  0.1000000E+01  0.1000000E+00
  0.2124951E+00  0.4531865E-01  0.1395000E+01  0.5000000E+01  0.1000000E+01  0.1000000E+00
  0.2126094E+00  0.4520900E-01  0.1390000E+01  0.5000000E+01  0.1000000E+01  0.1000000E+00
  0.2127235E+00  0.4509903E-01  0.1385000E+01  0.5000000E+01  0.1000000E+01  0.1000000E+00
  0.2128376E+00  0.4498873E-01  0.1380000E+01  0.5000000E+01  0.1000000E+01  0.1000000E+00
  0.2129517E+00  0.4487809E-01  0.1375000E+01  0.5000000E+01  0.1000000E+01  0.1000000E+00
  0.2130656E+00  0.4476712E-01  0.1370000E+01  0.5000000E+01  0.1000000E+01  0.1000000E+00
  0.2131795E+00  0.4465581E-01  0.1365000E+01  0.5000000E+01  0.1000000E+01  0.1000000E+00
  0.2132933E+00  0.4454417E-01  0.1360000E+01  0.5000000E+01  0.1000000E+01  0.1000000E+00
  0.2134070E+00  0.4443220E-01  0.1355000E+01  0.5000000E+01  0.1000000E+01  0.1000000E+00
  0.2135207E+00  0.4431989E-01  0.1350000E+01  0.5000000E+01  0.1000000E+01  0.1000000E+00
  0.2136342E+00  0.4420725E-01  0.1345000E+01  0.5000000E+01  0.1000000E+01  0.1000000E+00
  0.2137477E+00  0.4409427E-01  0.1340000E+01  0.5000000E+01  0.1000000E+01  0.1000000E+00
  0.2138611E+00  0.4398096E-01  0.1335000E+01  0.5000000E+01  0.1000000E+01  0.1000000E+00
  0.2139745E+00  0.4386730E-01  0.1330000E+01  0.5000000E+01  0.1000000E+01  0.1000000E+00
  0.2140877E+00  0.4375332E-01  0.1325000E+01  0.5000000E+01  0.1000000E+01  0.1000000E+00
  0.2142009E+00  0.4363899E-01  0.1320000E+01  0.5000000E+01  0.1000000E+01  0.1000000E+00
  0.2143139E+00  0.4352433E-01  0.1315000E+01  0.5000000E+01  0.1000000E+01  0.1000000E+00
  0.2144269E+00  0.4340933E-01  0.1310000E+01  0.5000000E+01  0.1000000E+01  0.1000000E+00
  0.2145398E+00  0.4329400E-01  0.1305000E+01  0.5000000E+01  0.1000000E+01  0.1000000E+00
  0.2146526E+00  0.4317832E-01  0.1300000E+01  0.5000000E+01  0.1000000E+01  0.1000000E+00
  0.2147653E+00  0.4306231E-01  0.1295000E+01  0.5000000E+01  0.1000000E+01  0.1000000E+00
  0.2148780E+00  0.4294595E-01  0.1290000E+01  0.5000000E+01  0.1000000E+01  0.1000000E+00
  0.2149905E+00  0.4282926E-01  0.1285000E+01  0.5000000E+01  0.1000000E+01  0.1000000E+00
  0.2151029E+00  0.4271223E-01  0.1280000E+01  0.5000000E+01  0.1000000E+01  0.1000000E+00
  0.2152153E+00  0.4259486E-01  0.1275000E+01  0.5000000E+01  0.1000000E+01  0.1000000E+00
  0.2153275E+00  0.4247714E-01  0.1270000E+01  0.5000000E+01  0.1000000E+01  0.1000000E+00
  0.2154396E+00  0.4235909E-01  0.1265000E+01  0.5000000E+01  0.1000000E+01  0.1000000E+00
  0.2155517E+00  0.4224070E-01  0.1260000E+01  0.5000000E+01  0.1000000E+01  0.1000000E+00
  0.2156636E+00  0.4212196E-01  0.1255000E+01  0.5000000E+01  0.1000000E+01  0.1000000E+00
  0.2157755E+00  0.4200288E-01  0.1250000E+01  0.5000000E+01  0.1000000E+01  0.1000000E+00
  0.2158872E+00  0.4188347E-01  0.1245000E+01  0.5000000E+01  0.1000000E+01  0.1000000E+00
  0.2159988E+00  0.4176371E-01  0.1240000E+01  0.5000000E+01  0.1000000E+01  0.1000000E+00
  0.2161104E+00  0.4164360E-01  0.1235000E+01  0.5000000E+01  0.1000000E+01  0.1000000E+00
  0.2162218E+00  0.4152316E-01  0.1230000E+01  0.5000000E+01  0.1000000E+01  0.1000000E+00
  0.2163331E+00  0.4140237E-01  0.1225000E+01  0.5000000E+01  0.1000000E+01  0.1000000E+00
  0.2164443E+00  0.4128124E-01  0.1220000E+01  0.5000000E+01  0.1000000E+01  0.1000000E+00
  0.2165554E+00  0.4115976E-01  0.1215000E+01  0.5000000E+01  0.1000000E+01  0.1000000E+00
  0.2166663E+00  0.4103794E-01  0.1210000E+01  0.5000000E+01  0.1000000E+01  0.1000000E+00
  0.2167772E+00  0.4091578E-01  0.1205000E+01  0.5000000E+01  0.1000000E+01  0.1000000E+00
  0.2168880E+00  0.4079327E-01  0.1200000E+01  0.5000000E+01  0.1000000E+01  0.1000000E+00
  0.2169986E+00  0.4067042E-01  0.1195000E+01  0.5000000E+01  0.1000000E+01  0.1000000E+00
  0.2171091E+00  0.4054722E-01  0.1190000E+01  0.5000000E+01  0.1000000E+01  0.1000000E+00
  0.2172195E+00  0.4042368E-01  0.1185000E+01  0.5000000E+01  0.1000000E+01  0.1000000E+00
  0.2173298E+00  0.4029979E-01  0.1180000E+01  0.5000000E+01  0.1000000E+01  0.1000000E+00
  0.2174399E+00  0.4017556E-01  0.1175000E+01  0.5000000E+01  0.1000000E+01  0.1000000E+00
  0.2175500E+00  0.4005098E-01  0.1170000E+01  0.5000000E+01  0.1000000E+01  0.1000000E+00
  0.2176599E+00  0.3992605E-01  0.1165000E+01  0.5000000E+01  0.1000000E+01  0.1000000E+00
  0.2177696E+00  0.3980078E-01  0.1160000E+01  0.5000000E+01  0.1000000E+01  0.1000000E+00
  0.2178793E+00  0.3967517E-01  0.1155000E+01  0.5000000E+01  0.1000000E+01  0.1000000E+00
  0.2179888E+00  0.3954920E-01  0.1150000E+01  0.5000000E+01  0.1000000E+01  0.1000000E+00
  0.2180982E+00  0.3942289E-01  0.1145000E+01  0.5000000E+01  0.1000000E+01  0.1000000E+00
  0.2182075E+00  0.3929624E-01  0.1140000E+01  0.5000000E+01  0.1000000E+01  0.1000000E+00
  0.2183166E+00  0.3916923E-01  0.1135000E+01  0.5000000E+01  0.1000000E+01  0.1000000E+00
  0.2184256E+00  0.3904188E-01  0.1130000E+01  0.5000000E+01  0.1000000E+01  0.1000000E+00
  0.2185345E+00  0.3891418E-01  0.1125000E+01  0.5000000E+01  0.1000000E+01  0.1000000E+00
  0.2186432E+00  0.3878614E-01  0.1120000E+01  0.5000000E+01  0.1000000E+01  0.1000000E+00
  0.2187518E+00  0.3865774E-01  0.1115000E+01  0.5000000E+01  0.1000000E+01  0.1000000E+00
  0.2188603E+00  0.3852900E-01  0.1110000E+01  0.5000000E+01  0.1000000E+01  0.1000000E+00
  0.2189686E+00  0.3839991E-01  0.1105000E+01  0.5000000E+01  0.1000000E+01  0.1000000E+00
  0.2190768E+00  0.3827047E-01  0.1100000E+01  0.5000000E+01  0.1000000E+01  0.1000000E+00
  0.2191848E+00  0.3814068E-01  0.1095000E+01  0.5000000E+01  0.1000000E+01  0.1000000E+00
  0.2192927E+00  0.3801055E-01  0.1090000E+01  0.5000000E+01  0.1000000E+01  0.1000000E+00
  0.2194004E+00  0.3788007E-01  0.1085000E+01  0.5000000E+01  0.1000000E+01  0.1000000E+00
  0.2195080E+00  0.3774923E-01  0.1080000E+01  0.5000000E+01  0.1000000E+01  0.1000000E+00
  0.2196155E+00  0.3761805E-01  0.1075000E+01  0.5000000E+01  0.1000000E+01  0.1000000E+00
  0.2197228E+00  0.3748652E-01  0.1070000E+01  0.5000000E+01  0.1000000E+01  0.1000000E+00
  0.2198299E+00  0.3735464E-01  0.1065000E+01  0.5000000E+01  0.1000000E+01  0.1000000E+00
  0.2199369E+00  0.3722241E-01  0.1060000E+01  0.5000000E+01  0.1000000E+01  0.1000000E+00
  0.2200437E+00  0.3708984E-01  0.1055000E+01  0.5000000E+01  0.1000000E+01  0.1000000E+00
  0.2201504E+00  0.3695691E-01  0.1050000E+01  0.5000000E+01  0.1000000E+01  0.1000000E+00
  0.2202569E+00  0.3682363E-01  0.1045000E+01  0.5000000E+01  0.1000000E+01  0.1000000E+00
  0.2203633E+00  0.3669001E-01  0.1040000E+01  0.5000000E+01  0.1000000E+01  0.1000000E+00
  0.2204695E+00  0.3655603E-01  0.1035000E+01  0.5000000E+01  0.1000000E+01  0.1000000E+00
  0.2205756E+00  0.3642171E-01  0.1030000E+01  0.5000000E+01  0.1000000E+01  0.1000000E+00
  0.2206815E+00  0.3628703E-01  0.1025000E+01  0.5000000E+01  0.1000000E+01  0.1000000E+00
  0.2207872E+00  0.3615201E-01  0.1020000E+01  0.5000000E+01  0.1000000E+01  0.1000000E+00
  0.2208927E+00  0.3601664E-01  0.1015000E+01  0.5000000E+01  0.1000000E+01  0.1000000E+00
  0.2209981E+00  0.3588091E-01  0.1010000E+01  0.5000000E+01  0.1000000E+01  0.1000000E+00
  0.2211033E+00  0.3574484E-01  0.1005000E+01  0.5000000E+01  0.1000000E+01  0.1000000E+00
  0.2212084E+00  0.3560842E-01  0.1000000E+01  0.5000000E+01  0.1000000E+01  0.1000000E+00
  0.2213133E+00  0.3547164E-01  0.9950000E+00  0.5000000E+01  0.1000000E+01  0.1000000E+00
  0.2214180E+00  0.3533452E-01  0.9900000E+00  0.5000000E+01  0.1000000E+01  0.1000000E+00
  0.2215225E+00  0.3519705E-01  0.9850000E+00  0.5000000E+01  0.1000000E+01  0.1000000E+00
  0.2216269E+00  0.3505923E-01  0.9800000E+00  0.5000000E+01  0.1000000E+01  0.1000000E+00
  0.2217310E+00  0.3492105E-01  0.9750000E+00  0.5000000E+01  0.1000000E+01  0.1000000E+00
  0.2218350E+00  0.3478253E-01  0.9700000E+00  0.5000000E+01  0.1000000E+01  0.1000000E+00
  0.2219389E+00  0.3464366E-01  0.9650000E+00  0.5000000E+01  0.1000000E+01  0.1000000E+00
  0.2220425E+00  0.3450444E-01  0.9600000E+00  0.5000000E+01  0.1000000E+01  0.1000000E+00
  0.2221460E+00  0.3436487E-01  0.9550000E+00  0.5000000E+01  0.1000000E+01  0.1000000E+00
  0.2222492E+00  0.3422495E-01  0.9500000E+00  0.5000000E+01  0.1000000E+01  0.1000000E+00
  0.2223523E+00  0.3408468E-01  0.9450000E+00  0.5000000E+01  0.1000000E+01  0.1000000E+00
  0.2224552E+00  0.3394406E-01  0.9400000E+00  0.5000000E+01  0.1000000E+01  0.1000000E+00
  0.2225579E+00  0.3380309E-01  0.9350000E+00  0.5000000E+01  0.1000000E+01  0.1000000E+00
  0.2226604E+00  0.3366177E-01  0.9300000E+00  0.5000000E+01  0.1000000E+01  0.1000000E+00
  0.2227628E+00  0.3352011E-01  0.9250000E+00  0.5000000E+01  0.1000000E+01  0.1000000E+00
  0.2228649E+00  0.3337809E-01  0.9200000E+00  0.5000000E+01  0.1000000E+01  0.1000000E+00
  0.2229668E+00  0.3323573E-01  0.9150000E+00  0.5000000E+01  0.1000000E+01  0.1000000E+00
  0.2230686E+00  0.3309301E-01  0.9100000E+00  0.5000000E+01  0.1000000E+01  0.1000000E+00
  0.2231701E+00  0.3294995E-01  0.9050000E+00  0.5000000E+01  0.1000000E+01  0.1000000E+00
  0.2232715E+00  0.3280654E-01  0.9000000E+00  0.5000000E+01  0.1000000E+01  0.1000000E+00
  0.2233726E+00  0.3266278E-01  0.8950000E+00  0.5000000E+01  0.1000000E+01  0.1000000E+00
  0.2234736E+00  0.3251867E-01  0.8900000E+00  0.5000000E+01  0.1000000E+01  0.1000000E+00
  0.2235743E+00  0.3237421E-01  0.8850000E+00  0.5000000E+01  0.1000000E+01  0.1000000E+00
  0.2236748E+00  0.3222940E-01  0.8800000E+00  0.5000000E+01  0.1000000E+01  0.1000000E+00
  0.2237752E+00  0.3208425E-01  0.8750000E+00  0.5000000E+01  0.1000000E+01  0.1000000E+00
  0.2238753E+00  0.3193875E-01  0.8700000E+00  0.5000000E+01  0.1000000E+01  0.1000000E+00
  0.2239752E+00  0.3179290E-01  0.8650000E+00  0.5000000E+01  0.1000000E+01  0.1000000E+00
  0.2240749E+00  0.3164671E-01  0.8600000E+00  0.5000000E+01  0.1000000E+01  0.1000000E+00
  0.2241744E+00  0.3150016E-01  0.8550000E+00  0.5000000E+01  0.1000000E+01  0.1000000E+00
  0.2242736E+00  0.3135327E-01  0.8500000E+00  0.5000000E+01  0.1000000E+01  0.1000000E+00
  0.2243727E+00  0.3120603E-01  0.8450000E+00  0.5000000E+01  0.1000000E+01  0.1000000E+00
  0.2244715E+00  0.3105845E-01  0.8400000E+00  0.5000000E+01  0.1000000E+01  0.1000000E+00
  0.2245702E+00  0.3091052E-01  0.8350000E+00  0.5000000E+01  0.1000000E+01  0.1000000E+00
  0.2246685E+00  0.3076224E-01  0.8300000E+00  0.5000000E+01  0.1000000E+01  0.1000000E+00
  0.2247667E+00  0.3061362E-01  0.8250000E+00  0.5000000E+01  0.1000000E+01  0.1000000E+00
  0.2248647E+00  0.3046465E-01  0.8200000E+00  0.5000000E+01  0.1000000E+01  0.1000000E+00
  0.2249624E+00  0.3031534E-01  0.8150000E+00  0.5000000E+01  0.1000000E+01  0.1000000E+00
  0.2250599E+00  0.3016568E-01  0.8100000E+00  0.5000000E+01  0.1000000E+01  0.1000000E+00
  0.2251572E+00  0.3001568E-01  0.8050000E+00  0.5000000E+01  0.1000000E+01  0.1000000E+00
  0.2252542E+00  0.2986533E-01  0.8000000E+00  0.5000000E+01  0.1000000E+01  0.1000000E+00
  0.2253510E+00  0.2971463E-01  0.7950000E+00  0.5000000E+01  0.1000000E+01  0.1000000E+00
  0.2254476E+00  0.2956360E-01  0.7900000E+00  0.5000000E+01  0.1000000E+01  0.1000000E+00
  0.2255439E+00  0.2941222E-01  0.7850000E+00  0.5000000E+01  0.1000000E+01  0.1000000E+00
  0.2256400E+00  0.2926049E-01  0.7800000E+00  0.5000000E+01  0.1000000E+01  0.1000000E+00
  0.2257359E+00  0.2910842E-01  0.7750000E+00  0.5000000E+01  0.1000000E+01  0.1000000E+00
  0.2258315E+00  0.2895601E-01  0.7700000E+00  0.5000000E+01  0.1000000E+01  0.1000000E+00
  0.2259269E+00  0.2880326E-01  0.7650000E+00  0.5000000E+01  0.1000000E+01  0.1000000E+00
  0.2260221E+00  0.2865016E-01  0.7600000E+00  0.5000000E+01  0.1000000E+01  0.1000000E+00
  0.2261170E+00  0.2849673E-01  0.7550000E+00  0.5000000E+01  0.1000000E+01  0.1000000E+00
  0.2262116E+00  0.2834295E-01  0.7500000E+00  0.5000000E+01  0.1000000E+01  0.1000000E+00
  0.2263060E+00  0.2818883E-01  0.7450000E+00  0.5000000E+01  0.1000000E+01  0.1000000E+00
  0.2264002E+00  0.2803437E-01  0.7400000E+00  0.5000000E+01  0.1000000E+01  0.1000000E+00
  0.2264941E+00  0.2787957E-01  0.7350000E+00  0.5000000E+01  0.1000000E+01  0.1000000E+00
  0.2265877E+00  0.2772443E-01  0.7300000E+00  0.5000000E+01  0.1000000E+01  0.1000000E+00
  0.2266811E+00  0.2756895E-01  0.7250000E+00  0.5000000E+01  0.1000000E+01  0.1000000E+00
  0.2267743E+00  0.2741313E-01  0.7200000E+00  0.5000000E+01  0.1000000E+01  0.1000000E+00
  0.2268672E+00  0.2725697E-01  0.7150000E+00  0.5000000E+01  0.1000000E+01  0.1000000E+00
  0.2269598E+00  0.2710048E-01  0.7100000E+00  0.5000000E+01  0.1000000E+01  0.1000000E+00
  0.2270522E+00  0.2694364E-01  0.7050000E+00  0.5000000E+01  0.1000000E+01  0.1000000E+00
  0.2271443E+00  0.2678647E-01  0.7000000E+00  0.5000000E+01  0.1000000E+01  0.1000000E+00
  0.2272362E+00  0.2662896E-01  0.6950000E+00  0.5000000E+01  0.1000000E+01  0.1000000E+00
  0.2273277E+00  0.2647112E-01  0.6900000E+00  0.5000000E+01  0.1000000E+01  0.1000000E+00
  0.2274191E+00  0.2631294E-01  0.6850000E+00  0.5000000E+01  0.1000000E+01  0.1000000E+00
  0.2275101E+00  0.2615442E-01  0.6800000E+00  0.5000000E+01  0.1000000E+01  0.1000000E+00
  0.2276009E+00  0.2599557E-01  0.6750000E+00  0.5000000E+01  0.1000000E+01  0.1000000E+00
  0.2276914E+00  0.2583638E-01  0.6700000E+00  0.5000000E+01  0.1000000E+01  0.1000000E+00
  0.2277816E+00  0.2567686E-01  0.6650000E+00  0.5000000E+01  0.1000000E+01  0.1000000E+00
  0.2278716E+00  0.2551701E-01  0.6600000E+00  0.5000000E+01  0.1000000E+01  0.1000000E+00
  0.2279613E+00  0.2535682E-01  0.6550000E+00  0.5000000E+01  0.1000000E+01  0.1000000E+00
  0.2280507E+00  0.2519630E-01  0.6500000E+00  0.5000000E+01  0.1000000E+01  0.1000000E+00
  0.2281398E+00  0.2503545E-01  0.6450000E+00  0.5000000E+01  0.1000000E+01  0.1000000E+00
  0.2282287E+00  0.2487427E-01  0.6400000E+00  0.5000000E+01  0.1000000E+01  0.1000000E+00
  0.2283173E+00  0.2471275E-01  0.6350000E+00  0.5000000E+01  0.1000000E+01  0.1000000E+00
  0.2284056E+00  0.2455091E-01  0.6300000E+00  0.5000000E+01  0.1000000E+01  0.1000000E+00
  0.2284936E+00  0.2438874E-01  0.6250000E+00  0.5000000E+01  0.1000000E+01  0.1000000E+00
  0.2285813E+00  0.2422624E-01  0.6200000E+00  0.5000000E+01  0.1000000E+01  0.1000000E+00
  0.2286687E+00  0.2406340E-01  0.6150000E+00  0.5000000E+01  0.1000000E+01  0.1000000E+00
  0.2287558E+00  0.2390025E-01  0.6100000E+00  0.5000000E+01  0.1000000E+01  0.1000000E+00
  0.2288427E+00  0.2373676E-01  0.6050000E+00  0.5000000E+01  0.1000000E+01  0.1000000E+00
  0.2289292E+00  0.2357295E-01  0.6000000E+00  0.5000000E+01  0.1000000E+01  0.1000000E+00
  0.2290155E+00  0.2340881E-01  0.5950000E+00  0.5000000E+01  0.1000000E+01  0.1000000E+00
  0.2291014E+00  0.2324434E-01  0.5900000E+00  0.5000000E+01  0.1000000E+01  0.1000000E+00
  0.2291871E+00  0.2307955E-01  0.5850000E+00  0.5000000E+01  0.1000000E+01  0.1000000E+00
  0.2292725E+00  0.2291444E-01  0.5800000E+00  0.5000000E+01  0.1000000E+01  0.1000000E+00
  0.2293575E+00  0.2274900E-01  0.5750000E+00  0.5000000E+01  0.1000000E+01  0.1000000E+00
  0.2294423E+00  0.2258324E-01  0.5700000E+00  0.5000000E+01  0.1000000E+01  0.1000000E+00
  0.2295268E+00  0.2241716E-01  0.5650000E+00  0.5000000E+01  0.1000000E+01  0.1000000E+00
  0.2296109E+00  0.2225076E-01  0.5600000E+00  0.5000000E+01  0.1000000E+01  0.1000000E+00
  0.2296947E+00  0.2208403E-01  0.5550000E+00  0.5000000E+01  0.1000000E+01  0.1000000E+00
  0.2297783E+00  0.2191699E-01  0.5500000E+00  0.5000000E+01  0.1000000E+01  0.1000000E+00
  0.2298615E+00  0.2174963E-01  0.5450000E+00  0.5000000E+01  0.1000000E+01  0.1000000E+00
  0.2299444E+00  0.2158195E-01  0.5400000E+00  0.5000000E+01  0.1000000E+01  0.1000000E+00
  0.2300270E+00  0.2141395E-01  0.5350000E+00  0.5000000E+01  0.1000000E+01  0.1000000E+00
  0.2301093E+00  0.2124563E-01  0.5300000E+00  0.5000000E+01  0.1000000E+01  0.1000000E+00
  0.2301913E+00  0.2107700E-01  0.5250000E+00  0.5000000E+01  0.1000000E+01  0.1000000E+00
  0.2302729E+00  0.2090805E-01  0.5200000E+00  0.5000000E+01  0.1000000E+01  0.1000000E+00
  0.2303542E+00  0.2073879E-01  0.5150000E+00  0.5000000E+01  0.1000000E+01  0.1000000E+00
  0.2304352E+00  0.2056921E-01  0.5100000E+00  0.5000000E+01  0.1000000E+01  0.1000000E+00
  0.2305159E+00  0.2039932E-01  0.5050000E+00  0.5000000E+01  0.1000000E+01  0.1000000E+00
  0.2305963E+00  0.2022912E-01  0.5000000E+00  0.5000000E+01  0.1000000E+01  0.1000000E+00
  0.2306763E+00  0.2005861E-01  0.4950000E+00  0.5000000E+01  0.1000000E+01  0.1000000E+00
  0.2307560E+00  0.1988778E-01  0.4900000E+00  0.5000000E+01  0.1000000E+01  0.1000000E+00
  0.2308354E+00  0.1971665E-01  0.4850000E+00  0.5000000E+01  0.1000000E+01  0.1000000E+00
  0.2309144E+00  0.1954521E-01  0.4800000E+00  0.5000000E+01  0.1000000E+01  0.1000000E+00
  0.2309931E+00  0.1937346E-01  0.4750000E+00  0.5000000E+01  0.1000000E+01  0.1000000E+00
  0.2310715E+00  0.1920140E-01  0.4700000E+00  0.5000000E+01  0.1000000E+01  0.1000000E+00
  0.2311495E+00  0.1902903E-01  0.4650000E+00  0.5000000E+01  0.1000000E+01  0.1000000E+00
  0.2312272E+00  0.1885636E-01  0.4600000E+00  0.5000000E+01  0.1000000E+01  0.1000000E+00
  0.2313046E+00  0.1868339E-01  0.4550000E+00  0.5000000E+01  0.1000000E+01  0.1000000E+00
  0.2313816E+00  0.1851011E-01  0.4500000E+00  0.5000000E+01  0.1000000E+01  0.1000000E+00
  0.2314583E+00  0.1833653E-01  0.4450000E+00  0.5000000E+01  0.1000000E+01  0.1000000E+00
  0.2315346E+00  0.1816264E-01  0.4400000E+00  0.5000000E+01  0.1000000E+01  0.1000000E+00
  0.2316106E+00  0.1798846E-01  0.4350000E+00  0.5000000E+01  0.1000000E+01  0.1000000E+00
  0.2316863E+00  0.1781398E-01  0.4300000E+00  0.5000000E+01  0.1000000E+01  0.1000000E+00
  0.2317616E+00  0.1763919E-01  0.4250000E+00  0.5000000E+01  0.1000000E+01  0.1000000E+00
  0.2318365E+00  0.1746411E-01  0.4200000E+00  0.5000000E+01  0.1000000E+01  0.1000000E+00
  0.2319111E+00  0.1728873E-01  0.4150000E+00  0.5000000E+01  0.1000000E+01  0.1000000E+00
  0.2319854E+00  0.1711306E-01  0.4100000E+00  0.5000000E+01  0.1000000E+01  0.1000000E+00
  0.2320593E+00  0.1693709E-01  0.4050000E+00  0.5000000E+01  0.1000000E+01  0.1000000E+00
  0.2321328E+00  0.1676083E-01  0.4000000E+00  0.5000000E+01  0.1000000E+01  0.1000000E+00
  0.2322060E+00  0.1658427E-01  0.3950000E+00  0.5000000E+01  0.1000000E+01  0.1000000E+00
  0.2322788E+00  0.1640742E-01  0.3900000E+00  0.5000000E+01  0.1000000E+01  0.1000000E+00
  0.2323512E+00  0.1623028E-01  0.3850000E+00  0.5000000E+01  0.1000000E+01  0.1000000E+00
  0.2324233E+00  0.1605285E-01  0.3800000E+00  0.5000000E+01  0.1000000E+01  0.1000000E+00
  0.2324951E+00  0.1587513E-01  0.3750000E+00  0.5000000E+01  0.1000000E+01  0.1000000E+00
  0.2325664E+00  0.1569713E-01  0.3700000E+00  0.5000000E+01  0.1000000E+01  0.1000000E+00
  0.2326374E+00  0.1551883E-01  0.3650000E+00  0.5000000E+01  0.1000000E+01  0.1000000E+00
  0.2327080E+00  0.1534025E-01  0.3600000E+00  0.5000000E+01  0.1000000E+01  0.1000000E+00
  0.2327783E+00  0.1516139E-01  0.3550000E+00  0.5000000E+01  0.1000000E+01  0.1000000E+00
  0.2328482E+00  0.1498224E-01  0.3500000E+00  0.5000000E+01  0.1000000E+01  0.1000000E+00
  0.2329177E+00  0.1480281E-01  0.3450000E+00  0.5000000E+01  0.1000000E+01  0.1000000E+00
  0.2329869E+00  0.1462310E-01  0.3400000E+00  0.5000000E+01  0.1000000E+01  0.1000000E+00
  0.2330556E+00  0.1444311E-01  0.3350000E+00  0.5000000E+01  0.1000000E+01  0.1000000E+00
  0.2331240E+00  0.1426284E-01  0.3300000E+00  0.5000000E+01  0.1000000E+01  0.1000000E+00
  0.2331920E+00  0.1408229E-01  0.3250000E+00  0.5000000E+01  0.1000000E+01  0.1000000E+00
  0.2332597E+00  0.1390146E-01  0.3200000E+00  0.5000000E+01  0.1000000E+01  0.1000000E+00
  0.2333269E+00  0.1372036E-01  0.3150000E+00  0.5000000E+01  0.1000000E+01  0.1000000E+00
  0.2333938E+00  0.1353899E-01  0.3100000E+00  0.5000000E+01  0.1000000E+01  0.1000000E+00
  0.2334602E+00  0.1335734E-01  0.3050000E+00  0.5000000E+01  0.1000000E+01  0.1000000E+00
  0.2335263E+00  0.1317541E-01  0.3000000E+00  0.5000000E+01  0.1000000E+01  0.1000000E+00
  0.2335921E+00  0.1299322E-01  0.2950000E+00  0.5000000E+01  0.1000000E+01  0.1000000E+00
  0.2336574E+00  0.1281076E-01  0.2900000E+00  0.5000000E+01  0.1000000E+01  0.1000000E+00
  0.2337223E+00  0.1262803E-01  0.2850000E+00  0.5000000E+01  0.1000000E+01  0.1000000E+00
  0.2337868E+00  0.1244503E-01  0.2800000E+00  0.5000000E+01  0.1000000E+01  0.1000000E+00
  0.2338510E+00  0.1226177E-01  0.2750000E+00  0.5000000E+01  0.1000000E+01  0.1000000E+00
  0.2339147E+00  0.1207824E-01  0.2700000E+00  0.5000000E+01  0.1000000E+01  0.1000000E+00
  0.2339781E+00  0.1189445E-01  0.2650000E+00  0.5000000E+01  0.1000000E+01  0.1000000E+00
  0.2340410E+00  0.1171039E-01  0.2600000E+00  0.5000000E+01  0.1000000E+01  0.1000000E+00
  0.2341036E+00  0.1152608E-01  0.2550000E+00  0.5000000E+01  0.1000000E+01  0.1000000E+00
  0.2341658E+00  0.1134151E-01  0.2500000E+00  0.5000000E+01  0.1000000E+01  0.1000000E+00
  0.2342275E+00  0.1115667E-01  0.2450000E+00  0.5000000E+01  0.1000000E+01  0.1000000E+00
  0.2342889E+00  0.1097158E-01  0.2400000E+00  0.5000000E+01  0.1000000E+01  0.1000000E+00
  0.2343498E+00  0.1078624E-01  0.2350000E+00  0.5000000E+01  0.1000000E+01  0.1000000E+00
  0.2344104E+00  0.1060064E-01  0.2300000E+00  0.5000000E+01  0.1000000E+01  0.1000000E+00
  0.2344705E+00  0.1041478E-01  0.2250000E+00  0.5000000E+01  0.1000000E+01  0.1000000E+00
  0.2345302E+00  0.1022868E-01  0.2200000E+00  0.5000000E+01  0.1000000E+01  0.1000000E+00
  0.2345895E+00  0.1004232E-01  0.2150000E+00  0.5000000E+01  0.1000000E+01  0.1000000E+00
  0.2346484E+00  0.9855717E-02  0.2100000E+00  0.5000000E+01  0.1000000E+01  0.1000000E+00
  0.2347069E+00  0.9668865E-02  0.2050000E+00  0.5000000E+01  0.1000000E+01  0.1000000E+00
  0.2347650E+00  0.9481767E-02  0.2000000E+00  0.5000000E+01  0.1000000E+01  0.1000000E+00
  0.2348227E+00  0.9294423E-02  0.1950000E+00  0.5000000E+01  0.1000000E+01  0.1000000E+00
  0.2348799E+00  0.9106836E-02  0.1900000E+00  0.5000000E+01  0.1000000E+01  0.1000000E+00
  0.2349367E+00  0.8919008E-02  0.1850000E+00  0.5000000E+01  0.1000000E+01  0.1000000E+00
  0.2349931E+00  0.8730938E-02  0.1800000E+00  0.5000000E+01  0.1000000E+01  0.1000000E+00
  0.2350491E+00  0.8542629E-02  0.1750000E+00  0.5000000E+01  0.1000000E+01  0.1000000E+00
  0.2351047E+00  0.8354083E-02  0.1700000E+00  0.5000000E+01  0.1000000E+01  0.1000000E+00
  0.2351598E+00  0.8165300E-02  0.1650000E+00  0.5000000E+01  0.1000000E+01  0.1000000E+00
  0.2352145E+00  0.7976282E-02  0.1600000E+00  0.5000000E+01  0.1000000E+01  0.1000000E+00
  0.2352688E+00  0.7787031E-02  0.1550000E+00  0.5000000E+01  0.1000000E+01  0.1000000E+00
  0.2353227E+00  0.7597547E-02  0.1500000E+00  0.5000000E+01  0.1000000E+01  0.1000000E+00
  0.2353761E+00  0.7407834E-02  0.1450000E+00  0.5000000E+01  0.1000000E+01  0.1000000E+00
  0.2354291E+00  0.7217891E-02  0.1400000E+00  0.5000000E+01  0.1000000E+01  0.1000000E+00
  0.2354817E+00  0.7027721E-02  0.1350000E+00  0.5000000E+01  0.1000000E+01  0.1000000E+00
  0.2355338E+00  0.6837325E-02  0.1300000E+00  0.5000000E+01  0.1000000E+01  0.1000000E+00
  0.2355855E+00  0.6646704E-02  0.1250000E+00  0.5000000E+01  0.1000000E+01  0.1000000E+00
  0.2356367E+00  0.6455861E-02  0.1200000E+00  0.5000000E+01  0.1000000E+01  0.1000000E+00
  0.2356876E+00  0.6264796E-02  0.1150000E+00  0.5000000E+01  0.1000000E+01  0.1000000E+00
  0.2357380E+00  0.6073511E-02  0.1100000E+00  0.5000000E+01  0.1000000E+01  0.1000000E+00
  0.2357879E+00  0.5882008E-02  0.1050000E+00  0.5000000E+01  0.1000000E+01  0.1000000E+00
  0.2358374E+00  0.5690288E-02  0.1000000E+00  0.5000000E+01  0.1000000E+01  0.1000000E+00
  0.2358865E+00  0.5498353E-02  0.9500000E-01  0.5000000E+01  0.1000000E+01  0.1000000E+00
  0.2359351E+00  0.5306204E-02  0.9000000E-01  0.5000000E+01  0.1000000E+01  0.1000000E+00
  0.2359833E+00  0.5113843E-02  0.8500000E-01  0.5000000E+01  0.1000000E+01  0.1000000E+00
  0.2360310E+00  0.4921272E-02  0.8000000E-01  0.5000000E+01  0.1000000E+01  0.1000000E+00
  0.2360783E+00  0.4728492E-02  0.7500000E-01  0.5000000E+01  0.1000000E+01  0.1000000E+00
  0.2361252E+00  0.4535505E-02  0.7000000E-01  0.5000000E+01  0.1000000E+01  0.1000000E+00
  0.2361716E+00  0.4342313E-02  0.6500000E-01  0.5000000E+01  0.1000000E+01  0.1000000E+00
  0.2362175E+00  0.4148916E-02  0.6000000E-01  0.5000000E+01  0.1000000E+01  0.1000000E+00
  0.2362630E+00  0.3955317E-02  0.5500000E-01  0.5000000E+01  0.1000000E+01  0.1000000E+00
  0.2363080E+00  0.3761518E-02  0.5000000E-01  0.5000000E+01  0.1000000E+01  0.1000000E+00

